3 0.9329545454545455 0.5 0.1340909090909091 0.993421052631579
2 0.55 0.4144736842105263 0.02727272727272727 0.039473684210526314
2 0.5409090909090909 0.5361842105263158 0.02727272727272727 0.039473684210526314
2 0.5772727272727273 0.6036184210526315 0.022727272727272728 0.03618421052631579
2 0.6011363636363637 0.5953947368421053 0.025 0.039473684210526314
2 0.6 0.24671052631578946 0.02727272727272727 0.039473684210526314
5 0.7238636363636364 0.5575657894736842 0.025 0.03618421052631579
5 0.6715909090909091 0.5756578947368421 0.025 0.03289473684210526
0 0.7897727272727273 0.6036184210526315 0.025 0.03618421052631579
0 0.5170454545454546 0.44901315789473684 0.025 0.03618421052631579
1 0.509090909090909 0.41118421052631576 0.022727272727272728 0.03289473684210526
1 0.6284090909090909 0.4375 0.025 0.03289473684210526
1 0.5829545454545455 0.5296052631578947 0.025 0.039473684210526314
1 0.6068181818181818 0.6299342105263158 0.02727272727272727 0.03618421052631579
1 0.6261363636363636 0.22532894736842105 0.025 0.03618421052631579
4 0.5034090909090909 0.46381578947368424 0.011363636363636364 0.013157894736842105