3 0.9830508474576272 0.5 0.029661016949152543 0.9938650306748467
3 0.06038135593220339 0.5 0.11652542372881355 0.9938650306748467
2 0.538135593220339 0.44171779141104295 0.025423728813559324 0.03680981595092025
2 0.6165254237288136 0.6180981595092024 0.025423728813559324 0.03987730061349693
2 0.4777542372881356 0.7822085889570553 0.023305084745762712 0.03680981595092025
2 0.3898305084745763 0.7131901840490797 0.025423728813559324 0.03987730061349693
2 0.6271186440677966 0.1687116564417178 0.025423728813559324 0.03680981595092025
5 0.4872881355932203 0.09049079754601227 0.0211864406779661 0.03374233128834356
5 0.4555084745762712 0.5766871165644172 0.0211864406779661 0.03067484662576687
0 0.4269067796610169 0.4647239263803681 0.023305084745762712 0.03374233128834356
0 0.4586864406779661 0.5352760736196319 0.023305084745762712 0.03374233128834356
1 0.4777542372881356 0.7055214723926381 0.023305084745762712 0.03680981595092025
1 0.4936440677966102 0.5705521472392638 0.025423728813559324 0.03680981595092025
1 0.4364406779661017 0.5628834355828221 0.0211864406779661 0.03374233128834356
1 0.5084745762711864 0.5260736196319018 0.0211864406779661 0.03374233128834356
1 0.5667372881355932 0.0352760736196319 0.023305084745762712 0.03374233128834356
4 0.4470338983050847 0.6947852760736196 0.00847457627118644 0.015337423312883436