3 0.0547945205479452 0.49834437086092714 0.1050228310502283 0.9966887417218543
2 0.5616438356164384 0.6225165562913907 0.0273972602739726 0.039735099337748346
2 0.6461187214611872 0.43211920529801323 0.0273972602739726 0.04304635761589404
2 0.4965753424657534 0.25496688741721857 0.02511415525114155 0.039735099337748346
2 0.4018264840182648 0.3294701986754967 0.0273972602739726 0.04304635761589404
2 0.6575342465753424 0.9172185430463576 0.0273972602739726 0.039735099337748346
5 0.5057077625570776 0.9900662251655629 0.02511415525114155 0.013245033112582781
5 0.4726027397260274 0.4768211920529801 0.0228310502283105 0.033112582781456956
0 0.4417808219178082 0.597682119205298 0.02511415525114155 0.03642384105960265
0 0.476027397260274 0.5215231788079471 0.02511415525114155 0.03642384105960265
1 0.4965753424657534 0.33774834437086093 0.02511415525114155 0.039735099337748346
1 0.5136986301369864 0.48344370860927155 0.0273972602739726 0.039735099337748346
1 0.4520547945205479 0.4917218543046358 0.0228310502283105 0.03642384105960265
1 0.5296803652968036 0.5314569536423841 0.0228310502283105 0.03642384105960265
4 0.4634703196347032 0.34933774834437087 0.0091324200913242 0.016556291390728478