3 0.9922566371681416 0.5 0.011061946902654867 0.9935897435897436
3 0.046460176991150445 0.8285256410256411 0.08849557522123894 0.33653846153846156
2 0.25995575221238937 0.17147435897435898 0.028761061946902654 0.041666666666666664
2 0.35398230088495575 0.23076923076923078 0.02654867256637168 0.038461538461538464
2 0.42146017699115046 0.25961538461538464 0.024336283185840708 0.038461538461538464
2 0.14823008849557523 0.2532051282051282 0.030973451327433628 0.04487179487179487
2 0.24557522123893805 0.28685897435897434 0.02654867256637168 0.035256410256410256
5 0.2754424778761062 0.296474358974359 0.024336283185840708 0.035256410256410256
5 0.07964601769911504 0.3733974358974359 0.02654867256637168 0.035256410256410256
0 0.2588495575221239 0.3605769230769231 0.02654867256637168 0.035256410256410256
0 0.22234513274336284 0.28365384615384615 0.024336283185840708 0.035256410256410256
1 0.23008849557522124 0.20352564102564102 0.02654867256637168 0.035256410256410256
1 0.32964601769911506 0.23557692307692307 0.022123893805309734 0.035256410256410256
1 0.26327433628318586 0.2403846153846154 0.02654867256637168 0.038461538461538464
1 0.22676991150442477 0.2483974358974359 0.028761061946902654 0.035256410256410256
1 0.24557522123893805 0.32371794871794873 0.02654867256637168 0.038461538461538464
4 0.21238938053097345 0.27403846153846156 0.008849557522123894 0.016025641025641024
3 0.04092920353982301 0.2916666666666667 0.07743362831858407 0.5769230769230769