3 0.941304347826087 0.17563291139240506 0.11304347826086956 0.3512658227848101
2 0.716304347826087 0.8338607594936709 0.02826086956521739 0.04113924050632911
2 0.6239130434782608 0.7753164556962026 0.02608695652173913 0.0379746835443038
2 0.5576086956521739 0.7468354430379747 0.02391304347826087 0.0379746835443038
2 0.8260869565217391 0.7531645569620253 0.030434782608695653 0.04430379746835443
2 0.7304347826086957 0.7199367088607594 0.02608695652173913 0.03481012658227848
5 0.7010869565217391 0.7104430379746836 0.02391304347826087 0.03481012658227848
5 0.8934782608695652 0.634493670886076 0.02608695652173913 0.03481012658227848
0 0.717391304347826 0.6471518987341772 0.02608695652173913 0.03481012658227848
0 0.7532608695652174 0.7231012658227848 0.02391304347826087 0.03481012658227848
1 0.7456521739130435 0.8022151898734177 0.02608695652173913 0.03481012658227848
1 0.6478260869565218 0.7705696202531646 0.021739130434782608 0.03481012658227848
1 0.7130434782608696 0.7658227848101266 0.02608695652173913 0.0379746835443038
1 0.7489130434782608 0.7579113924050633 0.02826086956521739 0.03481012658227848
1 0.7304347826086957 0.6835443037974683 0.02608695652173913 0.0379746835443038
4 0.7630434782608696 0.7325949367088608 0.008695652173913044 0.015822784810126583
3 0.9456521739130435 0.7136075949367089 0.10434782608695652 0.5664556962025317