3 0.041666666666666664 0.49836601307189543 0.07882882882882883 0.9967320261437909
2 0.4954954954954955 0.3349673202614379 0.02702702702702703 0.042483660130718956
2 0.4560810810810811 0.08986928104575163 0.024774774774774775 0.042483660130718956
2 0.7218468468468469 0.16993464052287582 0.024774774774774775 0.0392156862745098
2 0.884009009009009 0.1568627450980392 0.02927927927927928 0.0392156862745098
2 0.9808558558558559 0.9738562091503268 0.024774774774774775 0.0392156862745098
5 0.9932432432432432 0.4738562091503268 0.009009009009009009 0.0392156862745098
0 0.7263513513513513 0.2908496732026144 0.024774774774774775 0.0392156862745098
0 0.6948198198198198 0.40522875816993464 0.024774774774774775 0.0392156862745098
1 0.5427927927927928 0.4722222222222222 0.02702702702702703 0.03594771241830065
1 0.5641891891891891 0.08823529411764706 0.024774774774774775 0.0392156862745098
1 0.4966216216216216 0.006535947712418301 0.02927927927927928 0.013071895424836602
1 0.9932432432432432 0.5065359477124183 0.009009009009009009 0.0392156862745098
1 0.9932432432432432 0.9820261437908496 0.009009009009009009 0.03594771241830065