3 0.05357142857142857 0.49838709677419357 0.10267857142857142 0.9967741935483871
2 0.515625 0.3758064516129032 0.026785714285714284 0.041935483870967745
2 0.4765625 0.1338709677419355 0.024553571428571428 0.041935483870967745
2 0.7399553571428571 0.2129032258064516 0.024553571428571428 0.03870967741935484
2 0.9006696428571429 0.2 0.029017857142857144 0.03870967741935484
5 0.265625 0.008064516129032258 0.026785714285714284 0.016129032258064516
0 0.7444196428571429 0.33225806451612905 0.024553571428571428 0.03870967741935484
0 0.7131696428571429 0.44516129032258067 0.024553571428571428 0.03870967741935484
1 0.5625 0.5112903225806451 0.026785714285714284 0.035483870967741936
1 0.5837053571428571 0.13225806451612904 0.024553571428571428 0.03870967741935484
1 0.5178571428571429 0.03225806451612903 0.026785714285714284 0.04516129032258064