3 0.04956896551724138 0.5 0.09482758620689655 0.99375
2 0.49137931034482757 0.6171875 0.02586206896551724 0.040625
2 0.4536637931034483 0.8515625 0.023706896551724137 0.040625
2 0.7079741379310345 0.775 0.023706896551724137 0.0375
2 0.8631465517241379 0.7875 0.028017241379310345 0.0375
2 0.9547413793103449 0.0140625 0.02586206896551724 0.021875
5 0.2510775862068966 0.98125 0.028017241379310345 0.03125
5 0.978448275862069 0.4875 0.02586206896551724 0.03125
0 0.7122844827586207 0.659375 0.023706896551724137 0.0375
0 0.6821120689655172 0.55 0.023706896551724137 0.0375
1 0.5366379310344828 0.4859375 0.02586206896551724 0.034375
1 0.5571120689655172 0.853125 0.023706896551724137 0.0375
1 0.49353448275862066 0.95 0.02586206896551724 0.04375
1 0.978448275862069 0.45625 0.02586206896551724 0.03125
1 0.9795258620689655 0.009375 0.032327586206896554 0.0125
4 0.9665948275862069 0.975 0.015086206896551725 0.01875
3 0.9816810344827587 0.75 0.032327586206896554 0.49375
3 0.9881465517241379 0.2265625 0.01939655172413793 0.421875