3 0.941304347826087 0.10917721518987342 0.11304347826086956 0.21835443037974683
2 0.7130434782608696 0.8354430379746836 0.02608695652173913 0.0379746835443038
2 0.6217391304347826 0.7753164556962026 0.02608695652173913 0.0379746835443038
2 0.5565217391304348 0.745253164556962 0.02608695652173913 0.04113924050632911
2 0.7282608695652174 0.7199367088607594 0.02608695652173913 0.03481012658227848
2 0.8228260869565217 0.7579113924050633 0.02826086956521739 0.04113924050632911
5 0.6989130434782609 0.7136075949367089 0.02391304347826087 0.03481012658227848
5 0.8934782608695652 0.634493670886076 0.02608695652173913 0.03481012658227848
0 0.7141304347826087 0.6487341772151899 0.02391304347826087 0.0379746835443038
0 0.7521739130434782 0.7262658227848101 0.021739130434782608 0.03481012658227848
1 0.7445652173913043 0.8006329113924051 0.02391304347826087 0.0379746835443038
1 0.7108695652173913 0.7689873417721519 0.02608695652173913 0.0379746835443038
1 0.7456521739130435 0.759493670886076 0.02608695652173913 0.0379746835443038
1 0.6456521739130435 0.7705696202531646 0.021739130434782608 0.03481012658227848
1 0.7282608695652174 0.6835443037974683 0.02608695652173913 0.0379746835443038
4 0.7619565217391304 0.7341772151898734 0.006521739130434782 0.012658227848101266
3 0.9434782608695652 0.4462025316455696 0.10869565217391304 0.35443037974683544
3 0.9423913043478261 0.8259493670886076 0.1108695652173913 0.34177215189873417