3 0.02074688796680498 0.5 0.04149377593360996 0.9939759036144579
3 0.941908713692946 0.8689759036144579 0.11618257261410789 0.2560240963855422
2 0.7199170124481328 0.1536144578313253 0.024896265560165973 0.03614457831325301
2 0.6327800829875518 0.21084337349397592 0.024896265560165973 0.03614457831325301
2 0.5705394190871369 0.2394578313253012 0.024896265560165973 0.0391566265060241
2 0.7344398340248963 0.2635542168674699 0.024896265560165973 0.03313253012048193
2 0.8246887966804979 0.22740963855421686 0.026970954356846474 0.0391566265060241
5 0.7064315352697096 0.26957831325301207 0.022821576763485476 0.03313253012048193
5 0.8921161825726142 0.34487951807228917 0.024896265560165973 0.03313253012048193
0 0.720954356846473 0.3313253012048193 0.022821576763485476 0.03614457831325301
0 0.7572614107883817 0.2575301204819277 0.02074688796680498 0.03313253012048193
1 0.75 0.18674698795180722 0.022821576763485476 0.03614457831325301
1 0.7178423236514523 0.21686746987951808 0.024896265560165973 0.03614457831325301
1 0.7510373443983402 0.22590361445783133 0.024896265560165973 0.03614457831325301
1 0.6556016597510373 0.21536144578313254 0.02074688796680498 0.03313253012048193
1 0.7344398340248963 0.29819277108433734 0.024896265560165973 0.03614457831325301
4 0.766597510373444 0.25 0.006224066390041493 0.012048192771084338
3 0.9429460580912863 0.5240963855421686 0.10995850622406639 0.3373493975903614
3 0.941908713692946 0.16415662650602408 0.11203319502074689 0.32228915662650603