3 0.0410958904109589 0.49834437086092714 0.0776255707762557 0.9966887417218543
2 0.5 0.3741721854304636 0.0273972602739726 0.046357615894039736
2 0.7294520547945206 0.20860927152317882 0.02968036529680365 0.046357615894039736
2 0.4611872146118721 0.12582781456953643 0.0273972602739726 0.046357615894039736
2 0.8926940639269406 0.19536423841059603 0.0319634703196347 0.039735099337748346
5 0.24315068493150685 0.004966887417218543 0.02968036529680365 0.009933774834437087
0 0.7351598173515982 0.33112582781456956 0.0273972602739726 0.039735099337748346
0 0.702054794520548 0.4470198675496689 0.02511415525114155 0.039735099337748346
1 0.547945205479452 0.5182119205298014 0.0273972602739726 0.03642384105960265
1 0.569634703196347 0.12748344370860928 0.02511415525114155 0.04304635761589404
1 0.502283105022831 0.024834437086092714 0.0273972602739726 0.04304635761589404
4 0.9954337899543378 0.006622516556291391 0.0045662100456621 0.013245033112582781