3 0.006578947368421052 0.26582278481012656 0.013157894736842105 0.5316455696202531
3 0.9473684210526315 0.49841772151898733 0.10087719298245613 0.9968354430379747
2 0.4934210526315789 0.41455696202531644 0.02631578947368421 0.04430379746835443
2 0.2730263157894737 0.2563291139240506 0.02850877192982456 0.04430379746835443
2 0.5307017543859649 0.17721518987341772 0.02631578947368421 0.04430379746835443
2 0.1162280701754386 0.24367088607594936 0.03070175438596491 0.0379746835443038
5 0.006578947368421052 0.5490506329113924 0.013157894736842105 0.03481012658227848
5 0.7390350877192983 0.04430379746835443 0.02631578947368421 0.0379746835443038
0 0.2675438596491228 0.37341772151898733 0.02631578947368421 0.0379746835443038
0 0.2993421052631579 0.48417721518987344 0.02412280701754386 0.0379746835443038
1 0.4473684210526316 0.5522151898734177 0.02631578947368421 0.03481012658227848
1 0.42653508771929827 0.1787974683544304 0.02412280701754386 0.04113924050632911
1 0.49122807017543857 0.08069620253164557 0.02631578947368421 0.04113924050632911
1 0.006578947368421052 0.5806962025316456 0.013157894736842105 0.03481012658227848
4 0.010964912280701754 0.05379746835443038 0.013157894736842105 0.0189873417721519