3 0.9462719298245614 0.4572784810126582 0.10307017543859649 0.40822784810126583
2 0.7171052631578947 0.8718354430379747 0.02631578947368421 0.04113924050632911
2 0.8289473684210527 0.7943037974683544 0.02631578947368421 0.0379746835443038
2 0.731359649122807 0.7563291139240507 0.02412280701754386 0.03164556962025317
2 0.5581140350877193 0.7832278481012658 0.02412280701754386 0.03481012658227848
2 0.625 0.8132911392405063 0.02631578947368421 0.0379746835443038
5 0.7028508771929824 0.75 0.02412280701754386 0.03164556962025317
5 0.8980263157894737 0.6724683544303798 0.02412280701754386 0.03481012658227848
0 0.7182017543859649 0.685126582278481 0.02412280701754386 0.03481012658227848
0 0.756578947368421 0.7626582278481012 0.021929824561403508 0.03164556962025317
1 0.7478070175438597 0.8401898734177216 0.021929824561403508 0.028481012658227847
1 0.6502192982456141 0.8069620253164557 0.019736842105263157 0.03164556962025317
1 0.7171052631578947 0.8069620253164557 0.021929824561403508 0.03164556962025317
1 0.7510964912280702 0.7958860759493671 0.02412280701754386 0.03481012658227848
1 0.7335526315789473 0.7215189873417721 0.02412280701754386 0.03164556962025317
4 0.7664473684210527 0.7705696202531646 0.006578947368421052 0.015822784810126583
3 0.9462719298245614 0.8433544303797469 0.10307017543859649 0.3069620253164557