3 0.01962809917355372 0.5 0.03925619834710744 0.9940119760479041
3 0.9390495867768595 0.5 0.12190082644628099 0.9940119760479041
2 0.5681818181818182 0.24550898203592814 0.024793388429752067 0.03592814371257485
2 0.6291322314049587 0.2125748502994012 0.026859504132231406 0.03592814371257485
2 0.7262396694214877 0.23502994011976047 0.01859504132231405 0.03293413173652695
2 0.7479338842975206 0.23353293413173654 0.024793388429752067 0.03592814371257485
2 0.8088842975206612 0.16167664670658682 0.026859504132231406 0.03592814371257485
5 0.6859504132231405 0.3008982035928144 0.02066115702479339 0.03293413173652695
5 0.7055785123966942 0.22904191616766467 0.022727272727272728 0.03293413173652695
0 0.6590909090909091 0.24850299401197604 0.02066115702479339 0.029940119760479042
0 0.7159090909090909 0.1781437125748503 0.022727272727272728 0.03293413173652695
1 0.7396694214876033 0.33083832335329344 0.024793388429752067 0.038922155688622756
1 0.6673553719008265 0.21107784431137724 0.024793388429752067 0.03293413173652695
1 0.7644628099173554 0.2559880239520958 0.024793388429752067 0.038922155688622756
1 0.8264462809917356 0.19011976047904192 0.024793388429752067 0.03293413173652695
1 0.7851239669421488 0.12125748502994012 0.024793388429752067 0.03293413173652695
4 0.6973140495867769 0.30988023952095806 0.006198347107438017 0.014970059880239521