3 0.9795258620689655 0.5 0.036637931034482756 1
3 0.04310344827586207 0.4984375 0.08189655172413793 0.996875
2 0.4073275862068966 0.7625 0.02586206896551724 0.0375
2 0.34375 0.796875 0.028017241379310345 0.0375
2 0.24245689655172414 0.7734375 0.01939655172413793 0.034375
2 0.21982758620689655 0.775 0.02586206896551724 0.0375
2 0.15625 0.85 0.028017241379310345 0.0375
5 0.28448275862068967 0.7046875 0.021551724137931036 0.034375
5 0.2640086206896552 0.7796875 0.023706896551724137 0.034375
0 0.3125 0.759375 0.021551724137931036 0.03125
0 0.25323275862068967 0.8328125 0.023706896551724137 0.034375
1 0.22844827586206898 0.6734375 0.02586206896551724 0.040625
1 0.30387931034482757 0.7984375 0.02586206896551724 0.034375
1 0.2025862068965517 0.7515625 0.02586206896551724 0.040625
1 0.13793103448275862 0.8203125 0.02586206896551724 0.034375
1 0.1810344827586207 0.8921875 0.02586206896551724 0.034375
4 0.27262931034482757 0.6953125 0.00646551724137931 0.015625