3 0.01293103448275862 0.4984375 0.02586206896551724 0.996875
3 0.9504310344827587 0.4984375 0.09482758620689655 0.996875
2 0.5797413793103449 0.7625 0.02586206896551724 0.0375
2 0.6433189655172413 0.796875 0.028017241379310345 0.0375
2 0.7446120689655172 0.7734375 0.01939655172413793 0.034375
2 0.7672413793103449 0.775 0.02586206896551724 0.0375
2 0.8308189655172413 0.85 0.028017241379310345 0.0375
5 0.7025862068965517 0.7046875 0.021551724137931036 0.034375
5 0.7230603448275862 0.7796875 0.023706896551724137 0.034375
0 0.6745689655172413 0.759375 0.021551724137931036 0.03125
0 0.7338362068965517 0.8328125 0.023706896551724137 0.034375
1 0.7586206896551724 0.6734375 0.02586206896551724 0.040625
1 0.6831896551724138 0.7984375 0.02586206896551724 0.034375
1 0.7844827586206896 0.7515625 0.02586206896551724 0.040625
1 0.8491379310344828 0.8203125 0.02586206896551724 0.034375
1 0.8060344827586207 0.8921875 0.02586206896551724 0.034375
4 0.7144396551724138 0.6953125 0.00646551724137931 0.015625