3 0.989406779661017 0.5 0.01694915254237288 0.9938650306748467
3 0.0614406779661017 0.9340490797546013 0.11864406779661017 0.12576687116564417
2 0.15148305084745764 0.10736196319018405 0.02754237288135593 0.04294478527607362
2 0.17478813559322035 0.20245398773006135 0.02754237288135593 0.03680981595092025
2 0.3834745762711864 0.2116564417177914 0.025423728813559324 0.03680981595092025
2 0.2849576271186441 0.3205521472392638 0.023305084745762712 0.03374233128834356
2 0.1663135593220339 0.3159509202453988 0.023305084745762712 0.03680981595092025
5 0.2489406779661017 0.2852760736196319 0.023305084745762712 0.03680981595092025
5 0.2669491525423729 0.30214723926380366 0.0211864406779661 0.03374233128834356
0 0.274364406779661 0.2331288343558282 0.023305084745762712 0.03680981595092025
0 0.1906779661016949 0.1196319018404908 0.025423728813559324 0.03680981595092025
1 0.17266949152542374 0.1687116564417178 0.023305084745762712 0.03067484662576687
1 0.16101694915254236 0.2561349693251534 0.025423728813559324 0.03374233128834356
1 0.22245762711864406 0.2147239263803681 0.025423728813559324 0.03680981595092025
1 0.2330508474576271 0.25920245398773006 0.025423728813559324 0.03374233128834356
1 0.2595338983050847 0.34202453987730064 0.023305084745762712 0.03374233128834356
4 0.2764830508474576 0.34049079754601225 0.01059322033898305 0.012269938650306749
3 0.057203389830508475 0.30214723926380366 0.11016949152542373 0.598159509202454