3 0.01962809917355372 0.49850299401197606 0.03925619834710744 0.9970059880239521
3 0.9390495867768595 0.06287425149700598 0.11776859504132231 0.12574850299401197
2 0.8481404958677686 0.8712574850299402 0.026859504132231406 0.041916167664670656
2 0.8254132231404959 0.7784431137724551 0.026859504132231406 0.03592814371257485
2 0.621900826446281 0.7694610778443114 0.024793388429752067 0.03592814371257485
2 0.7179752066115702 0.6631736526946108 0.022727272727272728 0.03293413173652695
2 0.8336776859504132 0.6676646706586826 0.022727272727272728 0.03592814371257485
5 0.753099173553719 0.6976047904191617 0.022727272727272728 0.03592814371257485
5 0.7355371900826446 0.6811377245508982 0.02066115702479339 0.03293413173652695
0 0.7283057851239669 0.7485029940119761 0.022727272727272728 0.03592814371257485
0 0.8099173553719008 0.8592814371257484 0.024793388429752067 0.03592814371257485
1 0.8274793388429752 0.811377245508982 0.022727272727272728 0.029940119760479042
1 0.8388429752066116 0.7260479041916168 0.024793388429752067 0.03293413173652695
1 0.7789256198347108 0.7664670658682635 0.024793388429752067 0.03592814371257485
1 0.768595041322314 0.7230538922155688 0.024793388429752067 0.03293413173652695
1 0.7427685950413223 0.6422155688622755 0.022727272727272728 0.03293413173652695
4 0.7262396694214877 0.6437125748502994 0.010330578512396695 0.011976047904191617
3 0.9421487603305785 0.6931137724550899 0.1115702479338843 0.6077844311377245