3 0.015625 0.4984848484848485 0.03125 0.996969696969697
3 0.9385416666666667 0.06363636363636363 0.11875 0.12727272727272726
2 0.846875 0.8818181818181818 0.027083333333333334 0.04242424242424243
2 0.8239583333333333 0.7878787878787878 0.027083333333333334 0.03636363636363636
2 0.61875 0.7787878787878788 0.025 0.03636363636363636
2 0.715625 0.6712121212121213 0.022916666666666665 0.03333333333333333
2 0.8322916666666667 0.6757575757575758 0.022916666666666665 0.03636363636363636
5 0.7510416666666667 0.706060606060606 0.022916666666666665 0.03636363636363636
5 0.7333333333333333 0.6893939393939394 0.020833333333333332 0.03333333333333333
0 0.7260416666666667 0.7575757575757576 0.022916666666666665 0.03636363636363636
0 0.8083333333333333 0.8696969696969697 0.025 0.03636363636363636
1 0.8260416666666667 0.8212121212121212 0.022916666666666665 0.030303030303030304
1 0.8375 0.7348484848484849 0.025 0.03333333333333333
1 0.7770833333333333 0.7757575757575758 0.025 0.03636363636363636
1 0.7666666666666667 0.7318181818181818 0.025 0.03333333333333333
1 0.740625 0.65 0.022916666666666665 0.03333333333333333
4 0.7239583333333334 0.6515151515151515 0.010416666666666666 0.012121212121212121
3 0.9416666666666667 0.6954545454545454 0.1125 0.603030303030303