3 0.9878318584070797 0.5 0.01991150442477876 1
3 0.04424778761061947 0.4983974358974359 0.084070796460177 0.9967948717948718
2 0.49557522123893805 0.36217948717948717 0.02654867256637168 0.038461538461538464
2 0.5110619469026548 0.2724358974358974 0.02654867256637168 0.038461538461538464
2 0.7168141592920354 0.20192307692307693 0.02654867256637168 0.038461538461538464
2 0.793141592920354 0.09455128205128205 0.024336283185840708 0.035256410256410256
2 0.8761061946902655 0.1875 0.030973451327433628 0.041666666666666664
5 0.7743362831858407 0.3157051282051282 0.02654867256637168 0.035256410256410256
5 0.49557522123893805 0.22596153846153846 0.02654867256637168 0.035256410256410256
0 0.32079646017699115 0.14423076923076922 0.022123893805309734 0.038461538461538464
0 0.7212389380530974 0.32211538461538464 0.02654867256637168 0.035256410256410256
1 0.7245575221238938 0.28365384615384615 0.024336283185840708 0.035256410256410256
1 0.6050884955752213 0.23397435897435898 0.024336283185840708 0.038461538461538464
1 0.4889380530973451 0.328525641025641 0.022123893805309734 0.035256410256410256
1 0.540929203539823 0.5 0.024336283185840708 0.038461538461538464
1 0.9811946902654868 0.8125 0.028761061946902654 0.041666666666666664
4 0.7511061946902655 0.5016025641025641 0.011061946902654867 0.016025641025641024