3 0.01059322033898305 0.5 0.0211864406779661 0.9938650306748467
3 0.940677966101695 0.8251533742331288 0.11864406779661017 0.34355828220858897
2 0.614406779661017 0.2147239263803681 0.025423728813559324 0.03680981595092025
2 0.746822033898305 0.17484662576687116 0.023305084745762712 0.03680981595092025
2 0.711864406779661 0.19631901840490798 0.0211864406779661 0.03680981595092025
2 0.6896186440677966 0.29141104294478526 0.023305084745762712 0.03680981595092025
2 0.6875 0.3266871165644172 0.023305084745762712 0.03374233128834356
5 0.7245762711864406 0.17024539877300612 0.0211864406779661 0.03374233128834356
5 0.663135593220339 0.23006134969325154 0.0211864406779661 0.03067484662576687
0 0.6917372881355932 0.20398773006134968 0.023305084745762712 0.03374233128834356
0 0.7934322033898306 0.147239263803681 0.023305084745762712 0.03067484662576687
1 0.6800847457627118 0.12116564417177914 0.025423728813559324 0.03374233128834356
1 0.7807203389830508 0.19171779141104295 0.023305084745762712 0.027607361963190184
1 0.7658898305084746 0.21779141104294478 0.023305084745762712 0.03067484662576687
1 0.6758474576271186 0.25766871165644173 0.0211864406779661 0.03067484662576687
1 0.6620762711864406 0.3052147239263804 0.023305084745762712 0.03374233128834356
4 0.7235169491525424 0.34202453987730064 0.01059322033898305 0.015337423312883436
3 0.9438559322033898 0.2960122699386503 0.10805084745762712 0.5858895705521472