3 0.9426406926406926 0.8286163522012578 0.11471861471861472 0.33647798742138363
2 0.6125541125541125 0.21069182389937108 0.025974025974025976 0.03773584905660377
2 0.7478354978354979 0.16981132075471697 0.023809523809523808 0.03773584905660377
2 0.7121212121212122 0.1918238993710692 0.021645021645021644 0.03773584905660377
2 0.6893939393939394 0.2893081761006289 0.023809523809523808 0.03773584905660377
2 0.6872294372294372 0.32547169811320753 0.023809523809523808 0.03459119496855346
5 0.7251082251082251 0.1650943396226415 0.021645021645021644 0.03459119496855346
5 0.6623376623376623 0.22641509433962265 0.021645021645021644 0.031446540880503145
0 0.6915584415584416 0.19968553459119498 0.023809523809523808 0.03459119496855346
0 0.7954545454545454 0.14150943396226415 0.023809523809523808 0.031446540880503145
1 0.6796536796536796 0.11477987421383648 0.025974025974025976 0.03459119496855346
1 0.7824675324675324 0.1871069182389937 0.023809523809523808 0.02830188679245283
1 0.7673160173160173 0.2138364779874214 0.023809523809523808 0.031446540880503145
1 0.6753246753246753 0.25471698113207547 0.021645021645021644 0.031446540880503145
1 0.6612554112554112 0.30345911949685533 0.023809523809523808 0.03459119496855346
4 0.724025974025974 0.3411949685534591 0.010822510822510822 0.015723270440251572
3 0.9458874458874459 0.29874213836477986 0.1038961038961039 0.5911949685534591