3 0.02151639344262295 0.5 0.0430327868852459 1
3 0.9344262295081968 0.5 0.12704918032786885 1
2 0.4918032786885246 0.39285714285714285 0.02459016393442623 0.03571428571428571
2 0.4774590163934426 0.30952380952380953 0.02459016393442623 0.03571428571428571
2 0.28688524590163933 0.24404761904761904 0.02459016393442623 0.03571428571428571
2 0.21618852459016394 0.14434523809523808 0.022540983606557378 0.03273809523809524
2 0.13934426229508196 0.23065476190476192 0.028688524590163935 0.03869047619047619
5 0.2336065573770492 0.34970238095238093 0.02459016393442623 0.03273809523809524
5 0.4918032786885246 0.2663690476190476 0.02459016393442623 0.03273809523809524
0 0.6536885245901639 0.19047619047619047 0.020491803278688523 0.03571428571428571
0 0.2827868852459016 0.3556547619047619 0.02459016393442623 0.03273809523809524
1 0.2797131147540984 0.31994047619047616 0.022540983606557378 0.03273809523809524
1 0.39036885245901637 0.27380952380952384 0.022540983606557378 0.03571428571428571
1 0.4979508196721312 0.36160714285714285 0.020491803278688523 0.03273809523809524
1 0.44979508196721313 0.5208333333333334 0.022540983606557378 0.03571428571428571
1 0.042008196721311473 0.8110119047619048 0.02663934426229508 0.03869047619047619
4 0.2551229508196721 0.5223214285714286 0.010245901639344262 0.01488095238095238