3 0.9802904564315352 0.5 0.035269709543568464 0.9939759036144579
3 0.061203319502074686 0.8283132530120482 0.11825726141078838 0.3373493975903614
2 0.3796680497925311 0.2289156626506024 0.024896265560165973 0.03614457831325301
2 0.25 0.1897590361445783 0.022821576763485476 0.03614457831325301
2 0.2842323651452282 0.21084337349397592 0.02074688796680498 0.03614457831325301
2 0.30601659751037347 0.3042168674698795 0.022821576763485476 0.03614457831325301
2 0.30809128630705396 0.338855421686747 0.022821576763485476 0.03313253012048193
5 0.2717842323651452 0.1852409638554217 0.02074688796680498 0.03313253012048193
5 0.33195020746887965 0.24397590361445784 0.02074688796680498 0.030120481927710843
0 0.3039419087136929 0.2183734939759036 0.022821576763485476 0.03313253012048193
0 0.20435684647302904 0.16265060240963855 0.022821576763485476 0.030120481927710843
1 0.3153526970954357 0.13704819277108435 0.024896265560165973 0.03313253012048193
1 0.21680497925311204 0.2063253012048193 0.022821576763485476 0.02710843373493976
1 0.23132780082987553 0.2319277108433735 0.022821576763485476 0.030120481927710843
1 0.31950207468879666 0.2710843373493976 0.02074688796680498 0.030120481927710843
1 0.3329875518672199 0.3177710843373494 0.022821576763485476 0.03313253012048193
4 0.27282157676348545 0.3539156626506024 0.01037344398340249 0.015060240963855422
3 0.056016597510373446 0.2996987951807229 0.1078838174273859 0.5933734939759037