3 0.013771186440677966 0.49846625766871167 0.02754237288135593 0.9969325153374233
3 0.9427966101694916 0.0736196319018405 0.11016949152542373 0.147239263803681
2 0.7298728813559322 0.7254601226993865 0.023305084745762712 0.03374233128834356
2 0.7086864406779662 0.7039877300613497 0.023305084745762712 0.03374233128834356
2 0.6917372881355932 0.6840490797546013 0.023305084745762712 0.03067484662576687
2 0.6917372881355932 0.6487730061349694 0.023305084745762712 0.03374233128834356
2 0.6228813559322034 0.7837423312883436 0.025423728813559324 0.03987730061349693
5 0.6927966101694916 0.8450920245398773 0.0211864406779661 0.03374233128834356
5 0.6578389830508474 0.754601226993865 0.023305084745762712 0.03067484662576687
0 0.7023305084745762 0.7423312883435583 0.023305084745762712 0.03067484662576687
0 0.6864406779661016 0.7745398773006135 0.0211864406779661 0.03374233128834356
1 0.6864406779661016 0.8788343558282209 0.025423728813559324 0.03374233128834356
1 0.6790254237288136 0.7392638036809815 0.023305084745762712 0.03680981595092025
1 0.6684322033898306 0.6901840490797546 0.023305084745762712 0.03680981595092025
1 0.7383474576271186 0.6886503067484663 0.023305084745762712 0.03374233128834356
1 0.725635593220339 0.6441717791411042 0.023305084745762712 0.03067484662576687
4 0.7065677966101694 0.6671779141104295 0.01059322033898305 0.015337423312883436
3 0.9459745762711864 0.6733128834355828 0.1038135593220339 0.647239263803681