3 0.016163793103448277 0.5 0.032327586206896554 0.99375
3 0.9525862068965517 0.9296875 0.09482758620689655 0.134375
2 0.7446120689655172 0.2734375 0.023706896551724137 0.034375
2 0.7230603448275862 0.2953125 0.023706896551724137 0.034375
2 0.7058189655172413 0.315625 0.023706896551724137 0.03125
2 0.7058189655172413 0.3515625 0.023706896551724137 0.034375
2 0.6357758620689655 0.2140625 0.02586206896551724 0.040625
5 0.7068965517241379 0.1515625 0.021551724137931036 0.034375
5 0.6713362068965517 0.24375 0.023706896551724137 0.03125
0 0.7165948275862069 0.25625 0.023706896551724137 0.03125
0 0.7004310344827587 0.2234375 0.021551724137931036 0.034375
1 0.7004310344827587 0.1171875 0.02586206896551724 0.034375
1 0.6928879310344828 0.259375 0.023706896551724137 0.0375
1 0.6821120689655172 0.309375 0.023706896551724137 0.0375
1 0.7532327586206896 0.3109375 0.023706896551724137 0.034375
1 0.740301724137931 0.35625 0.023706896551724137 0.03125
4 0.7209051724137931 0.3328125 0.010775862068965518 0.015625
3 0.9547413793103449 0.3296875 0.08620689655172414 0.653125