3 0.056919642857142856 0.9209677419354839 0.109375 0.15161290322580645
2 0.27566964285714285 0.23709677419354838 0.024553571428571428 0.035483870967741936
2 0.29799107142857145 0.25967741935483873 0.024553571428571428 0.035483870967741936
2 0.3158482142857143 0.2806451612903226 0.024553571428571428 0.03225806451612903
2 0.3158482142857143 0.317741935483871 0.024553571428571428 0.035483870967741936
2 0.38839285714285715 0.17580645161290323 0.026785714285714284 0.041935483870967745
5 0.31473214285714285 0.11129032258064517 0.022321428571428572 0.035483870967741936
5 0.3515625 0.2064516129032258 0.024553571428571428 0.03225806451612903
0 0.3046875 0.21935483870967742 0.024553571428571428 0.03225806451612903
0 0.32142857142857145 0.18548387096774194 0.022321428571428572 0.035483870967741936
1 0.32142857142857145 0.07580645161290323 0.026785714285714284 0.035483870967741936
1 0.32924107142857145 0.22258064516129034 0.024553571428571428 0.03870967741935484
1 0.3404017857142857 0.27419354838709675 0.024553571428571428 0.03870967741935484
1 0.26674107142857145 0.27580645161290324 0.024553571428571428 0.035483870967741936
1 0.28013392857142855 0.3225806451612903 0.024553571428571428 0.03225806451612903
4 0.3002232142857143 0.29838709677419356 0.011160714285714286 0.016129032258064516
3 0.052455357142857144 0.317741935483871 0.10044642857142858 0.6290322580645161