3 0.01463963963963964 0.5 0.02927927927927928 0.9934640522875817
3 0.9673423423423423 0.5 0.06531531531531531 0.9934640522875817
2 0.48986486486486486 0.03594771241830065 0.024774774774774775 0.0392156862745098
2 0.536036036036036 0.5800653594771242 0.02702702702702703 0.042483660130718956
2 0.28153153153153154 0.5849673202614379 0.02252252252252252 0.032679738562091505
2 0.2916666666666667 0.7483660130718954 0.02927927927927928 0.0392156862745098
2 0.34234234234234234 0.4215686274509804 0.02702702702702703 0.0392156862745098
5 0.5180180180180181 0.7254901960784313 0.02252252252252252 0.032679738562091505
5 0.21846846846846846 0.6062091503267973 0.02702702702702703 0.03594771241830065
0 0.5157657657657657 0.6470588235294118 0.02252252252252252 0.0392156862745098
0 0.6475225225225225 0.03758169934640523 0.024774774774774775 0.042483660130718956
1 0.024774774774774775 0.12745098039215685 0.03153153153153153 0.0392156862745098
1 0.40540540540540543 0.7173202614379085 0.02252252252252252 0.03594771241830065
1 0.5472972972972973 0.619281045751634 0.02252252252252252 0.03594771241830065
1 0.38400900900900903 0.6339869281045751 0.024774774774774775 0.0392156862745098
1 0.47184684684684686 0.44607843137254904 0.024774774774774775 0.03594771241830065
4 0.25788288288288286 0.44281045751633985 0.01126126126126126 0.016339869281045753