3 0.9783057851239669 0.5 0.03925619834710744 0.9940119760479041
3 0.06508264462809918 0.5 0.12603305785123967 0.9940119760479041
2 0.5340909090909091 0.10179640718562874 0.022727272727272728 0.041916167664670656
2 0.6694214876033058 0.4550898203592814 0.024793388429752067 0.03592814371257485
2 0.7262396694214877 0.6062874251497006 0.022727272727272728 0.03293413173652695
2 0.493801652892562 0.5988023952095808 0.024793388429752067 0.03592814371257485
2 0.7159090909090909 0.7559880239520959 0.022727272727272728 0.03293413173652695
5 0.5082644628099173 0.7335329341317365 0.02066115702479339 0.029940119760479042
5 0.7830578512396694 0.624251497005988 0.024793388429752067 0.03293413173652695
0 0.5092975206611571 0.6601796407185628 0.022727272727272728 0.03293413173652695
0 0.390495867768595 0.09880239520958084 0.02066115702479339 0.03592814371257485
1 0.612603305785124 0.7260479041916168 0.01859504132231405 0.03293413173652695
1 0.48140495867768596 0.6362275449101796 0.02066115702479339 0.03293413173652695
1 0.5526859504132231 0.47754491017964074 0.022727272727272728 0.03293413173652695
1 0.9617768595041323 0.18413173652694612 0.026859504132231406 0.03293413173652695
1 0.6322314049586777 0.6511976047904192 0.024793388429752067 0.038922155688622756
4 0.746900826446281 0.47604790419161674 0.010330578512396695 0.011976047904191617