3 0.022727272727272728 0.5 0.045454545454545456 0.9940119760479041
3 0.9380165289256198 0.5 0.12396694214876033 0.9940119760479041
2 0.46797520661157027 0.10778443113772455 0.022727272727272728 0.041916167664670656
2 0.33264462809917356 0.46107784431137727 0.024793388429752067 0.03592814371257485
2 0.27582644628099173 0.6122754491017964 0.022727272727272728 0.03293413173652695
2 0.5082644628099173 0.6047904191616766 0.024793388429752067 0.03592814371257485
2 0.28615702479338845 0.7619760479041916 0.022727272727272728 0.03293413173652695
5 0.493801652892562 0.7395209580838323 0.02066115702479339 0.029940119760479042
5 0.2190082644628099 0.6302395209580839 0.024793388429752067 0.03293413173652695
0 0.4927685950413223 0.6661676646706587 0.022727272727272728 0.03293413173652695
0 0.6115702479338843 0.10479041916167664 0.02066115702479339 0.03592814371257485
1 0.3894628099173554 0.7320359281437125 0.01859504132231405 0.03293413173652695
1 0.5206611570247934 0.6422155688622755 0.02066115702479339 0.03293413173652695
1 0.4493801652892562 0.48353293413173654 0.022727272727272728 0.03293413173652695
1 0.040289256198347105 0.19011976047904192 0.026859504132231406 0.03293413173652695
1 0.36983471074380164 0.657185628742515 0.024793388429752067 0.038922155688622756
4 0.25516528925619836 0.4820359281437126 0.010330578512396695 0.011976047904191617