3 0.059267241379310345 0.5 0.11422413793103449 0.99375
2 0.2672413793103448 0.15 0.021551724137931036 0.03125
2 0.14224137931034483 0.1390625 0.02586206896551724 0.034375
2 0.1540948275862069 0.1734375 0.023706896551724137 0.034375
2 0.16594827586206898 0.2328125 0.02586206896551724 0.034375
2 0.38362068965517243 0.209375 0.02586206896551724 0.0375
5 0.3125 0.1453125 0.021551724137931036 0.034375
5 0.34913793103448276 0.2375 0.021551724137931036 0.03125
0 0.32112068965517243 0.2109375 0.021551724137931036 0.034375
0 0.2607758620689655 0.0734375 0.021551724137931036 0.034375
1 0.13469827586206898 0.209375 0.023706896551724137 0.03125
1 0.2683189655172414 0.203125 0.023706896551724137 0.03125
1 0.3275862068965517 0.25 0.021551724137931036 0.0375
1 0.33620689655172414 0.2859375 0.021551724137931036 0.034375
1 0.32004310344827586 0.1125 0.023706896551724137 0.03125
4 0.1713362068965517 0.1859375 0.010775862068965518 0.015625