3 0.9795081967213115 0.5 0.036885245901639344 0.9940652818991098
3 0.06454918032786885 0.5 0.125 0.9940652818991098
2 0.27049180327868855 0.17804154302670624 0.020491803278688523 0.02967359050445104
2 0.15163934426229508 0.16765578635014836 0.02459016393442623 0.032640949554896145
2 0.16290983606557377 0.20029673590504452 0.022540983606557378 0.032640949554896145
2 0.17418032786885246 0.25667655786350146 0.02459016393442623 0.032640949554896145
2 0.38114754098360654 0.2344213649851632 0.02459016393442623 0.03560830860534125
5 0.3135245901639344 0.17359050445103857 0.020491803278688523 0.032640949554896145
5 0.3483606557377049 0.26112759643916916 0.020491803278688523 0.02967359050445104
0 0.32172131147540983 0.23590504451038577 0.020491803278688523 0.032640949554896145
0 0.26434426229508196 0.10534124629080119 0.020491803278688523 0.032640949554896145
1 0.1444672131147541 0.2344213649851632 0.022540983606557378 0.02967359050445104
1 0.27151639344262296 0.228486646884273 0.022540983606557378 0.02967359050445104
1 0.32786885245901637 0.27299703264094954 0.020491803278688523 0.03560830860534125
1 0.3360655737704918 0.30712166172106825 0.020491803278688523 0.032640949554896145
1 0.3206967213114754 0.142433234421365 0.022540983606557378 0.02967359050445104
4 0.17930327868852458 0.21216617210682492 0.010245901639344262 0.01483679525222552