3 0.9323394495412844 0.49833333333333335 0.13073394495412843 0.9966666666666667
2 0.5802752293577982 0.815 0.027522935779816515 0.043333333333333335
2 0.7041284403669725 0.795 0.027522935779816515 0.03666666666666667
2 0.7029816513761468 0.8783333333333333 0.02522935779816514 0.03666666666666667
2 0.8371559633027523 0.89 0.027522935779816515 0.04
2 0.8245412844036697 0.855 0.02522935779816514 0.03666666666666667
5 0.5940366972477065 0.785 0.022935779816513763 0.03666666666666667
5 0.6261467889908257 0.8783333333333333 0.022935779816513763 0.03666666666666667
0 0.6559633027522935 0.6933333333333334 0.022935779816513763 0.03333333333333333
0 0.6135321100917431 0.835 0.02522935779816514 0.03666666666666667
1 0.6387614678899083 0.8383333333333334 0.02522935779816514 0.03666666666666667
1 0.6639908256880734 0.9083333333333333 0.02522935779816514 0.03666666666666667
1 0.8451834862385321 0.8166666666666667 0.02522935779816514 0.03333333333333333
1 0.6043577981651376 0.63 0.02522935779816514 0.04
1 0.5355504587155964 0.5666666666666667 0.02522935779816514 0.04
4 0.8061926605504587 0.8416666666666667 0.011467889908256881 0.016666666666666666