3 0.9813278008298755 0.5 0.03319502074688797 1
3 0.061203319502074686 0.49849397590361444 0.11825726141078838 0.9969879518072289
2 0.3796680497925311 0.7725903614457831 0.024896265560165973 0.0391566265060241
2 0.2676348547717842 0.7545180722891566 0.024896265560165973 0.03313253012048193
2 0.26867219917012447 0.8298192771084337 0.022821576763485476 0.03313253012048193
2 0.14730290456431536 0.8403614457831325 0.024896265560165973 0.03614457831325301
2 0.15871369294605808 0.8087349397590361 0.022821576763485476 0.03313253012048193
5 0.36721991701244816 0.7454819277108434 0.02074688796680498 0.03313253012048193
5 0.3381742738589212 0.8298192771084337 0.02074688796680498 0.03313253012048193
0 0.3112033195020747 0.6626506024096386 0.02074688796680498 0.030120481927710843
0 0.3495850622406639 0.7906626506024096 0.022821576763485476 0.03313253012048193
1 0.32676348547717843 0.7936746987951807 0.022821576763485476 0.03313253012048193
1 0.3039419087136929 0.8569277108433735 0.022821576763485476 0.03313253012048193
1 0.1400414937759336 0.7740963855421686 0.022821576763485476 0.030120481927710843
1 0.3578838174273859 0.6054216867469879 0.022821576763485476 0.03614457831325301
1 0.42012448132780084 0.5481927710843374 0.022821576763485476 0.03614457831325301
4 0.17531120331950206 0.7966867469879518 0.01037344398340249 0.015060240963855422