3 0.06167400881057269 0.5 0.11894273127753303 0.9936305732484076
2 0.394273127753304 0.24044585987261147 0.02643171806167401 0.041401273885350316
2 0.2753303964757709 0.25955414012738853 0.02643171806167401 0.03503184713375796
2 0.276431718061674 0.17993630573248406 0.024229074889867842 0.03503184713375796
2 0.14757709251101322 0.16878980891719744 0.02643171806167401 0.03821656050955414
2 0.15969162995594713 0.20222929936305734 0.024229074889867842 0.03503184713375796
5 0.381057268722467 0.26910828025477707 0.022026431718061675 0.03503184713375796
5 0.3502202643171806 0.17993630573248406 0.022026431718061675 0.03503184713375796
0 0.32158590308370044 0.35668789808917195 0.022026431718061675 0.03184713375796178
0 0.3623348017621145 0.2213375796178344 0.024229074889867842 0.03503184713375796
1 0.3381057268722467 0.21815286624203822 0.024229074889867842 0.03503184713375796
1 0.31387665198237885 0.15127388535031847 0.024229074889867842 0.03503184713375796
1 0.13986784140969163 0.23885350318471338 0.024229074889867842 0.03184713375796178
1 0.3711453744493392 0.4171974522292994 0.024229074889867842 0.03821656050955414
1 0.43722466960352424 0.47770700636942676 0.024229074889867842 0.03821656050955414
4 0.17731277533039647 0.21496815286624205 0.011013215859030838 0.01592356687898089