3 0.9823788546255506 0.5 0.030837004405286344 0.9936305732484076
3 0.037444933920704845 0.89171974522293 0.07048458149779736 0.21019108280254778
2 0.2301762114537445 0.2898089171974522 0.028634361233480177 0.03184713375796178
2 0.19273127753303965 0.3471337579617834 0.028634361233480177 0.03184713375796178
2 0.29845814977973567 0.2961783439490446 0.024229074889867842 0.03821656050955414
2 0.512114537444934 0.4124203821656051 0.024229074889867842 0.03503184713375796
5 0.2775330396475771 0.1942675159235669 0.022026431718061675 0.03184713375796178
5 0.1828193832599119 0.40764331210191085 0.022026431718061675 0.03184713375796178
0 0.22136563876651982 0.37898089171974525 0.024229074889867842 0.03184713375796178
2 0.34140969162995594 0.18471337579617833 0.022026431718061675 0.03184713375796178
0 0.3920704845814978 0.1449044585987261 0.022026431718061675 0.03503184713375796
1 0.43061674008810574 0.27229299363057324 0.024229074889867842 0.03503184713375796
1 0.355726872246696 0.2643312101910828 0.024229074889867842 0.03184713375796178
1 0.3634361233480176 0.21815286624203822 0.02643171806167401 0.03503184713375796
1 0.3237885462555066 0.2961783439490446 0.022026431718061675 0.03184713375796178
1 0.24669603524229075 0.33121019108280253 0.02643171806167401 0.03184713375796178
4 0.3766519823788546 0.14171974522292993 0.00881057268722467 0.01592356687898089
3 0.031938325991189426 0.7038216560509554 0.05947136563876652 0.07006369426751592
3 0.03303964757709251 0.31528662420382164 0.06167400881057269 0.6242038216560509