3 0.9931506849315068 0.5 0.0091324200913242 1
3 0.030821917808219176 0.11754966887417219 0.05707762557077625 0.23509933774834438
2 0.22488584474885845 0.7516556291390728 0.02968036529680365 0.033112582781456956
2 0.1860730593607306 0.6920529801324503 0.02968036529680365 0.033112582781456956
2 0.295662100456621 0.7450331125827815 0.02511415525114155 0.039735099337748346
2 0.5171232876712328 0.6241721854304636 0.02511415525114155 0.03642384105960265
5 0.273972602739726 0.8509933774834437 0.0228310502283105 0.033112582781456956
5 0.17579908675799086 0.6291390728476821 0.0228310502283105 0.033112582781456956
0 0.21575342465753425 0.6589403973509934 0.02511415525114155 0.033112582781456956
2 0.3401826484018265 0.8609271523178808 0.0228310502283105 0.033112582781456956
0 0.3926940639269406 0.902317880794702 0.0228310502283105 0.03642384105960265
1 0.432648401826484 0.7698675496688742 0.02511415525114155 0.03642384105960265
1 0.3550228310502283 0.7781456953642384 0.02511415525114155 0.033112582781456956
1 0.363013698630137 0.8261589403973509 0.0273972602739726 0.03642384105960265
1 0.3219178082191781 0.7450331125827815 0.0228310502283105 0.033112582781456956
1 0.2420091324200913 0.7086092715231788 0.0273972602739726 0.033112582781456956
4 0.3767123287671233 0.9056291390728477 0.0091324200913242 0.016556291390728478
3 0.026255707762557076 0.3211920529801324 0.04794520547945205 0.0728476821192053
3 0.0273972602739726 0.6986754966887417 0.0502283105022831 0.5960264900662252