3 0.014644351464435146 0.4984848484848485 0.029288702928870293 0.996969696969697
3 0.9382845188284519 0.4984848484848485 0.1192468619246862 0.996969696969697
2 0.8514644351464435 0.843939393939394 0.02510460251046025 0.03333333333333333
2 0.8389121338912134 0.8106060606060606 0.02510460251046025 0.03333333333333333
2 0.8064853556485355 0.7348484848484849 0.02301255230125523 0.03333333333333333
2 0.7311715481171548 0.7545454545454545 0.027196652719665274 0.03636363636363636
2 0.6192468619246861 0.7606060606060606 0.02510460251046025 0.03636363636363636
5 0.7615062761506276 0.7651515151515151 0.02092050209205021 0.03333333333333333
5 0.6317991631799164 0.7348484848484849 0.02092050209205021 0.03333333333333333
0 0.7855648535564853 0.6651515151515152 0.027196652719665274 0.03333333333333333
0 0.7792887029288703 0.7303030303030303 0.02301255230125523 0.030303030303030304
1 0.8598326359832636 0.7742424242424243 0.02510460251046025 0.03333333333333333
1 0.8211297071129707 0.7606060606060606 0.02301255230125523 0.030303030303030304
1 0.801255230125523 0.7757575757575758 0.02510460251046025 0.03636363636363636
1 0.7133891213389121 0.6727272727272727 0.02510460251046025 0.03636363636363636
1 0.7196652719665272 0.6363636363636364 0.02510460251046025 0.03636363636363636
4 0.8232217573221757 0.7984848484848485 0.010460251046025104 0.015151515151515152