3 0.9484649122807017 0.5 0.10307017543859649 0.9936708860759493
2 0.868421052631579 0.15664556962025317 0.02631578947368421 0.03481012658227848
2 0.8552631578947368 0.19145569620253164 0.02631578947368421 0.03481012658227848
2 0.8212719298245614 0.27056962025316456 0.02412280701754386 0.03481012658227848
2 0.7423245614035088 0.25 0.02850877192982456 0.0379746835443038
2 0.625 0.24367088607594936 0.02631578947368421 0.0379746835443038
5 0.7741228070175439 0.2389240506329114 0.021929824561403508 0.03481012658227848
5 0.6381578947368421 0.27056962025316456 0.021929824561403508 0.03481012658227848
0 0.7993421052631579 0.34335443037974683 0.02850877192982456 0.03481012658227848
0 0.7927631578947368 0.27531645569620256 0.02412280701754386 0.03164556962025317
1 0.8771929824561403 0.22943037974683544 0.02631578947368421 0.03481012658227848
1 0.8366228070175439 0.24367088607594936 0.02412280701754386 0.03164556962025317
1 0.8157894736842105 0.22784810126582278 0.02631578947368421 0.0379746835443038
1 0.7236842105263158 0.33544303797468356 0.02631578947368421 0.0379746835443038
1 0.7302631578947368 0.37341772151898733 0.02631578947368421 0.0379746835443038
4 0.8388157894736842 0.20411392405063292 0.010964912280701754 0.015822784810126583