3 0.0586283185840708 0.15064102564102563 0.11283185840707964 0.30128205128205127
2 0.19358407079646017 0.8525641025641025 0.028761061946902654 0.038461538461538464
2 0.26327433628318586 0.8173076923076923 0.02654867256637168 0.038461538461538464
2 0.28761061946902655 0.7948717948717948 0.02654867256637168 0.038461538461538464
2 0.28761061946902655 0.7580128205128205 0.022123893805309734 0.035256410256410256
2 0.39601769911504425 0.7852564102564102 0.02654867256637168 0.038461538461538464
5 0.25 0.7836538461538461 0.022123893805309734 0.035256410256410256
5 0.37831858407079644 0.7451923076923077 0.022123893805309734 0.035256410256410256
0 0.3163716814159292 0.7900641025641025 0.022123893805309734 0.035256410256410256
0 0.3561946902654867 0.7548076923076923 0.022123893805309734 0.035256410256410256
1 0.336283185840708 0.7227564102564102 0.022123893805309734 0.035256410256410256
1 0.23672566371681417 0.8125 0.02654867256637168 0.035256410256410256
1 0.13606194690265486 0.7948717948717948 0.024336283185840708 0.038461538461538464
1 0.3407079646017699 0.6474358974358975 0.02654867256637168 0.038461538461538464
1 0.28982300884955753 0.5833333333333334 0.02654867256637168 0.038461538461538464
4 0.18252212389380532 0.8397435897435898 0.011061946902654867 0.01282051282051282
3 0.05420353982300885 0.7323717948717948 0.10398230088495575 0.5288461538461539