3 0.9774590163934426 0.5 0.040983606557377046 0.9940652818991098
3 0.06762295081967214 0.5 0.13114754098360656 0.9940652818991098
2 0.569672131147541 0.3590504451038576 0.02459016393442623 0.03560830860534125
2 0.6260245901639344 0.39762611275964393 0.022540983606557378 0.03560830860534125
2 0.6721311475409836 0.41543026706231456 0.020491803278688523 0.02967359050445104
2 0.735655737704918 0.45845697329376855 0.02459016393442623 0.032640949554896145
2 0.8852459016393442 0.42433234421364985 0.028688524590163935 0.03560830860534125
5 0.7756147540983607 0.586053412462908 0.022540983606557378 0.032640949554896145
5 0.7090163934426229 0.5875370919881305 0.020491803278688523 0.02967359050445104
0 0.6629098360655737 0.3189910979228487 0.022540983606557378 0.032640949554896145
0 0.29815573770491804 0.13501483679525222 0.022540983606557378 0.032640949554896145
1 0.9579918032786885 0.1913946587537092 0.02663934426229508 0.03857566765578635
1 0.5706967213114754 0.31750741839762614 0.022540983606557378 0.03560830860534125
1 0.3206967213114754 0.4406528189910979 0.022540983606557378 0.032640949554896145
1 0.6700819672131147 0.45845697329376855 0.020491803278688523 0.032640949554896145
1 0.7223360655737705 0.6083086053412463 0.018442622950819672 0.03560830860534125
4 0.7448770491803278 0.4807121661721068 0.010245901639344262 0.011869436201780416