3 0.9922566371681416 0.5 0.011061946902654867 0.9935897435897436
3 0.04535398230088496 0.8685897435897436 0.08628318584070796 0.2564102564102564
2 0.16482300884955753 0.1891025641025641 0.028761061946902654 0.038461538461538464
2 0.2345132743362832 0.22435897435897437 0.02654867256637168 0.038461538461538464
2 0.2588495575221239 0.2467948717948718 0.02654867256637168 0.038461538461538464
2 0.2588495575221239 0.28365384615384615 0.022123893805309734 0.035256410256410256
2 0.3672566371681416 0.2564102564102564 0.02654867256637168 0.038461538461538464
5 0.22123893805309736 0.25801282051282054 0.022123893805309734 0.035256410256410256
5 0.3495575221238938 0.296474358974359 0.022123893805309734 0.035256410256410256
0 0.28761061946902655 0.2516025641025641 0.022123893805309734 0.035256410256410256
0 0.3274336283185841 0.28685897435897434 0.022123893805309734 0.035256410256410256
1 0.3075221238938053 0.3189102564102564 0.022123893805309734 0.035256410256410256
1 0.2079646017699115 0.22916666666666666 0.02654867256637168 0.035256410256410256
1 0.10730088495575221 0.2467948717948718 0.024336283185840708 0.038461538461538464
1 0.31194690265486724 0.3942307692307692 0.02654867256637168 0.038461538461538464
1 0.2610619469026549 0.4583333333333333 0.02654867256637168 0.038461538461538464
4 0.15376106194690264 0.20192307692307693 0.011061946902654867 0.01282051282051282
3 0.03982300884955752 0.28846153846153844 0.0752212389380531 0.5705128205128205