3 0.018085106382978722 0.5 0.036170212765957444 0.9938271604938271
3 0.9446808510638298 0.5 0.11063829787234042 0.9938271604938271
2 0.39680851063829786 0.023148148148148147 0.027659574468085105 0.040123456790123455
2 0.31063829787234043 0.06944444444444445 0.02553191489361702 0.040123456790123455
2 0.39148936170212767 0.22839506172839505 0.02553191489361702 0.043209876543209874
2 0.32872340425531915 0.39814814814814814 0.023404255319148935 0.037037037037037035
2 0.10638297872340426 0.404320987654321 0.02553191489361702 0.037037037037037035
5 0.3946808510638298 0.7654320987654321 0.023404255319148935 0.037037037037037035
5 0.6723404255319149 0.9351851851851852 0.02553191489361702 0.037037037037037035
0 0.45 0.4675925925925926 0.023404255319148935 0.033950617283950615
0 0.3702127659574468 0.013888888888888888 0.02553191489361702 0.021604938271604937
1 0.33085106382978724 0.4444444444444444 0.023404255319148935 0.030864197530864196
1 0.4297872340425532 0.2978395061728395 0.02127659574468085 0.033950617283950615
1 0.6936170212765957 0.4228395061728395 0.02553191489361702 0.037037037037037035
1 0.5808510638297872 0.9228395061728395 0.02127659574468085 0.037037037037037035
1 0.030851063829787233 0.16666666666666666 0.027659574468085105 0.037037037037037035