3 0.06390134529147982 0.49837662337662336 0.12331838565022421 0.9967532467532467
2 0.6446188340807175 0.9756493506493507 0.02914798206278027 0.04220779220779221
2 0.7354260089686099 0.926948051948052 0.026905829596412557 0.04220779220779221
2 0.6502242152466368 0.7597402597402597 0.026905829596412557 0.045454545454545456
2 0.7163677130044843 0.5811688311688312 0.02466367713004484 0.03896103896103896
2 0.9506726457399103 0.5746753246753247 0.026905829596412557 0.03896103896103896
5 0.6468609865470852 0.19480519480519481 0.02466367713004484 0.03896103896103896
5 0.3531390134529148 0.01948051948051948 0.02914798206278027 0.03896103896103896
0 0.5885650224215246 0.5081168831168831 0.02466367713004484 0.03571428571428571
0 0.672645739910314 0.9853896103896104 0.026905829596412557 0.022727272727272728
1 0.7141255605381166 0.5324675324675324 0.02466367713004484 0.032467532467532464
1 0.6098654708520179 0.6866883116883117 0.02242152466367713 0.03571428571428571
1 0.33183856502242154 0.5551948051948052 0.026905829596412557 0.03896103896103896
1 0.45067264573991034 0.02922077922077922 0.02242152466367713 0.03896103896103896