3 0.9830508474576272 0.5 0.029661016949152543 0.9938650306748467
3 0.057203389830508475 0.6595092024539877 0.11016949152542373 0.6748466257668712
2 0.3072033898305085 0.06901840490797546 0.025423728813559324 0.03987730061349693
2 0.4364406779661017 0.2745398773006135 0.0211864406779661 0.03374233128834356
2 0.17902542372881355 0.2929447852760736 0.02754237288135593 0.03374233128834356
2 0.22139830508474576 0.4723926380368098 0.02754237288135593 0.03680981595092025
2 0.3336864406779661 0.48619631901840493 0.02754237288135593 0.03987730061349693
5 0.2055084745762712 0.2791411042944785 0.0211864406779661 0.03067484662576687
5 0.3802966101694915 0.11809815950920245 0.023305084745762712 0.03374233128834356
0 0.4004237288135593 0.13650306748466257 0.0211864406779661 0.03374233128834356
0 0.09322033898305085 0.31441717791411045 0.025423728813559324 0.03374233128834356
1 0.13029661016949154 0.21779141104294478 0.023305084745762712 0.03067484662576687
1 0.17372881355932204 0.1549079754601227 0.025423728813559324 0.03374233128834356
1 0.4004237288135593 0.29141104294478526 0.0211864406779661 0.03067484662576687
1 0.3898305084745763 0.3312883435582822 0.025423728813559324 0.03680981595092025
1 0.2711864406779661 0.35736196319018404 0.025423728813559324 0.03374233128834356
4 0.15995762711864406 0.18251533742331288 0.01059322033898305 0.015337423312883436
3 0.05296610169491525 0.15030674846625766 0.1016949152542373 0.294478527607362