3 0.9797008547008547 0.5 0.03632478632478633 0.9937888198757764
3 0.053418803418803416 0.5 0.10256410256410256 0.9937888198757764
2 0.5972222222222222 0.018633540372670808 0.027777777777777776 0.031055900621118012
2 0.6837606837606838 0.06055900621118013 0.02564102564102564 0.040372670807453416
2 0.6025641025641025 0.2204968944099379 0.02564102564102564 0.043478260869565216
2 0.6655982905982906 0.391304347826087 0.023504273504273504 0.037267080745341616
2 0.8888888888888888 0.39751552795031053 0.02564102564102564 0.037267080745341616
5 0.5993589743589743 0.7608695652173914 0.023504273504273504 0.037267080745341616
5 0.32051282051282054 0.9316770186335404 0.02564102564102564 0.037267080745341616
0 0.5438034188034188 0.4611801242236025 0.023504273504273504 0.034161490683229816
0 0.6239316239316239 0.009316770186335404 0.02564102564102564 0.012422360248447204
1 0.6634615384615384 0.43788819875776397 0.023504273504273504 0.031055900621118012
1 0.5641025641025641 0.29037267080745344 0.021367521367521368 0.034161490683229816
1 0.29914529914529914 0.4161490683229814 0.02564102564102564 0.037267080745341616
1 0.41239316239316237 0.9192546583850931 0.021367521367521368 0.037267080745341616
1 0.9647435897435898 0.15838509316770186 0.027777777777777776 0.037267080745341616