3 0.02159090909090909 0.49835526315789475 0.04318181818181818 0.9967105263157895
3 0.9806818181818182 0.36019736842105265 0.03409090909090909 0.7203947368421053
2 0.7534090909090909 0.9835526315789473 0.029545454545454545 0.02631578947368421
2 0.6136363636363636 0.7713815789473685 0.022727272727272728 0.03618421052631579
2 0.8897727272727273 0.7516447368421053 0.029545454545454545 0.03618421052631579
2 0.8443181818181819 0.5592105263157895 0.029545454545454545 0.039473684210526314
2 0.7238636363636364 0.5444078947368421 0.029545454545454545 0.04276315789473684
5 0.8613636363636363 0.7664473684210527 0.022727272727272728 0.03289473684210526
5 0.6738636363636363 0.9391447368421053 0.025 0.03618421052631579
0 0.6522727272727272 0.9194078947368421 0.022727272727272728 0.03618421052631579
0 0.9818181818181818 0.7286184210526315 0.02727272727272727 0.03618421052631579
1 0.9420454545454545 0.8322368421052632 0.025 0.03289473684210526
1 0.8954545454545455 0.899671052631579 0.02727272727272727 0.03618421052631579
1 0.6522727272727272 0.7532894736842105 0.022727272727272728 0.03289473684210526
1 0.6636363636363637 0.7105263157894737 0.02727272727272727 0.039473684210526314
1 0.7909090909090909 0.6825657894736842 0.02727272727272727 0.03618421052631579
4 0.9102272727272728 0.8700657894736842 0.011363636363636364 0.01644736842105263