3 0.9841101694915254 0.5 0.02754237288135593 0.9938650306748467
3 0.05826271186440678 0.6702453987730062 0.11228813559322035 0.6533742331288344
2 0.3093220338983051 0.09049079754601227 0.025423728813559324 0.03987730061349693
2 0.4385593220338983 0.2960122699386503 0.0211864406779661 0.03374233128834356
2 0.18114406779661016 0.31441717791411045 0.02754237288135593 0.03374233128834356
2 0.22351694915254236 0.4938650306748466 0.02754237288135593 0.03680981595092025
2 0.3358050847457627 0.5076687116564417 0.02754237288135593 0.03987730061349693
5 0.2076271186440678 0.3006134969325153 0.0211864406779661 0.03067484662576687
5 0.3824152542372881 0.13957055214723926 0.023305084745762712 0.03374233128834356
0 0.4025423728813559 0.1579754601226994 0.0211864406779661 0.03374233128834356
0 0.09533898305084745 0.33588957055214724 0.025423728813559324 0.03374233128834356
1 0.13241525423728814 0.2392638036809816 0.023305084745762712 0.03067484662576687
1 0.17584745762711865 0.17638036809815952 0.025423728813559324 0.03374233128834356
1 0.4025423728813559 0.3128834355828221 0.0211864406779661 0.03067484662576687
1 0.3919491525423729 0.35276073619631904 0.025423728813559324 0.03680981595092025
1 0.2733050847457627 0.37883435582822084 0.025423728813559324 0.03374233128834356
4 0.1620762711864407 0.20398773006134968 0.01059322033898305 0.015337423312883436
3 0.05402542372881356 0.16104294478527606 0.1038135593220339 0.3159509202453988