3 0.006578947368421052 0.49841772151898733 0.013157894736842105 0.9968354430379747
3 0.9506578947368421 0.15822784810126583 0.09429824561403509 0.31645569620253167
2 0.7006578947368421 0.9588607594936709 0.02850877192982456 0.04430379746835443
2 0.6644736842105263 0.6392405063291139 0.02631578947368421 0.0379746835443038
2 0.7138157894736842 0.6693037974683544 0.02412280701754386 0.03481012658227848
2 0.7368421052631579 0.6487341772151899 0.02631578947368421 0.0379746835443038
2 0.8728070175438597 0.8164556962025317 0.02631578947368421 0.0379746835443038
5 0.7456140350877193 0.7705696202531646 0.021929824561403508 0.03481012658227848
5 0.6228070175438597 0.8939873417721519 0.021929824561403508 0.03481012658227848
0 0.6030701754385965 0.8734177215189873 0.021929824561403508 0.0379746835443038
0 0.9210526315789473 0.6930379746835443 0.02631578947368421 0.03164556962025317
1 0.7214912280701754 0.6218354430379747 0.02631578947368421 0.03481012658227848
1 0.7445175438596491 0.9003164556962026 0.02412280701754386 0.03481012658227848
1 0.8377192982456141 0.8544303797468354 0.02631578947368421 0.0379746835443038
1 0.8410087719298246 0.819620253164557 0.02850877192982456 0.0379746835443038
1 0.8804824561403509 0.7879746835443038 0.02412280701754386 0.03164556962025317
4 0.8530701754385965 0.8291139240506329 0.008771929824561403 0.012658227848101266
3 0.9572368421052632 0.5965189873417721 0.08114035087719298 0.16772151898734178
3 0.9539473684210527 0.8544303797468354 0.08771929824561403 0.2848101265822785