3 0.00425531914893617 0.4984567901234568 0.00851063829787234 0.9969135802469136
3 0.9361702127659575 0.4984567901234568 0.12340425531914893 0.9969135802469136
2 0.7489361702127659 0.8796296296296297 0.02553191489361702 0.037037037037037035
2 0.7297872340425532 0.7993827160493827 0.02553191489361702 0.037037037037037035
2 0.6436170212765957 0.6265432098765432 0.023404255319148935 0.037037037037037035
2 0.6787234042553192 0.6604938271604939 0.02127659574468085 0.030864197530864196
2 0.7085106382978723 0.6327160493827161 0.02553191489361702 0.037037037037037035
5 0.7085106382978723 0.75 0.02127659574468085 0.037037037037037035
5 0.6021276595744681 0.875 0.02127659574468085 0.033950617283950615
0 0.5840425531914893 0.8564814814814815 0.019148936170212766 0.033950617283950615
0 0.6563829787234042 0.7006172839506173 0.023404255319148935 0.030864197530864196
1 0.7361702127659574 0.7469135802469136 0.02553191489361702 0.037037037037037035
1 0.7319148936170212 0.6435185185185185 0.02127659574468085 0.033950617283950615
1 0.7382978723404255 0.5694444444444444 0.02127659574468085 0.033950617283950615
1 0.6936170212765957 0.6033950617283951 0.02553191489361702 0.033950617283950615
1 0.7936170212765957 0.8657407407407407 0.02553191489361702 0.040123456790123455
4 0.7393617021276596 0.7114197530864198 0.010638297872340425 0.015432098765432098