3 0.019318181818181818 0.49835526315789475 0.038636363636363635 0.9967105263157895
3 0.9761363636363637 0.49835526315789475 0.04318181818181818 0.9967105263157895
2 0.3340909090909091 0.9523026315789473 0.02727272727272727 0.049342105263157895
2 0.7272727272727273 0.7483552631578947 0.02727272727272727 0.04276315789473684
2 0.3534090909090909 0.6036184210526315 0.025 0.03618421052631579
2 0.11704545454545455 0.5970394736842105 0.029545454545454545 0.04276315789473684
2 0.17613636363636365 0.08717105263157894 0.029545454545454545 0.04276315789473684
5 0.42272727272727273 0.21710526315789475 0.022727272727272728 0.039473684210526314
5 0.7193181818181819 0.029605263157894735 0.025 0.039473684210526314
0 0.4818181818181818 0.53125 0.022727272727272728 0.03618421052631579
1 0.35454545454545455 0.5542763157894737 0.022727272727272728 0.03618421052631579
1 0.4625 0.712171052631579 0.025 0.04276315789473684
1 0.7431818181818182 0.5756578947368421 0.02727272727272727 0.039473684210526314
1 0.03409090909090909 0.8519736842105263 0.031818181818181815 0.046052631578947366
1 0.6227272727272727 0.044407894736842105 0.022727272727272728 0.04276315789473684