3 0.9802083333333333 0.5 0.035416666666666666 1
3 0.0625 0.4984848484848485 0.12083333333333333 0.996969696969697
2 0.6916666666666667 0.9015151515151515 0.025 0.045454545454545456
2 0.33125 0.7136363636363636 0.025 0.03939393939393939
2 0.6739583333333333 0.5803030303030303 0.022916666666666665 0.03333333333333333
2 0.890625 0.5742424242424242 0.027083333333333334 0.03939393939393939
2 0.8364583333333333 0.10454545454545454 0.027083333333333334 0.03939393939393939
5 0.6104166666666667 0.22424242424242424 0.020833333333333332 0.03636363636363636
5 0.3385416666666667 0.051515151515151514 0.022916666666666665 0.03636363636363636
0 0.55625 0.5136363636363637 0.020833333333333332 0.03333333333333333
0 0.634375 0.9621212121212122 0.022916666666666665 0.03939393939393939
1 0.6729166666666667 0.5348484848484848 0.020833333333333332 0.03333333333333333
1 0.5739583333333333 0.6803030303030303 0.022916666666666665 0.03939393939393939
1 0.31666666666666665 0.5545454545454546 0.025 0.03636363636363636
1 0.9666666666666667 0.8090909090909091 0.029166666666666667 0.04242424242424243
1 0.4270833333333333 0.06515151515151515 0.020833333333333332 0.03939393939393939
4 0.975 0.9545454545454546 0.0125 0.01818181818181818