3 0.007608695652173913 0.5 0.015217391304347827 0.9936708860759493
3 0.9510869565217391 0.2974683544303797 0.09347826086956522 0.5886075949367089
2 0.7043478260869566 0.12658227848101267 0.021739130434782608 0.03164556962025317
2 0.7239130434782609 0.1550632911392405 0.02608695652173913 0.0379746835443038
2 0.741304347826087 0.21518987341772153 0.02608695652173913 0.0379746835443038
2 0.683695652173913 0.20094936708860758 0.02391304347826087 0.03481012658227848
2 0.6076086956521739 0.37658227848101267 0.02391304347826087 0.0379746835443038
5 0.6173913043478261 0.08702531645569621 0.021739130434782608 0.03481012658227848
5 0.7282608695652174 0.24525316455696203 0.021739130434782608 0.03481012658227848
0 0.6945652173913044 0.15348101265822786 0.02391304347826087 0.03481012658227848
0 0.6010869565217392 0.13765822784810128 0.01956521739130435 0.03481012658227848
1 0.6228260869565218 0.14240506329113925 0.02391304347826087 0.0379746835443038
1 0.633695652173913 0.2974683544303797 0.02391304347826087 0.0379746835443038
1 0.7065217391304348 0.2626582278481013 0.021739130434782608 0.0379746835443038
1 0.7619565217391304 0.23417721518987342 0.02391304347826087 0.0379746835443038
1 0.7869565217391304 0.24050632911392406 0.021739130434782608 0.0379746835443038
4 0.8565217391304348 0.1787974683544304 0.013043478260869565 0.015822784810126583