3 0.06195652173913044 0.2800632911392405 0.11956521739130435 0.5537974683544303
2 0.3217391304347826 0.09177215189873418 0.021739130434782608 0.03164556962025317
2 0.30217391304347824 0.12025316455696203 0.02608695652173913 0.0379746835443038
2 0.2847826086956522 0.18037974683544303 0.02608695652173913 0.0379746835443038
2 0.3423913043478261 0.1661392405063291 0.02391304347826087 0.03481012658227848
2 0.41847826086956524 0.34177215189873417 0.02391304347826087 0.0379746835443038
5 0.40869565217391307 0.05221518987341772 0.021739130434782608 0.03481012658227848
5 0.29782608695652174 0.21044303797468356 0.021739130434782608 0.03481012658227848
0 0.33152173913043476 0.11867088607594936 0.02391304347826087 0.03481012658227848
0 0.425 0.10284810126582279 0.01956521739130435 0.03481012658227848
1 0.4032608695652174 0.10759493670886076 0.02391304347826087 0.0379746835443038
1 0.3923913043478261 0.2626582278481013 0.02391304347826087 0.0379746835443038
1 0.31956521739130433 0.22784810126582278 0.021739130434782608 0.0379746835443038
1 0.26413043478260867 0.19936708860759494 0.02391304347826087 0.0379746835443038
1 0.2391304347826087 0.20569620253164558 0.021739130434782608 0.0379746835443038
4 0.16956521739130434 0.1439873417721519 0.013043478260869565 0.015822784810126583