3 0.9870689655172413 0.5 0.021551724137931036 0.99375
3 0.05172413793103448 0.5 0.09913793103448276 0.99375
4 0.22413793103448276 0.11875 0.008620689655172414 0.0125
1 0.3588362068965517 0.1953125 0.023706896551724137 0.034375
1 0.20905172413793102 0.2390625 0.021551724137931036 0.028125
1 0.2338362068965517 0.2328125 0.023706896551724137 0.034375
1 0.22413793103448276 0.203125 0.021551724137931036 0.025
1 0.3728448275862069 0.140625 0.021551724137931036 0.0375
0 0.25646551724137934 0.1390625 0.021551724137931036 0.028125
0 0.39439655172413796 0.1359375 0.017241379310344827 0.034375
5 0.2521551724137931 0.259375 0.021551724137931036 0.03125
5 0.21875 0.1 0.023706896551724137 0.03125
2 0.2823275862068966 0.1109375 0.021551724137931036 0.034375
2 0.2252155172413793 0.1390625 0.023706896551724137 0.034375
2 0.25969827586206895 0.178125 0.023706896551724137 0.03125
2 0.17349137931034483 0.1 0.023706896551724137 0.0375
2 0.23599137931034483 0.175 0.023706896551724137 0.03125