3 0.9815217391304348 0.5 0.03260869565217391 0.9936708860759493
3 0.04565217391304348 0.5 0.08695652173913043 0.9936708860759493
2 0.6597826086956522 0.3939873417721519 0.02391304347826087 0.03481012658227848
2 0.3010869565217391 0.254746835443038 0.02391304347826087 0.04113924050632911
2 0.5543478260869565 0.439873417721519 0.02608695652173913 0.0379746835443038
2 0.5369565217391304 0.759493670886076 0.02608695652173913 0.04430379746835443
2 0.8260869565217391 0.9525316455696202 0.030434782608695653 0.04430379746835443
5 0.592391304347826 0.7674050632911392 0.02391304347826087 0.03481012658227848
0 0.4880434782608696 0.439873417721519 0.02391304347826087 0.0379746835443038
0 0.49130434782608695 0.9556962025316456 0.021739130434782608 0.0379746835443038
1 0.6380434782608696 0.8876582278481012 0.02391304347826087 0.04113924050632911
1 0.4032608695652174 0.9319620253164557 0.02391304347826087 0.04113924050632911
1 0.14456521739130435 0.5632911392405063 0.02826086956521739 0.04430379746835443
1 0.4826086956521739 0.6139240506329114 0.021739130434782608 0.0379746835443038
1 0.2858695652173913 0.4224683544303797 0.02391304347826087 0.04113924050632911
4 0.9695652173913043 0.0949367088607595 0.013043478260869565 0.0189873417721519