3 0.051605504587155966 0.49833333333333335 0.09862385321100918 0.9966666666666667
4 0.23394495412844038 0.89 0.009174311926605505 0.013333333333333334
1 0.37729357798165136 0.8083333333333333 0.02522935779816514 0.03666666666666667
1 0.21788990825688073 0.7616666666666667 0.022935779816513763 0.03
1 0.24426605504587157 0.7683333333333333 0.02522935779816514 0.03666666666666667
1 0.23394495412844038 0.8 0.022935779816513763 0.02666666666666667
1 0.3922018348623853 0.8666666666666667 0.022935779816513763 0.04
0 0.268348623853211 0.8683333333333333 0.022935779816513763 0.03
0 0.4151376146788991 0.8716666666666667 0.01834862385321101 0.03666666666666667
5 0.26376146788990823 0.74 0.022935779816513763 0.03333333333333333
5 0.22821100917431192 0.91 0.02522935779816514 0.03333333333333333
2 0.2958715596330275 0.8983333333333333 0.022935779816513763 0.03666666666666667
2 0.23509174311926606 0.8683333333333333 0.02522935779816514 0.03666666666666667
2 0.2717889908256881 0.8266666666666667 0.02522935779816514 0.03333333333333333
2 0.18004587155963303 0.91 0.02522935779816514 0.04
2 0.24655963302752293 0.83 0.02522935779816514 0.03333333333333333