3 0.013598326359832637 0.4984848484848485 0.027196652719665274 0.996969696969697
3 0.9372384937238494 0.4984848484848485 0.12133891213389121 0.996969696969697
2 0.5993723849372385 0.8515151515151516 0.01882845188284519 0.030303030303030304
2 0.7248953974895398 0.696969696969697 0.02301255230125523 0.030303030303030304
2 0.7604602510460251 0.6409090909090909 0.02301255230125523 0.03333333333333333
2 0.6600418410041841 0.6909090909090909 0.02301255230125523 0.03636363636363636
2 0.4571129707112971 0.5803030303030303 0.02301255230125523 0.03333333333333333
5 0.6799163179916318 0.7878787878787878 0.02092050209205021 0.03636363636363636
5 0.7709205020920502 0.5848484848484848 0.02301255230125523 0.030303030303030304
0 0.7332635983263598 0.6136363636363636 0.02301255230125523 0.03333333333333333
0 0.5711297071129707 0.8348484848484848 0.02092050209205021 0.03333333333333333
1 0.5993723849372385 0.7651515151515151 0.02301255230125523 0.03333333333333333
1 0.606694560669456 0.7212121212121212 0.02092050209205021 0.030303030303030304
1 0.5345188284518828 0.7136363636363636 0.02301255230125523 0.03333333333333333
1 0.6370292887029289 0.6909090909090909 0.01882845188284519 0.030303030303030304
1 0.7102510460251046 0.6575757575757576 0.02301255230125523 0.030303030303030304
4 0.5857740585774058 0.8348484848484848 0.008368200836820083 0.015151515151515152