3 0.9808510638297873 0.5 0.03404255319148936 0.9938271604938271
3 0.05638297872340425 0.5 0.10851063829787234 0.9938271604938271
2 0.3372340425531915 0.7237654320987654 0.023404255319148935 0.040123456790123455
2 0.29148936170212764 0.7391975308641975 0.02553191489361702 0.040123456790123455
2 0.33191489361702126 0.7947530864197531 0.02127659574468085 0.033950617283950615
2 0.3478723404255319 0.8194444444444444 0.023404255319148935 0.033950617283950615
2 0.3702127659574468 0.9845679012345679 0.02553191489361702 0.024691358024691357
5 0.37553191489361704 0.7901234567901234 0.023404255319148935 0.030864197530864196
5 0.25851063829787235 0.7237654320987654 0.023404255319148935 0.033950617283950615
0 0.4787234042553192 0.7268518518518519 0.02127659574468085 0.033950617283950615
0 0.24468085106382978 0.9814814814814815 0.02553191489361702 0.030864197530864196
1 0.4819148936170213 0.816358024691358 0.023404255319148935 0.040123456790123455
1 0.43829787234042555 0.7824074074074074 0.02127659574468085 0.033950617283950615
1 0.35319148936170214 0.7870370370370371 0.02127659574468085 0.030864197530864196
1 0.30319148936170215 0.7098765432098766 0.019148936170212766 0.037037037037037035
1 0.3180851063829787 0.7422839506172839 0.023404255319148935 0.040123456790123455
4 0.46808510638297873 0.75 0.00851063829787234 0.012345679012345678