3 0.9360986547085202 0.5 0.12780269058295965 0.9935064935064936
2 0.6311659192825112 0.6996753246753247 0.02466367713004484 0.04220779220779221
2 0.679372197309417 0.7159090909090909 0.026905829596412557 0.04220779220779221
2 0.6367713004484304 0.7743506493506493 0.02242152466367713 0.03571428571428571
2 0.6199551569506726 0.8003246753246753 0.02466367713004484 0.03571428571428571
2 0.5986547085201793 0.9788961038961039 0.026905829596412557 0.03571428571428571
5 0.5908071748878924 0.7694805194805194 0.02466367713004484 0.032467532467532464
5 0.7141255605381166 0.6996753246753247 0.02466367713004484 0.03571428571428571
0 0.4820627802690583 0.702922077922078 0.02242152466367713 0.03571428571428571
0 0.7286995515695067 0.9756493506493507 0.02242152466367713 0.03571428571428571
1 0.4786995515695067 0.797077922077922 0.02466367713004484 0.04220779220779221
1 0.5246636771300448 0.7613636363636364 0.02242152466367713 0.03571428571428571
1 0.6143497757847534 0.7662337662337663 0.02242152466367713 0.032467532467532464
1 0.6670403587443946 0.685064935064935 0.020179372197309416 0.03896103896103896
1 0.6513452914798207 0.7191558441558441 0.02466367713004484 0.04220779220779221
4 0.49327354260089684 0.7272727272727273 0.008968609865470852 0.012987012987012988