3 0.011013215859030838 0.5 0.022026431718061675 0.9936305732484076
3 0.9570484581497798 0.5 0.08590308370044053 0.9936305732484076
2 0.6222466960352423 0.08917197452229299 0.019823788546255508 0.03184713375796178
2 0.7544052863436124 0.2515923566878981 0.024229074889867842 0.03184713375796178
2 0.7918502202643172 0.3105095541401274 0.024229074889867842 0.03503184713375796
2 0.6861233480176211 0.25796178343949044 0.024229074889867842 0.03821656050955414
2 0.4724669603524229 0.37420382165605093 0.024229074889867842 0.03503184713375796
5 0.7070484581497798 0.15605095541401273 0.022026431718061675 0.03821656050955414
5 0.802863436123348 0.36942675159235666 0.024229074889867842 0.03184713375796178
0 0.763215859030837 0.339171974522293 0.024229074889867842 0.03503184713375796
0 0.5925110132158591 0.10668789808917198 0.022026431718061675 0.03503184713375796
1 0.6222466960352423 0.17993630573248406 0.024229074889867842 0.03503184713375796
1 0.6299559471365639 0.22611464968152867 0.022026431718061675 0.03184713375796178
1 0.5539647577092511 0.2340764331210191 0.024229074889867842 0.03503184713375796
1 0.6618942731277533 0.25796178343949044 0.019823788546255508 0.03184713375796178
1 0.7389867841409692 0.2929936305732484 0.024229074889867842 0.03184713375796178
4 0.6079295154185022 0.10668789808917198 0.00881057268722467 0.01592356687898089