3 0.013771186440677966 0.5 0.02754237288135593 0.9938650306748467
3 0.9438559322033898 0.8726993865030674 0.11228813559322035 0.24846625766871167
2 0.6239406779661016 0.3006134969325153 0.023305084745762712 0.03680981595092025
2 0.7796610169491526 0.09049079754601227 0.025423728813559324 0.03374233128834356
2 0.7616525423728814 0.11503067484662577 0.023305084745762712 0.03374233128834356
2 0.7627118644067796 0.15184049079754602 0.025423728813559324 0.03374233128834356
2 0.6260593220338984 0.38650306748466257 0.023305084745762712 0.03680981595092025
5 0.784957627118644 0.3052147239263804 0.023305084745762712 0.03374233128834356
5 0.7860169491525424 0.12423312883435583 0.025423728813559324 0.03374233128834356
0 0.7129237288135594 0.13803680981595093 0.023305084745762712 0.03680981595092025
0 0.7372881355932204 0.2684049079754601 0.025423728813559324 0.03374233128834356
1 0.7786016949152542 0.2469325153374233 0.023305084745762712 0.03374233128834356
1 0.7658898305084746 0.21319018404907975 0.023305084745762712 0.027607361963190184
1 0.7415254237288136 0.17791411042944785 0.025423728813559324 0.03680981595092025
1 0.7351694915254238 0.3220858895705521 0.025423728813559324 0.03680981595092025
1 0.621822033898305 0.22699386503067484 0.023305084745762712 0.03680981595092025
4 0.7669491525423728 0.13190184049079753 0.00847457627118644 0.006134969325153374
3 0.9459745762711864 0.2960122699386503 0.1038135593220339 0.5858895705521472