3 0.017857142857142856 0.5 0.03571428571428571 0.9935483870967742
3 0.9654017857142857 0.5 0.06919642857142858 0.9935483870967742
2 0.7098214285714286 0.3016129032258065 0.026785714285714284 0.041935483870967745
2 0.34263392857142855 0.4403225806451613 0.024553571428571428 0.035483870967741936
2 0.17299107142857142 0.9903225806451613 0.033482142857142856 0.012903225806451613
2 0.46875 0.8145161290322581 0.026785714285714284 0.041935483870967745
2 0.45089285714285715 0.4870967741935484 0.026785714285714284 0.03870967741935484
5 0.8504464285714286 0.4258064516129032 0.03571428571428571 0.04516129032258064
5 0.41183035714285715 0.8209677419354838 0.024553571428571428 0.035483870967741936
0 0.5189732142857143 0.4870967741935484 0.024553571428571428 0.03870967741935484
1 0.7254464285714286 0.46774193548387094 0.026785714285714284 0.04516129032258064
1 0.8716517857142857 0.6161290322580645 0.029017857142857144 0.03870967741935484
1 0.5245535714285714 0.6645161290322581 0.022321428571428572 0.03870967741935484
1 0.36495535714285715 0.9435483870967742 0.024553571428571428 0.041935483870967745
4 0.024553571428571428 0.13548387096774195 0.013392857142857142 0.01935483870967742