3 0.9805194805194806 0.5 0.03463203463203463 1
3 0.04220779220779221 0.12264150943396226 0.08008658008658008 0.24528301886792453
2 0.35173160173160173 0.7044025157232704 0.023809523809523808 0.03773584905660377
2 0.19264069264069264 0.9198113207547169 0.025974025974025976 0.03459119496855346
2 0.21103896103896103 0.8946540880503144 0.023809523809523808 0.03459119496855346
2 0.20995670995670995 0.8569182389937107 0.025974025974025976 0.03459119496855346
2 0.3495670995670996 0.6163522012578616 0.023809523809523808 0.03773584905660377
5 0.18722943722943722 0.699685534591195 0.023809523809523808 0.03459119496855346
5 0.18614718614718614 0.8852201257861635 0.025974025974025976 0.03459119496855346
0 0.26082251082251084 0.8710691823899371 0.023809523809523808 0.03773584905660377
0 0.23593073593073594 0.7374213836477987 0.025974025974025976 0.03459119496855346
1 0.1937229437229437 0.7594339622641509 0.023809523809523808 0.03459119496855346
1 0.2067099567099567 0.7940251572327044 0.023809523809523808 0.02830188679245283
1 0.23160173160173161 0.8301886792452831 0.025974025974025976 0.03773584905660377
1 0.23809523809523808 0.6823899371069182 0.025974025974025976 0.03773584905660377
1 0.3538961038961039 0.779874213836478 0.023809523809523808 0.03773584905660377
4 0.20562770562770563 0.8773584905660378 0.008658008658008658 0.006289308176100629
3 0.03896103896103896 0.7028301886792453 0.0735930735930736 0.5880503144654088