3 0.02169421487603306 0.49850299401197606 0.04338842975206612 0.9970059880239521
3 0.9359504132231405 0.49850299401197606 0.12396694214876033 0.9970059880239521
2 0.6694214876033058 0.7140718562874252 0.024793388429752067 0.038922155688622756
2 0.32954545454545453 0.5853293413173652 0.022727272727272728 0.03293413173652695
2 0.17045454545454544 0.058383233532934134 0.026859504132231406 0.038922155688622756
2 0.4462809917355372 0.23802395209580837 0.024793388429752067 0.038922155688622756
2 0.4297520661157025 0.5419161676646707 0.024793388429752067 0.03592814371257485
5 0.7995867768595041 0.5988023952095808 0.03305785123966942 0.041916167664670656
5 0.39359504132231404 0.23203592814371257 0.022727272727272728 0.03293413173652695
0 0.4927685950413223 0.5419161676646707 0.022727272727272728 0.03592814371257485
0 0.4896694214876033 0.02844311377245509 0.02066115702479339 0.03293413173652695
1 0.6838842975206612 0.5598802395209581 0.024793388429752067 0.041916167664670656
1 0.8192148760330579 0.4221556886227545 0.026859504132231406 0.03592814371257485
1 0.49793388429752067 0.3772455089820359 0.02066115702479339 0.03592814371257485
1 0.35020661157024796 0.11826347305389222 0.022727272727272728 0.038922155688622756
1 0.5950413223140496 0.025449101796407185 0.02066115702479339 0.03293413173652695
4 0.03512396694214876 0.8682634730538922 0.012396694214876033 0.017964071856287425