3 0.9394273127753304 0.03821656050955414 0.11674008810572688 0.07643312101910828
2 0.6090308370044053 0.6305732484076433 0.024229074889867842 0.03821656050955414
2 0.6068281938325991 0.7181528662420382 0.024229074889867842 0.03503184713375796
2 0.75 0.8742038216560509 0.028634361233480177 0.03503184713375796
2 0.748898678414097 0.9124203821656051 0.022026431718061675 0.03503184713375796
2 0.7698237885462555 0.928343949044586 0.028634361233480177 0.041401273885350316
5 0.7742290748898678 0.714968152866242 0.024229074889867842 0.03503184713375796
5 0.7797356828193832 0.8964968152866242 0.022026431718061675 0.03503184713375796
0 0.6993392070484582 0.8885350318471338 0.024229074889867842 0.03821656050955414
0 0.724669603524229 0.7531847133757962 0.02643171806167401 0.03503184713375796
1 0.7544052863436124 0.8121019108280255 0.024229074889867842 0.03184713375796178
1 0.7676211453744494 0.7770700636942676 0.024229074889867842 0.03184713375796178
1 0.6035242290748899 0.7961783439490446 0.02643171806167401 0.03821656050955414
1 0.7290748898678414 0.8471337579617835 0.02643171806167401 0.03821656050955414
1 0.7224669603524229 0.697452229299363 0.02643171806167401 0.03821656050955414
4 0.7555066079295154 0.8949044585987261 0.00881057268722467 0.006369426751592357
3 0.9449339207048458 0.7627388535031847 0.10572687224669604 0.4681528662420382