3 0.9596412556053812 0.9512987012987013 0.08071748878923767 0.09090909090909091
2 0.6423766816143498 0.3409090909090909 0.02466367713004484 0.03896103896103896
2 0.6401345291479821 0.25162337662337664 0.02466367713004484 0.03571428571428571
2 0.7858744394618834 0.09253246753246754 0.02914798206278027 0.03571428571428571
2 0.7847533632286996 0.05357142857142857 0.02242152466367713 0.03571428571428571
2 0.8060538116591929 0.037337662337662336 0.02914798206278027 0.04220779220779221
5 0.8105381165919282 0.25487012987012986 0.02466367713004484 0.03571428571428571
5 0.8161434977578476 0.0698051948051948 0.02242152466367713 0.03571428571428571
0 0.734304932735426 0.07792207792207792 0.02466367713004484 0.03896103896103896
0 0.7600896860986547 0.2159090909090909 0.026905829596412557 0.03571428571428571
1 0.7903587443946188 0.15584415584415584 0.02466367713004484 0.032467532467532464
1 0.8038116591928252 0.19155844155844157 0.02466367713004484 0.032467532467532464
1 0.6367713004484304 0.17207792207792208 0.026905829596412557 0.03896103896103896
1 0.7645739910313901 0.12012987012987013 0.026905829596412557 0.03896103896103896
1 0.757847533632287 0.2727272727272727 0.026905829596412557 0.03896103896103896
4 0.7914798206278026 0.07142857142857142 0.008968609865470852 0.006493506493506494
3 0.9641255605381166 0.22402597402597402 0.06726457399103139 0.44155844155844154