3 0.010135135135135136 0.5 0.02027027027027027 0.9934640522875817
3 0.9617117117117117 0.5 0.07657657657657657 0.9934640522875817
2 0.32882882882882886 0.42320261437908496 0.02252252252252252 0.03594771241830065
2 0.17792792792792791 0.43300653594771243 0.02702702702702703 0.042483660130718956
2 0.48536036036036034 0.7761437908496732 0.024774774774774775 0.03594771241830065
2 0.45495495495495497 0.8790849673202614 0.02252252252252252 0.0392156862745098
2 0.4155405405405405 0.8725490196078431 0.024774774774774775 0.0392156862745098
5 0.39864864864864863 0.815359477124183 0.02252252252252252 0.03594771241830065
5 0.29504504504504503 0.7761437908496732 0.02252252252252252 0.03594771241830065
0 0.4774774774774775 0.8349673202614379 0.02252252252252252 0.03594771241830065
1 0.34684684684684686 0.7091503267973857 0.02702702702702703 0.0392156862745098
1 0.4346846846846847 0.7712418300653595 0.02252252252252252 0.032679738562091505
1 0.5247747747747747 0.7745098039215687 0.02252252252252252 0.0392156862745098
1 0.6756756756756757 0.9493464052287581 0.02702702702702703 0.042483660130718956
4 0.009009009009009009 0.11437908496732026 0.013513513513513514 0.0196078431372549