3 0.020491803278688523 0.5 0.040983606557377046 1
3 0.9364754098360656 0.03720238095238095 0.12295081967213115 0.0744047619047619
3 0.9405737704918032 0.6428571428571429 0.11475409836065574 0.7142857142857143
4 0.7479508196721312 0.8586309523809523 0.00819672131147541 0.01488095238095238
1 0.7202868852459017 0.9017857142857143 0.018442622950819672 0.02976190476190476
1 0.7233606557377049 0.7485119047619048 0.020491803278688523 0.026785714285714284
1 0.8760245901639344 0.7842261904761905 0.022540983606557378 0.03273809523809524
1 0.7797131147540983 0.5922619047619048 0.022540983606557378 0.03571428571428571
0 0.8022540983606558 0.7038690476190477 0.018442622950819672 0.026785714285714284
0 0.7049180327868853 0.8541666666666666 0.020491803278688523 0.02976190476190476
5 0.7633196721311475 0.8690476190476191 0.022540983606557378 0.02976190476190476
5 0.8135245901639344 0.6071428571428571 0.020491803278688523 0.02976190476190476
2 0.6209016393442623 0.6964285714285714 0.02459016393442623 0.02976190476190476
2 0.6885245901639344 0.7410714285714286 0.020491803278688523 0.02976190476190476
1 0.6157786885245902 0.7678571428571429 0.022540983606557378 0.03571428571428571
2 0.7612704918032787 0.9151785714285714 0.022540983606557378 0.03273809523809524
2 0.7377049180327869 0.8809523809523809 0.020491803278688523 0.02976190476190476
2 0.7438524590163934 0.7663690476190477 0.02459016393442623 0.03273809523809524