3 0.990301724137931 0.5 0.015086206896551725 0.99375
3 0.059267241379310345 0.5 0.11422413793103449 0.99375
2 0.8329741379310345 0.36875 0.028017241379310345 0.0375
2 0.6756465517241379 0.384375 0.023706896551724137 0.03125
5 0.8114224137931034 0.434375 0.023706896551724137 0.03125
5 0.6422413793103449 0.7359375 0.021551724137931036 0.034375
0 0.6637931034482759 0.6890625 0.02586206896551724 0.040625
0 0.665948275862069 0.5734375 0.02586206896551724 0.040625
1 0.5775862068965517 0.4015625 0.021551724137931036 0.034375
1 0.6056034482758621 0.4609375 0.021551724137931036 0.034375
1 0.6648706896551724 0.5234375 0.023706896551724137 0.034375
1 0.5010775862068966 0.5390625 0.01939655172413793 0.028125
4 0.9913793103448276 0.096875 0.01293103448275862 0.01875
2 0.728448275862069 0.4453125 0.02586206896551724 0.040625
2 0.6810344827586207 0.421875 0.02586206896551724 0.0375
2 0.7155172413793104 0.6765625 0.02586206896551724 0.040625