3 0.01282051282051282 0.4984472049689441 0.02564102564102564 0.9968944099378882
3 0.9423076923076923 0.4984472049689441 0.1111111111111111 0.9968944099378882
2 0.17414529914529914 0.6242236024844721 0.027777777777777776 0.037267080745341616
2 0.3301282051282051 0.6086956521739131 0.023504273504273504 0.031055900621118012
5 0.1955128205128205 0.5590062111801242 0.023504273504273504 0.031055900621118012
5 0.36324786324786323 0.2593167701863354 0.021367521367521368 0.034161490683229816
0 0.3418803418803419 0.3059006211180124 0.02564102564102564 0.040372670807453416
0 0.33974358974358976 0.42080745341614906 0.02564102564102564 0.040372670807453416
1 0.42735042735042733 0.5916149068322981 0.021367521367521368 0.034161490683229816
1 0.3995726495726496 0.532608695652174 0.021367521367521368 0.034161490683229816
1 0.3408119658119658 0.4704968944099379 0.023504273504273504 0.034161490683229816
1 0.5032051282051282 0.4549689440993789 0.019230769230769232 0.027950310559006212
4 0.017094017094017096 0.8944099378881988 0.01282051282051282 0.018633540372670808
2 0.2777777777777778 0.5481366459627329 0.02564102564102564 0.040372670807453416
2 0.3247863247863248 0.5714285714285714 0.02564102564102564 0.037267080745341616
2 0.2905982905982906 0.31832298136645965 0.02564102564102564 0.040372670807453416