3 0.015486725663716814 0.4983974358974359 0.030973451327433628 0.9967948717948718
3 0.9646017699115044 0.2916666666666667 0.06637168141592921 0.5833333333333334
2 0.8097345132743363 0.9102564102564102 0.02654867256637168 0.038461538461538464
2 0.7267699115044248 0.8958333333333334 0.024336283185840708 0.035256410256410256
2 0.7046460176991151 0.7628205128205128 0.024336283185840708 0.038461538461538464
2 0.6603982300884956 0.6266025641025641 0.024336283185840708 0.035256410256410256
2 0.8362831858407079 0.6057692307692307 0.02654867256637168 0.038461538461538464
5 0.8661504424778761 0.5801282051282052 0.024336283185840708 0.038461538461538464
5 0.7477876106194691 0.8060897435897436 0.022123893805309734 0.035256410256410256
0 0.797566371681416 0.7724358974358975 0.024336283185840708 0.038461538461538464
0 0.6758849557522124 0.8317307692307693 0.024336283185840708 0.041666666666666664
1 0.7732300884955752 0.8766025641025641 0.024336283185840708 0.041666666666666664
1 0.7112831858407079 0.8365384615384616 0.024336283185840708 0.038461538461538464
1 0.6515486725663717 0.7532051282051282 0.024336283185840708 0.038461538461538464
1 0.6648230088495575 0.6939102564102564 0.024336283185840708 0.035256410256410256
1 0.8285398230088495 0.5641025641025641 0.024336283185840708 0.038461538461538464
4 0.7234513274336283 0.9214743589743589 0.008849557522123894 0.016025641025641024
3 0.9679203539823009 0.8269230769230769 0.059734513274336286 0.33974358974358976