3 0.019230769230769232 0.5 0.038461538461538464 0.9937888198757764
3 0.9529914529914529 0.6925465838509317 0.09401709401709402 0.6086956521739131
2 0.7884615384615384 0.07142857142857142 0.02564102564102564 0.037267080745341616
2 0.7083333333333334 0.08540372670807453 0.023504273504273504 0.034161490683229816
2 0.686965811965812 0.21428571428571427 0.023504273504273504 0.037267080745341616
2 0.6442307692307693 0.34627329192546585 0.023504273504273504 0.034161490683229816
2 0.8141025641025641 0.36645962732919257 0.02564102564102564 0.037267080745341616
5 0.842948717948718 0.391304347826087 0.023504273504273504 0.037267080745341616
5 0.7286324786324786 0.17236024844720496 0.021367521367521368 0.034161490683229816
0 0.7767094017094017 0.20496894409937888 0.023504273504273504 0.037267080745341616
0 0.6591880341880342 0.14751552795031056 0.023504273504273504 0.040372670807453416
1 0.7532051282051282 0.10403726708074534 0.023504273504273504 0.040372670807453416
1 0.6933760683760684 0.14285714285714285 0.023504273504273504 0.037267080745341616
1 0.6356837606837606 0.2236024844720497 0.023504273504273504 0.037267080745341616
1 0.6485042735042735 0.281055900621118 0.023504273504273504 0.034161490683229816
1 0.8066239316239316 0.40683229813664595 0.023504273504273504 0.037267080745341616
4 0.7051282051282052 0.06055900621118013 0.008547008547008548 0.015527950310559006
3 0.9551282051282052 0.15993788819875776 0.08547008547008547 0.3136645962732919