3 0.9857456140350878 0.5 0.02412280701754386 0.9936708860759493
3 0.04276315789473684 0.5 0.08114035087719298 0.9936708860759493
2 0.20175438596491227 0.08069620253164557 0.02631578947368421 0.04113924050632911
2 0.21820175438596492 0.21677215189873417 0.02412280701754386 0.03481012658227848
2 0.34978070175438597 0.3623417721518987 0.02412280701754386 0.03481012658227848
2 0.17543859649122806 0.3829113924050633 0.02631578947368421 0.0379746835443038
2 0.18092105263157895 0.2610759493670886 0.02412280701754386 0.03481012658227848
5 0.14583333333333334 0.40822784810126583 0.02412280701754386 0.03164556962025317
5 0.18969298245614036 0.11234177215189874 0.02412280701754386 0.03481012658227848
0 0.16885964912280702 0.2927215189873418 0.02631578947368421 0.03481012658227848
0 0.35635964912280704 0.20411392405063292 0.02412280701754386 0.03481012658227848
1 0.3574561403508772 0.2389240506329114 0.02631578947368421 0.03481012658227848
1 0.34539473684210525 0.2958860759493671 0.02412280701754386 0.03481012658227848
1 0.1787280701754386 0.22943037974683544 0.02412280701754386 0.028481012658227847
1 0.18311403508771928 0.4240506329113924 0.02412280701754386 0.0379746835443038
1 0.24342105263157895 0.06329113924050633 0.02631578947368421 0.04430379746835443
4 0.16557017543859648 0.254746835443038 0.006578947368421052 0.015822784810126583