3 0.02074688796680498 0.5 0.04149377593360996 0.9939759036144579
3 0.941908713692946 0.5 0.11618257261410789 0.9939759036144579
2 0.7697095435684648 0.07981927710843373 0.024896265560165973 0.0391566265060241
2 0.754149377593361 0.20933734939759036 0.022821576763485476 0.03313253012048193
2 0.6296680497925311 0.34789156626506024 0.022821576763485476 0.03313253012048193
2 0.7946058091286307 0.3674698795180723 0.024896265560165973 0.03614457831325301
2 0.7894190871369294 0.25150602409638556 0.022821576763485476 0.03313253012048193
5 0.8226141078838174 0.39156626506024095 0.022821576763485476 0.030120481927710843
5 0.7811203319502075 0.10993975903614457 0.022821576763485476 0.03313253012048193
0 0.8008298755186722 0.2816265060240964 0.024896265560165973 0.03313253012048193
0 0.6234439834024896 0.19728915662650603 0.022821576763485476 0.03313253012048193
1 0.6224066390041494 0.23042168674698796 0.024896265560165973 0.03313253012048193
1 0.6338174273858921 0.28463855421686746 0.022821576763485476 0.03313253012048193
1 0.7914937759336099 0.2213855421686747 0.022821576763485476 0.02710843373493976
1 0.7873443983402489 0.4066265060240964 0.022821576763485476 0.03614457831325301
1 0.7302904564315352 0.06325301204819277 0.024896265560165973 0.04216867469879518
4 0.803941908713693 0.24548192771084337 0.006224066390041493 0.015060240963855422