3 0.9922566371681416 0.5 0.011061946902654867 0.9935897435897436
3 0.04535398230088496 0.5 0.08628318584070796 0.9935897435897436
2 0.2079646017699115 0.02403846153846154 0.02654867256637168 0.041666666666666664
2 0.2245575221238938 0.16185897435897437 0.024336283185840708 0.035256410256410256
2 0.3573008849557522 0.3092948717948718 0.024336283185840708 0.035256410256410256
2 0.18141592920353983 0.3301282051282051 0.02654867256637168 0.038461538461538464
2 0.18694690265486727 0.20673076923076922 0.024336283185840708 0.035256410256410256
5 0.1515486725663717 0.3557692307692308 0.024336283185840708 0.03205128205128205
5 0.19579646017699115 0.05608974358974359 0.024336283185840708 0.035256410256410256
0 0.1747787610619469 0.2387820512820513 0.02654867256637168 0.035256410256410256
0 0.3639380530973451 0.14903846153846154 0.024336283185840708 0.035256410256410256
1 0.36504424778761063 0.1842948717948718 0.02654867256637168 0.035256410256410256
1 0.3528761061946903 0.2419871794871795 0.024336283185840708 0.035256410256410256
1 0.1847345132743363 0.17467948717948717 0.024336283185840708 0.028846153846153848
1 0.18915929203539822 0.3717948717948718 0.024336283185840708 0.038461538461538464
1 0.2488938053097345 0.016025641025641024 0.028761061946902654 0.02564102564102564
4 0.17146017699115043 0.20032051282051283 0.00663716814159292 0.016025641025641024