3 0.011702127659574468 0.5 0.023404255319148935 0.9938271604938271
3 0.9425531914893617 0.5 0.1148936170212766 0.9938271604938271
2 0.625531914893617 0.35185185185185186 0.02553191489361702 0.037037037037037035
2 0.7829787234042553 0.30709876543209874 0.02553191489361702 0.033950617283950615
2 0.7946808510638298 0.37037037037037035 0.027659574468085105 0.037037037037037035
2 0.7723404255319148 0.24537037037037038 0.02127659574468085 0.033950617283950615
2 0.8 0.24691358024691357 0.02553191489361702 0.037037037037037035
5 0.8223404255319149 0.3966049382716049 0.023404255319148935 0.033950617283950615
5 0.8436170212765958 0.2361111111111111 0.023404255319148935 0.033950617283950615
0 0.8170212765957446 0.3132716049382716 0.02553191489361702 0.033950617283950615
0 0.6159574468085106 0.19598765432098766 0.023404255319148935 0.033950617283950615
1 0.6170212765957447 0.22993827160493827 0.02553191489361702 0.033950617283950615
1 0.6287234042553191 0.2854938271604938 0.023404255319148935 0.033950617283950615
1 0.8627659574468085 0.21141975308641975 0.023404255319148935 0.033950617283950615
1 0.7851063829787234 0.27314814814814814 0.02553191489361702 0.033950617283950615
1 0.7861702127659574 0.4104938271604938 0.027659574468085105 0.037037037037037035
4 0.8159574468085107 0.2515432098765432 0.010638297872340425 0.015432098765432098