3 0.01956521739130435 0.5 0.0391304347826087 0.9936708860759493
3 0.9597826086956521 0.5 0.08043478260869565 0.9936708860759493
2 0.6543478260869565 0.3670886075949367 0.02608695652173913 0.0379746835443038
2 0.8152173913043478 0.3212025316455696 0.02608695652173913 0.03481012658227848
2 0.8271739130434783 0.3860759493670886 0.02826086956521739 0.0379746835443038
2 0.8043478260869565 0.2579113924050633 0.021739130434782608 0.03481012658227848
2 0.8326086956521739 0.25949367088607594 0.02608695652173913 0.0379746835443038
5 0.8554347826086957 0.4129746835443038 0.02391304347826087 0.03481012658227848
5 0.8771739130434782 0.24841772151898733 0.02391304347826087 0.03481012658227848
0 0.85 0.3275316455696203 0.02608695652173913 0.03481012658227848
0 0.6445652173913043 0.20727848101265822 0.02391304347826087 0.03481012658227848
1 0.6456521739130435 0.24208860759493672 0.02608695652173913 0.03481012658227848
1 0.657608695652174 0.2990506329113924 0.02391304347826087 0.03481012658227848
1 0.8967391304347826 0.2231012658227848 0.02391304347826087 0.03481012658227848
1 0.8173913043478261 0.28639240506329117 0.02608695652173913 0.03481012658227848
1 0.8184782608695652 0.4272151898734177 0.02826086956521739 0.0379746835443038
4 0.8489130434782609 0.26424050632911394 0.010869565217391304 0.015822784810126583