3 0.9335585585585585 0.49836601307189543 0.12837837837837837 0.9967320261437909
2 0.8051801801801802 0.8251633986928104 0.024774774774774775 0.03594771241830065
2 0.7804054054054054 0.75 0.024774774774774775 0.03594771241830065
2 0.7387387387387387 0.6879084967320261 0.02702702702702703 0.03594771241830065
2 0.7725225225225225 0.6176470588235294 0.02702702702702703 0.0392156862745098
2 0.7747747747747747 0.684640522875817 0.02702702702702703 0.03594771241830065
5 0.8254504504504504 0.7598039215686274 0.024774774774774775 0.03594771241830065
5 0.8029279279279279 0.5898692810457516 0.024774774774774775 0.03594771241830065
0 0.7286036036036037 0.7941176470588235 0.024774774774774775 0.0392156862745098
0 0.8006756756756757 0.6813725490196079 0.024774774774774775 0.03594771241830065
1 0.8457207207207207 0.7859477124183006 0.024774774774774775 0.03594771241830065
1 0.7454954954954955 0.7467320261437909 0.02252252252252252 0.03594771241830065
1 0.7477477477477478 0.6519607843137255 0.02702702702702703 0.03594771241830065
1 0.7646396396396397 0.5735294117647058 0.02927927927927928 0.042483660130718956
1 0.7691441441441441 0.7238562091503268 0.024774774774774775 0.03594771241830065
4 0.7961711711711712 0.7434640522875817 0.01126126126126126 0.016339869281045753