3 0.9783549783549783 0.5 0.03896103896103896 1
3 0.04112554112554113 0.49842767295597484 0.07792207792207792 0.9968553459119497
2 0.14177489177489178 0.8128930817610063 0.023809523809523808 0.03459119496855346
2 0.16558441558441558 0.7405660377358491 0.023809523809523808 0.03459119496855346
2 0.20562770562770563 0.6808176100628931 0.025974025974025976 0.03459119496855346
2 0.17316017316017315 0.6132075471698113 0.025974025974025976 0.03773584905660377
2 0.170995670995671 0.6776729559748428 0.025974025974025976 0.03459119496855346
5 0.12229437229437229 0.75 0.023809523809523808 0.03459119496855346
5 0.14393939393939395 0.5864779874213837 0.023809523809523808 0.03459119496855346
0 0.21536796536796537 0.7830188679245284 0.023809523809523808 0.03773584905660377
0 0.1461038961038961 0.6745283018867925 0.023809523809523808 0.03459119496855346
1 0.10281385281385282 0.7751572327044025 0.023809523809523808 0.03459119496855346
1 0.19913419913419914 0.7374213836477987 0.021645021645021644 0.03459119496855346
1 0.19696969696969696 0.6462264150943396 0.025974025974025976 0.03459119496855346
1 0.18073593073593072 0.5707547169811321 0.02813852813852814 0.040880503144654086
1 0.1764069264069264 0.7154088050314465 0.023809523809523808 0.03459119496855346
4 0.15043290043290045 0.7342767295597484 0.010822510822510822 0.015723270440251572