3 0.06630434782608696 0.49841772151898733 0.1282608695652174 0.9968354430379747
2 0.1923913043478261 0.8243670886075949 0.02391304347826087 0.03481012658227848
2 0.21630434782608696 0.7515822784810127 0.02391304347826087 0.03481012658227848
2 0.2565217391304348 0.6914556962025317 0.02608695652173913 0.03481012658227848
2 0.22391304347826088 0.6234177215189873 0.02608695652173913 0.0379746835443038
2 0.2217391304347826 0.6882911392405063 0.02608695652173913 0.03481012658227848
5 0.17282608695652174 0.7610759493670886 0.02391304347826087 0.03481012658227848
5 0.19456521739130433 0.5965189873417721 0.02391304347826087 0.03481012658227848
0 0.266304347826087 0.7943037974683544 0.02391304347826087 0.0379746835443038
0 0.1967391304347826 0.685126582278481 0.02391304347826087 0.03481012658227848
1 0.1532608695652174 0.7863924050632911 0.02391304347826087 0.03481012658227848
1 0.25 0.7484177215189873 0.021739130434782608 0.03481012658227848
1 0.24782608695652175 0.6566455696202531 0.02608695652173913 0.03481012658227848
1 0.23152173913043478 0.5806962025316456 0.02826086956521739 0.04113924050632911
1 0.22717391304347825 0.7262658227848101 0.02391304347826087 0.03481012658227848
4 0.20108695652173914 0.745253164556962 0.010869565217391304 0.015822784810126583