3 0.06387665198237885 0.09554140127388536 0.12334801762114538 0.1910828025477707
2 0.22466960352422907 0.8614649681528662 0.02643171806167401 0.03503184713375796
2 0.21696035242290748 0.7977707006369427 0.028634361233480177 0.03503184713375796
2 0.2544052863436123 0.7308917197452229 0.028634361233480177 0.03503184713375796
2 0.22356828193832598 0.7277070063694268 0.028634361233480177 0.03503184713375796
2 0.22246696035242292 0.6624203821656051 0.02643171806167401 0.03821656050955414
5 0.19273127753303965 0.6353503184713376 0.024229074889867842 0.03503184713375796
5 0.20374449339207049 0.7547770700636943 0.024229074889867842 0.03184713375796178
0 0.197136563876652 0.6990445859872612 0.024229074889867842 0.03503184713375796
0 0.2665198237885463 0.8359872611464968 0.022026431718061675 0.03503184713375796
1 0.25 0.7898089171974523 0.024229074889867842 0.03821656050955414
1 0.22577092511013216 0.7627388535031847 0.028634361233480177 0.03503184713375796
1 0.24559471365638766 0.697452229299363 0.028634361233480177 0.03821656050955414
1 0.17070484581497797 0.643312101910828 0.024229074889867842 0.03184713375796178
1 0.23127753303964757 0.6210191082802548 0.02643171806167401 0.03821656050955414
4 0.21475770925110133 0.7738853503184714 0.006607929515418502 0.012738853503184714
3 0.06167400881057269 0.643312101910828 0.11894273127753303 0.7070063694267515