3 0.978125 0.5 0.03958333333333333 0.9939393939393939
3 0.0625 0.5 0.12083333333333333 0.9939393939393939
2 0.6770833333333334 0.7424242424242424 0.025 0.03636363636363636
2 0.5333333333333333 0.6181818181818182 0.025 0.03636363636363636
2 0.584375 0.3333333333333333 0.022916666666666665 0.030303030303030304
2 0.5354166666666667 0.0893939393939394 0.025 0.03939393939393939
2 0.5697916666666667 0.04393939393939394 0.022916666666666665 0.03939393939393939
5 0.2635416666666667 0.4575757575757576 0.022916666666666665 0.030303030303030304
5 0.8114583333333333 0.7484848484848485 0.022916666666666665 0.03636363636363636
0 0.6791666666666667 0.6924242424242424 0.025 0.03333333333333333
0 0.4083333333333333 0.9242424242424242 0.020833333333333332 0.030303030303030304
1 0.7375 0.45454545454545453 0.025 0.03636363636363636
1 0.59375 0.4803030303030303 0.025 0.03333333333333333
1 0.5666666666666667 0.42272727272727273 0.025 0.03939393939393939
1 0.5927083333333333 0.16818181818181818 0.022916666666666665 0.03333333333333333
1 0.24895833333333334 0.556060606060606 0.022916666666666665 0.03333333333333333
4 0.509375 0.346969696969697 0.010416666666666666 0.015151515151515152