3 0.9327354260089686 0.5 0.13452914798206278 0.9935064935064936
2 0.26681614349775784 0.8051948051948052 0.026905829596412557 0.03896103896103896
2 0.42152466367713004 0.672077922077922 0.026905829596412557 0.03896103896103896
2 0.3665919282511211 0.36688311688311687 0.02466367713004484 0.032467532467532464
2 0.4192825112107623 0.10551948051948051 0.026905829596412557 0.04220779220779221
2 0.38228699551569506 0.056818181818181816 0.02466367713004484 0.04220779220779221
5 0.7118834080717489 0.5 0.02466367713004484 0.032467532467532464
5 0.12219730941704036 0.8116883116883117 0.02466367713004484 0.03896103896103896
0 0.2645739910313901 0.7516233766233766 0.026905829596412557 0.03571428571428571
0 0.5582959641255605 0.9886363636363636 0.026905829596412557 0.016233766233766232
1 0.20179372197309417 0.4967532467532468 0.026905829596412557 0.03896103896103896
1 0.35650224215246634 0.5243506493506493 0.026905829596412557 0.03571428571428571
1 0.38565022421524664 0.46266233766233766 0.026905829596412557 0.04220779220779221
1 0.3576233183856502 0.18993506493506493 0.02466367713004484 0.03571428571428571
1 0.7275784753363229 0.6055194805194806 0.02466367713004484 0.03571428571428571
4 0.44730941704035876 0.3814935064935065 0.011210762331838564 0.016233766233766232