3 0.05365296803652968 0.10264900662251655 0.10273972602739725 0.2052980132450331
2 0.1095890410958904 0.7649006622516556 0.0273972602739726 0.033112582781456956
2 0.22945205479452055 0.7814569536423841 0.02511415525114155 0.033112582781456956
2 0.2694063926940639 0.7764900662251656 0.0273972602739726 0.03642384105960265
2 0.22602739726027396 0.7466887417218543 0.0319634703196347 0.03642384105960265
2 0.3059360730593607 0.7168874172185431 0.0273972602739726 0.03642384105960265
5 0.2922374429223744 0.7549668874172185 0.0228310502283105 0.033112582781456956
5 0.2728310502283105 0.6125827814569537 0.02511415525114155 0.033112582781456956
0 0.1917808219178082 0.7665562913907285 0.0273972602739726 0.03642384105960265
0 0.2636986301369863 0.8890728476821192 0.02511415525114155 0.03642384105960265
1 0.2454337899543379 0.9122516556291391 0.02511415525114155 0.03642384105960265
1 0.2888127853881279 0.8774834437086093 0.02511415525114155 0.033112582781456956
1 0.2454337899543379 0.7185430463576159 0.02511415525114155 0.039735099337748346
1 0.271689497716895 0.7235099337748344 0.0273972602739726 0.03642384105960265
1 0.2876712328767123 0.6721854304635762 0.0228310502283105 0.033112582781456956
4 0.2328767123287671 0.902317880794702 0.0091324200913242 0.016556291390728478
3 0.04908675799086758 0.7201986754966887 0.09360730593607305 0.5529801324503312