3 0.021966527196652718 0.5 0.043933054393305436 0.9939393939393939
3 0.946652719665272 0.8803030303030303 0.10669456066945607 0.23333333333333334
2 0.8891213389121339 0.2515151515151515 0.02510460251046025 0.030303030303030304
2 0.7792887029288703 0.23636363636363636 0.02301255230125523 0.030303030303030304
2 0.7426778242677824 0.2409090909090909 0.02510460251046025 0.03333333333333333
2 0.7824267782426778 0.2681818181818182 0.029288702928870293 0.03333333333333333
2 0.7092050209205021 0.29545454545454547 0.02510460251046025 0.03333333333333333
5 0.7217573221757322 0.2606060606060606 0.02092050209205021 0.030303030303030304
5 0.7395397489539749 0.39090909090909093 0.02301255230125523 0.030303030303030304
0 0.8138075313807531 0.25 0.02510460251046025 0.03333333333333333
0 0.747907949790795 0.13787878787878788 0.02301255230125523 0.03333333333333333
1 0.7646443514644351 0.11666666666666667 0.02301255230125523 0.03333333333333333
1 0.7248953974895398 0.1484848484848485 0.02301255230125523 0.030303030303030304
1 0.7646443514644351 0.29393939393939394 0.02301255230125523 0.03636363636363636
1 0.7405857740585774 0.28939393939393937 0.02510460251046025 0.03333333333333333
1 0.7259414225941423 0.33636363636363636 0.02092050209205021 0.030303030303030304
4 0.7761506276150628 0.12575757575757576 0.008368200836820083 0.015151515151515152
3 0.9497907949790795 0.27424242424242423 0.09623430962343096 0.5424242424242425