3 0.9527027027027027 0.8856209150326797 0.0945945945945946 0.2222222222222222
2 0.9009009009009009 0.2222222222222222 0.02702702702702703 0.032679738562091505
2 0.7826576576576577 0.20588235294117646 0.024774774774774775 0.032679738562091505
2 0.7432432432432432 0.2107843137254902 0.02702702702702703 0.03594771241830065
2 0.786036036036036 0.24019607843137256 0.03153153153153153 0.03594771241830065
2 0.7072072072072072 0.2696078431372549 0.02702702702702703 0.03594771241830065
5 0.7207207207207207 0.23202614379084968 0.02252252252252252 0.032679738562091505
5 0.7398648648648649 0.37254901960784315 0.024774774774774775 0.032679738562091505
0 0.8198198198198198 0.22058823529411764 0.02702702702702703 0.03594771241830065
0 0.7488738738738738 0.09967320261437909 0.024774774774774775 0.03594771241830065
1 0.7668918918918919 0.07679738562091504 0.024774774774774775 0.03594771241830065
1 0.7240990990990991 0.1111111111111111 0.024774774774774775 0.032679738562091505
1 0.7668918918918919 0.2679738562091503 0.024774774774774775 0.0392156862745098
1 0.740990990990991 0.2630718954248366 0.02702702702702703 0.03594771241830065
1 0.7252252252252253 0.3137254901960784 0.02252252252252252 0.032679738562091505
4 0.7792792792792793 0.08660130718954248 0.009009009009009009 0.016339869281045753
3 0.956081081081081 0.27124183006535946 0.08333333333333333 0.5359477124183006