3 0.015350877192982455 0.5 0.03070175438596491 0.9936708860759493
3 0.9550438596491229 0.5 0.08991228070175439 0.9936708860759493
2 0.6743421052631579 0.7531645569620253 0.02412280701754386 0.04430379746835443
2 0.7214912280701754 0.7689873417721519 0.02631578947368421 0.0379746835443038
2 0.7028508771929824 0.8022151898734177 0.019736842105263157 0.03481012658227848
2 0.7214912280701754 0.8259493670886076 0.02631578947368421 0.04430379746835443
5 0.7554824561403509 0.7531645569620253 0.02412280701754386 0.03164556962025317
5 0.6337719298245614 0.8212025316455697 0.021929824561403508 0.03481012658227848
0 0.5285087719298246 0.754746835443038 0.021929824561403508 0.03481012658227848
1 0.5252192982456141 0.8481012658227848 0.02412280701754386 0.0379746835443038
1 0.5701754385964912 0.8117088607594937 0.02631578947368421 0.04113924050632911
1 0.6951754385964912 0.7689873417721519 0.021929824561403508 0.0379746835443038
1 0.7094298245614035 0.7357594936708861 0.02412280701754386 0.03481012658227848
1 0.6491228070175439 0.6724683544303798 0.021929824561403508 0.03481012658227848
4 0.5394736842105263 0.7784810126582279 0.008771929824561403 0.012658227848101266