3 0.9823651452282157 0.5 0.03112033195020747 0.9939759036144579
3 0.06327800829875518 0.5 0.12240663900414937 0.9939759036144579
2 0.18568464730290457 0.09186746987951808 0.022821576763485476 0.03313253012048193
2 0.39730290456431533 0.1460843373493976 0.01867219917012448 0.02710843373493976
2 0.27282157676348545 0.30271084337349397 0.022821576763485476 0.03313253012048193
2 0.33713692946058094 0.3072289156626506 0.022821576763485476 0.03614457831325301
2 0.5373443983402489 0.4171686746987952 0.024896265560165973 0.03313253012048193
5 0.31742738589211617 0.21084337349397592 0.02074688796680498 0.030120481927710843
5 0.13070539419087138 0.3463855421686747 0.024896265560165973 0.030120481927710843
0 0.2645228215767635 0.3855421686746988 0.022821576763485476 0.030120481927710843
0 0.4211618257261411 0.14759036144578314 0.02074688796680498 0.030120481927710843
1 0.39730290456431533 0.2319277108433735 0.022821576763485476 0.030120481927710843
1 0.3900414937759336 0.2756024096385542 0.02074688796680498 0.02710843373493976
1 0.36099585062240663 0.3057228915662651 0.02074688796680498 0.02710843373493976
1 0.46265560165975106 0.28463855421686746 0.02074688796680498 0.03313253012048193
1 0.2894190871369295 0.338855421686747 0.01867219917012448 0.02710843373493976
4 0.4107883817427386 0.16415662650602408 0.008298755186721992 0.015060240963855422