3 0.9866071428571429 0.5 0.022321428571428572 1
3 0.03459821428571429 0.04838709677419355 0.06473214285714286 0.0967741935483871
2 0.31138392857142855 0.6612903225806451 0.024553571428571428 0.03870967741935484
2 0.17410714285714285 0.6596774193548387 0.026785714285714284 0.041935483870967745
2 0.07254464285714286 0.7451612903225806 0.029017857142857144 0.03870967741935484
2 0.17633928571428573 0.7629032258064516 0.022321428571428572 0.035483870967741936
2 0.2700892857142857 0.7596774193548387 0.026785714285714284 0.035483870967741936
5 0.25223214285714285 0.6629032258064517 0.022321428571428572 0.035483870967741936
5 0.3125 0.6983870967741935 0.022321428571428572 0.035483870967741936
0 0.15066964285714285 0.7467741935483871 0.024553571428571428 0.035483870967741936
0 0.25669642857142855 0.7870967741935484 0.022321428571428572 0.03225806451612903
1 0.24888392857142858 0.8548387096774194 0.020089285714285716 0.03225806451612903
1 0.3002232142857143 0.7387096774193549 0.024553571428571428 0.03870967741935484
1 0.2857142857142857 0.6564516129032258 0.022321428571428572 0.035483870967741936
1 0.29017857142857145 0.614516129032258 0.022321428571428572 0.02903225806451613
1 0.19866071428571427 0.7725806451612903 0.022321428571428572 0.035483870967741936
4 0.26674107142857145 0.6725806451612903 0.006696428571428571 0.016129032258064516
3 0.03125 0.7370967741935484 0.05803571428571429 0.5193548387096775