3 0.01956521739130435 0.5 0.0391304347826087 0.9936708860759493
3 0.9608695652173913 0.9367088607594937 0.0782608695652174 0.12025316455696203
2 0.683695652173913 0.3227848101265823 0.02391304347826087 0.0379746835443038
2 0.8173913043478261 0.32436708860759494 0.02608695652173913 0.04113924050632911
2 0.9163043478260869 0.24050632911392406 0.02826086956521739 0.0379746835443038
2 0.8152173913043478 0.2231012658227848 0.021739130434782608 0.03481012658227848
2 0.7239130434782609 0.22626582278481014 0.02608695652173913 0.03481012658227848
5 0.741304347826087 0.3212025316455696 0.021739130434782608 0.03481012658227848
5 0.6826086956521739 0.28639240506329117 0.021739130434782608 0.03481012658227848
0 0.8402173913043478 0.2389240506329114 0.02391304347826087 0.03481012658227848
0 0.7369565217391304 0.19936708860759494 0.021739130434782608 0.03164556962025317
1 0.7445652173913043 0.13291139240506328 0.01956521739130435 0.03164556962025317
1 0.6945652173913044 0.2468354430379747 0.02391304347826087 0.0379746835443038
1 0.7086956521739131 0.3275316455696203 0.021739130434782608 0.03481012658227848
1 0.7043478260869566 0.3686708860759494 0.021739130434782608 0.028481012658227847
1 0.7934782608695652 0.21360759493670886 0.021739130434782608 0.03481012658227848
4 0.7271739130434782 0.31170886075949367 0.006521739130434782 0.015822784810126583
3 0.9630434782608696 0.25316455696202533 0.06956521739130435 0.5