3 0.061422413793103446 0.0546875 0.11853448275862069 0.109375
2 0.3566810344827586 0.65625 0.023706896551724137 0.0375
2 0.22413793103448276 0.6546875 0.02586206896551724 0.040625
2 0.12607758620689655 0.7375 0.028017241379310345 0.0375
2 0.22629310344827586 0.7546875 0.021551724137931036 0.034375
2 0.3168103448275862 0.7515625 0.02586206896551724 0.034375
5 0.2995689655172414 0.6578125 0.021551724137931036 0.034375
5 0.3577586206896552 0.6921875 0.021551724137931036 0.034375
0 0.20150862068965517 0.7390625 0.023706896551724137 0.034375
0 0.30387931034482757 0.778125 0.021551724137931036 0.03125
1 0.2963362068965517 0.84375 0.01939655172413793 0.03125
1 0.3459051724137931 0.73125 0.023706896551724137 0.0375
1 0.33189655172413796 0.6515625 0.021551724137931036 0.034375
1 0.33620689655172414 0.6109375 0.021551724137931036 0.028125
1 0.2478448275862069 0.7640625 0.021551724137931036 0.034375
4 0.3135775862068966 0.6671875 0.00646551724137931 0.015625
3 0.05818965517241379 0.7375 0.11206896551724138 0.51875