3 0.05921052631578947 0.49841772151898733 0.11403508771929824 0.9968354430379747
2 0.6052631578947368 0.6993670886075949 0.021929824561403508 0.0379746835443038
2 0.5120614035087719 0.564873417721519 0.02412280701754386 0.04113924050632911
2 0.5120614035087719 0.32436708860759494 0.02850877192982456 0.04113924050632911
2 0.7028508771929824 0.27056962025316456 0.02412280701754386 0.04113924050632911
2 0.5482456140350878 0.40189873417721517 0.02631578947368421 0.0379746835443038
5 0.2675438596491228 0.569620253164557 0.02631578947368421 0.03164556962025317
5 0.8421052631578947 0.2674050632911392 0.02631578947368421 0.03481012658227848
0 0.7039473684210527 0.3227848101265823 0.021929824561403508 0.0379746835443038
0 0.41885964912280704 0.08069620253164557 0.021929824561403508 0.03481012658227848
1 0.6140350877192983 0.5458860759493671 0.021929824561403508 0.03481012658227848
1 0.7642543859649122 0.569620253164557 0.02850877192982456 0.0379746835443038
1 0.5855263157894737 0.6028481012658228 0.02631578947368421 0.04113924050632911
1 0.25109649122807015 0.4651898734177215 0.02412280701754386 0.0379746835443038
1 0.5986842105263158 0.8465189873417721 0.02631578947368421 0.04113924050632911
4 0.5054824561403509 0.5031645569620253 0.010964912280701754 0.02531645569620253