3 0.01276595744680851 0.5 0.02553191489361702 0.9938271604938271
3 0.9436170212765957 0.5 0.1127659574468085 0.9938271604938271
2 0.6914893617021277 0.3410493827160494 0.02553191489361702 0.033950617283950615
2 0.7914893617021277 0.31790123456790126 0.02553191489361702 0.037037037037037035
2 0.8085106382978723 0.3549382716049383 0.02553191489361702 0.037037037037037035
2 0.8819148936170212 0.26851851851851855 0.027659574468085105 0.037037037037037035
2 0.7797872340425532 0.2515432098765432 0.023404255319148935 0.033950617283950615
5 0.8106382978723404 0.2916666666666667 0.02553191489361702 0.033950617283950615
5 0.6510638297872341 0.3132716049382716 0.02553191489361702 0.033950617283950615
0 0.8106382978723404 0.25925925925925924 0.02553191489361702 0.030864197530864196
0 0.7893617021276595 0.279320987654321 0.02553191489361702 0.033950617283950615
1 0.7595744680851064 0.24228395061728394 0.02553191489361702 0.033950617283950615
1 0.6946808510638298 0.26697530864197533 0.023404255319148935 0.033950617283950615
1 0.6553191489361702 0.2777777777777778 0.02553191489361702 0.037037037037037035
1 0.674468085106383 0.3950617283950617 0.02127659574468085 0.030864197530864196
1 0.7808510638297872 0.35648148148148145 0.02553191489361702 0.040123456790123455
4 0.7936170212765957 0.25617283950617287 0.00851063829787234 0.012345679012345678