3 0.95662100456621 0.49834437086092714 0.0821917808219178 0.9966887417218543
2 0.7054794520547946 0.640728476821192 0.0273972602739726 0.03642384105960265
2 0.8127853881278538 0.6655629139072847 0.0273972602739726 0.039735099337748346
2 0.8310502283105022 0.6258278145695364 0.0273972602739726 0.039735099337748346
2 0.9098173515981736 0.7185430463576159 0.02968036529680365 0.039735099337748346
2 0.8002283105022832 0.7367549668874173 0.02511415525114155 0.03642384105960265
5 0.8333333333333334 0.6937086092715232 0.0273972602739726 0.03642384105960265
5 0.6621004566210046 0.6705298013245033 0.0273972602739726 0.03642384105960265
0 0.8333333333333334 0.7284768211920529 0.0273972602739726 0.033112582781456956
0 0.8105022831050228 0.706953642384106 0.0273972602739726 0.03642384105960265
1 0.7785388127853882 0.7466887417218543 0.0273972602739726 0.03642384105960265
1 0.708904109589041 0.7201986754966887 0.02511415525114155 0.03642384105960265
1 0.6666666666666666 0.7086092715231788 0.0273972602739726 0.039735099337748346
1 0.6872146118721462 0.5827814569536424 0.0228310502283105 0.033112582781456956
1 0.8013698630136986 0.6241721854304636 0.0273972602739726 0.04304635761589404
4 0.815068493150685 0.7317880794701986 0.0091324200913242 0.013245033112582781