3 0.017241379310344827 0.4984375 0.034482758620689655 0.996875
3 0.9493534482758621 0.4984375 0.09698275862068965 0.996875
2 0.4202586206896552 0.69375 0.021551724137931036 0.0375
2 0.5118534482758621 0.5609375 0.023706896551724137 0.040625
2 0.5118534482758621 0.3234375 0.028017241379310345 0.040625
2 0.32435344827586204 0.2703125 0.023706896551724137 0.040625
2 0.47629310344827586 0.4 0.02586206896551724 0.0375
5 0.7521551724137931 0.565625 0.02586206896551724 0.03125
5 0.1875 0.2671875 0.02586206896551724 0.034375
0 0.3232758620689655 0.321875 0.021551724137931036 0.0375
0 0.603448275862069 0.0828125 0.021551724137931036 0.034375
1 0.41163793103448276 0.5421875 0.021551724137931036 0.034375
1 0.2640086206896552 0.565625 0.028017241379310345 0.0375
1 0.4396551724137931 0.5984375 0.02586206896551724 0.040625
1 0.7683189655172413 0.4625 0.023706896551724137 0.0375
1 0.4267241379310345 0.8390625 0.02586206896551724 0.040625
4 0.5183189655172413 0.5 0.010775862068965518 0.025