3 0.06493506493506493 0.49842767295597484 0.12554112554112554 0.9968553459119497
2 0.3852813852813853 0.9827044025157232 0.030303030303030304 0.02830188679245283
2 0.23593073593073594 0.7767295597484277 0.021645021645021644 0.031446540880503145
2 0.29545454545454547 0.7295597484276729 0.023809523809523808 0.03773584905660377
2 0.3939393939393939 0.6022012578616353 0.025974025974025976 0.03459119496855346
2 0.4134199134199134 0.6194968553459119 0.025974025974025976 0.03773584905660377
5 0.4696969696969697 0.7311320754716981 0.021645021645021644 0.03459119496855346
5 0.22077922077922077 0.6698113207547169 0.025974025974025976 0.031446540880503145
0 0.36363636363636365 0.6194968553459119 0.021645021645021644 0.031446540880503145
0 0.30952380952380953 0.7531446540880503 0.021645021645021644 0.03459119496855346
1 0.4036796536796537 0.6588050314465409 0.023809523809523808 0.03459119496855346
1 0.341991341991342 0.6147798742138365 0.021645021645021644 0.02830188679245283
1 0.44805194805194803 0.7295597484276729 0.021645021645021644 0.031446540880503145
1 0.43398268398268397 0.7940251572327044 0.023809523809523808 0.03459119496855346
1 0.26082251082251084 0.7814465408805031 0.023809523809523808 0.03459119496855346
4 0.3777056277056277 0.6367924528301887 0.010822510822510822 0.015723270440251572