3 0.0668103448275862 0.4984375 0.12931034482758622 0.996875
2 0.6142241379310345 0.6875 0.021551724137931036 0.0375
2 0.572198275862069 0.428125 0.023706896551724137 0.0375
2 0.5538793103448276 0.3890625 0.02586206896551724 0.034375
2 0.5204741379310345 0.340625 0.032327586206896554 0.05
2 0.49353448275862066 0.2984375 0.02586206896551724 0.040625
5 0.5959051724137931 0.5078125 0.023706896551724137 0.034375
5 0.17025862068965517 0.575 0.02586206896551724 0.03125
0 0.5420258620689655 0.4953125 0.023706896551724137 0.034375
0 0.5193965517241379 0.2984375 0.021551724137931036 0.034375
1 0.5484913793103449 0.2859375 0.023706896551724137 0.034375
1 0.5668103448275862 0.5359375 0.02586206896551724 0.034375
1 0.5732758620689655 0.61875 0.02586206896551724 0.0375
1 0.6185344827586207 0.609375 0.021551724137931036 0.03125
1 0.6357758620689655 0.709375 0.02586206896551724 0.0375
4 0.5226293103448276 0.2765625 0.010775862068965518 0.015625