3 0.9772727272727273 0.5 0.04132231404958678 0.9940119760479041
3 0.0640495867768595 0.5 0.12396694214876033 0.9940119760479041
2 0.5867768595041323 0.33532934131736525 0.02066115702479339 0.03592814371257485
2 0.5464876033057852 0.5838323353293413 0.022727272727272728 0.03592814371257485
2 0.5289256198347108 0.6212574850299402 0.024793388429752067 0.03293413173652695
2 0.496900826446281 0.6676646706586826 0.030991735537190084 0.04790419161676647
2 0.47107438016528924 0.7080838323353293 0.024793388429752067 0.038922155688622756
5 0.5692148760330579 0.5074850299401198 0.022727272727272728 0.03293413173652695
5 0.16115702479338842 0.4431137724550898 0.024793388429752067 0.029940119760479042
0 0.5175619834710744 0.5194610778443114 0.022727272727272728 0.03293413173652695
0 0.49586776859504134 0.7080838323353293 0.02066115702479339 0.03293413173652695
1 0.5237603305785123 0.7200598802395209 0.022727272727272728 0.03293413173652695
1 0.5413223140495868 0.4805389221556886 0.024793388429752067 0.03293413173652695
1 0.5475206611570248 0.40119760479041916 0.024793388429752067 0.03592814371257485
1 0.5909090909090909 0.4101796407185629 0.02066115702479339 0.029940119760479042
1 0.6074380165289256 0.3143712574850299 0.024793388429752067 0.03592814371257485
4 0.4989669421487603 0.7290419161676647 0.010330578512396695 0.014970059880239521