3 0.9840425531914894 0.5 0.027659574468085105 1
3 0.05319148936170213 0.15895061728395063 0.10212765957446808 0.31790123456790126
2 0.2297872340425532 0.933641975308642 0.02553191489361702 0.033950617283950615
2 0.20957446808510638 0.7901234567901234 0.019148936170212766 0.030864197530864196
2 0.26276595744680853 0.7330246913580247 0.023404255319148935 0.033950617283950615
2 0.3404255319148936 0.7314814814814815 0.02553191489361702 0.037037037037037035
2 0.3776595744680851 0.7608024691358025 0.023404255319148935 0.040123456790123455
5 0.19680851063829788 0.6851851851851852 0.023404255319148935 0.030864197530864196
5 0.4053191489361702 0.8194444444444444 0.023404255319148935 0.033950617283950615
0 0.28404255319148936 0.7623456790123457 0.023404255319148935 0.030864197530864196
0 0.32340425531914896 0.691358024691358 0.02127659574468085 0.030864197530864196
1 0.3 0.6296296296296297 0.02127659574468085 0.030864197530864196
1 0.3446808510638298 0.7685185185185185 0.02553191489361702 0.037037037037037035
1 0.2521276595744681 0.8117283950617284 0.023404255319148935 0.030864197530864196
1 0.23191489361702128 0.7901234567901234 0.02553191489361702 0.037037037037037035
1 0.2425531914893617 0.7592592592592593 0.02553191489361702 0.037037037037037035
4 0.3148936170212766 0.7067901234567902 0.00851063829787234 0.012345679012345678
3 0.05 0.7067901234567902 0.09574468085106383 0.5802469135802469