3 0.9771784232365145 0.5 0.04149377593360996 0.9939759036144579
3 0.06224066390041494 0.5 0.12033195020746888 0.9939759036144579
2 0.5850622406639004 0.3373493975903614 0.02074688796680498 0.03614457831325301
2 0.5446058091286307 0.5873493975903614 0.022821576763485476 0.03614457831325301
2 0.5269709543568465 0.625 0.024896265560165973 0.03313253012048193
2 0.4948132780082988 0.6716867469879518 0.03112033195020747 0.04819277108433735
2 0.46887966804979253 0.7123493975903614 0.024896265560165973 0.0391566265060241
5 0.5674273858921162 0.5105421686746988 0.022821576763485476 0.03313253012048193
5 0.15767634854771784 0.4457831325301205 0.024896265560165973 0.030120481927710843
0 0.5155601659751037 0.5225903614457831 0.022821576763485476 0.03313253012048193
0 0.49377593360995853 0.7123493975903614 0.02074688796680498 0.03313253012048193
1 0.5217842323651453 0.7243975903614458 0.022821576763485476 0.03313253012048193
1 0.5394190871369294 0.48343373493975905 0.024896265560165973 0.03313253012048193
1 0.5456431535269709 0.4036144578313253 0.024896265560165973 0.03614457831325301
1 0.5892116182572614 0.4126506024096386 0.02074688796680498 0.030120481927710843
1 0.6058091286307054 0.31626506024096385 0.024896265560165973 0.03614457831325301
4 0.49688796680497926 0.733433734939759 0.01037344398340249 0.015060240963855422