3 0.9467391304347826 0.634493670886076 0.10217391304347827 0.7246835443037974
2 0.7608695652173914 0.9588607594936709 0.02608695652173913 0.0379746835443038
2 0.8119565217391305 0.8275316455696202 0.02391304347826087 0.028481012658227847
2 0.6880434782608695 0.6930379746835443 0.02391304347826087 0.03164556962025317
2 0.6478260869565218 0.75 0.02608695652173913 0.03164556962025317
2 0.6097826086956522 0.7816455696202531 0.02391304347826087 0.0379746835443038
5 0.6760869565217391 0.7753164556962026 0.021739130434782608 0.03164556962025317
5 0.5815217391304348 0.8417721518987342 0.02391304347826087 0.03164556962025317
0 0.7130434782608696 0.8338607594936709 0.021739130434782608 0.03481012658227848
0 0.6652173913043479 0.7056962025316456 0.021739130434782608 0.03164556962025317
1 0.6358695652173914 0.7832278481012658 0.02391304347826087 0.03481012658227848
1 0.6695652173913044 0.8069620253164557 0.021739130434782608 0.03164556962025317
1 0.7010869565217391 0.7658227848101266 0.02391304347826087 0.03164556962025317
1 0.7402173913043478 0.8306962025316456 0.02391304347826087 0.03481012658227848
1 0.7641304347826087 0.8275316455696202 0.02391304347826087 0.03481012658227848
4 0.6717391304347826 0.7246835443037974 0.008695652173913044 0.012658227848101266