3 0.022727272727272728 0.5 0.045454545454545456 0.9940119760479041
3 0.9369834710743802 0.5 0.12603305785123967 0.9940119760479041
2 0.6301652892561983 0.4865269461077844 0.02066115702479339 0.03293413173652695
2 0.6880165289256198 0.5389221556886228 0.024793388429752067 0.03592814371257485
2 0.3543388429752066 0.5598802395209581 0.022727272727272728 0.03592814371257485
2 0.41735537190082644 0.7065868263473054 0.024793388429752067 0.041916167664670656
2 0.31611570247933884 0.75 0.024793388429752067 0.038922155688622756
5 0.5402892561983471 0.531437125748503 0.022727272727272728 0.03293413173652695
5 0.06198347107438017 0.5134730538922155 0.024793388429752067 0.03293413173652695
0 0.5196280991735537 0.5374251497005988 0.022727272727272728 0.03293413173652695
0 0.5785123966942148 0.7470059880239521 0.02066115702479339 0.03293413173652695
1 0.609504132231405 0.9535928143712575 0.02066115702479339 0.03293413173652695
1 0.42355371900826444 0.7589820359281437 0.02066115702479339 0.03293413173652695
1 0.44421487603305787 0.5763473053892215 0.024793388429752067 0.038922155688622756
1 0.5351239669421488 0.38323353293413176 0.02066115702479339 0.03592814371257485
1 0.5702479338842975 0.3997005988023952 0.02066115702479339 0.03293413173652695
4 0.493801652892562 0.7395209580838323 0.008264462809917356 0.011976047904191617