3 0.02066115702479339 0.5 0.04132231404958678 0.9940119760479041
3 0.9421487603305785 0.36976047904191617 0.1115702479338843 0.7335329341317365
2 0.7582644628099173 0.08682634730538923 0.024793388429752067 0.03592814371257485
2 0.8068181818181818 0.21107784431137724 0.022727272727272728 0.02694610778443114
2 0.6890495867768595 0.3383233532934132 0.022727272727272728 0.029940119760479042
2 0.6508264462809917 0.2844311377245509 0.024793388429752067 0.029940119760479042
2 0.6146694214876033 0.25449101796407186 0.022727272727272728 0.03592814371257485
5 0.6776859504132231 0.26047904191616766 0.02066115702479339 0.029940119760479042
5 0.5878099173553719 0.19760479041916168 0.022727272727272728 0.029940119760479042
0 0.7128099173553719 0.20508982035928144 0.02066115702479339 0.03293413173652695
0 0.6673553719008265 0.3263473053892216 0.02066115702479339 0.029940119760479042
1 0.6394628099173554 0.25299401197604793 0.022727272727272728 0.03293413173652695
1 0.6714876033057852 0.23053892215568864 0.02066115702479339 0.029940119760479042
1 0.7014462809917356 0.2694610778443114 0.022727272727272728 0.029940119760479042
1 0.7386363636363636 0.20808383233532934 0.022727272727272728 0.03293413173652695
1 0.7613636363636364 0.21107784431137724 0.022727272727272728 0.03293413173652695
4 0.6735537190082644 0.3083832335329341 0.008264462809917356 0.011976047904191617