3 0.00641025641025641 0.5 0.01282051282051282 0.9937888198757764
3 0.9391025641025641 0.5 0.12179487179487179 0.9937888198757764
2 0.6025641025641025 0.2608695652173913 0.02564102564102564 0.037267080745341616
2 0.6452991452991453 0.3447204968944099 0.02564102564102564 0.037267080745341616
2 0.7938034188034188 0.2251552795031056 0.019230769230769232 0.034161490683229816
2 0.8600427350427351 0.2577639751552795 0.023504273504273504 0.037267080745341616
2 0.6260683760683761 0.13354037267080746 0.02564102564102564 0.037267080745341616
5 0.5758547008547008 0.20186335403726707 0.023504273504273504 0.031055900621118012
5 0.7916666666666666 0.09316770186335403 0.023504273504273504 0.037267080745341616
0 0.7275641025641025 0.2422360248447205 0.023504273504273504 0.037267080745341616
0 0.5972222222222222 0.34937888198757766 0.023504273504273504 0.034161490683229816
1 0.7414529914529915 0.31832298136645965 0.021367521367521368 0.034161490683229816
1 0.6367521367521367 0.2639751552795031 0.02564102564102564 0.037267080745341616
1 0.6207264957264957 0.04192546583850932 0.023504273504273504 0.034161490683229816
1 0.7713675213675214 0.22981366459627328 0.02564102564102564 0.037267080745341616
4 0.6121794871794872 0.10714285714285714 0.010683760683760684 0.015527950310559006
1 0.7467948717948718 0.4083850931677019 0.027777777777777776 0.040372670807453416