3 0.9854910714285714 0.5 0.024553571428571428 0.9935483870967742
3 0.03571428571428571 0.5 0.06696428571428571 0.9935483870967742
2 0.3549107142857143 0.24193548387096775 0.026785714285714284 0.03870967741935484
2 0.31026785714285715 0.32903225806451614 0.026785714285714284 0.03870967741935484
2 0.15513392857142858 0.20483870967741935 0.020089285714285716 0.035483870967741936
2 0.0859375 0.23870967741935484 0.024553571428571428 0.03870967741935484
2 0.33035714285714285 0.10967741935483871 0.026785714285714284 0.03870967741935484
5 0.3828125 0.18064516129032257 0.024553571428571428 0.03225806451612903
5 0.15736607142857142 0.06774193548387097 0.024553571428571428 0.03870967741935484
0 0.22433035714285715 0.22258064516129034 0.024553571428571428 0.03870967741935484
0 0.36049107142857145 0.3338709677419355 0.024553571428571428 0.035483870967741936
1 0.20982142857142858 0.3016129032258065 0.022321428571428572 0.035483870967741936
1 0.31919642857142855 0.24516129032258063 0.026785714285714284 0.03870967741935484
1 0.33482142857142855 0.017741935483870968 0.026785714285714284 0.02903225806451613
1 0.17857142857142858 0.20967741935483872 0.026785714285714284 0.03870967741935484
4 0.34486607142857145 0.08225806451612903 0.011160714285714286 0.016129032258064516
1 0.20424107142857142 0.3951612903225806 0.029017857142857144 0.041935483870967745