3 0.9777542372881356 0.5 0.04025423728813559 1
3 0.04978813559322034 0.49846625766871167 0.09533898305084745 0.9969325153374233
2 0.3707627118644068 0.7638036809815951 0.025423728813559324 0.03680981595092025
2 0.3283898305084746 0.6809815950920245 0.025423728813559324 0.03680981595092025
2 0.18114406779661016 0.799079754601227 0.019067796610169493 0.03374233128834356
2 0.11546610169491525 0.7668711656441718 0.023305084745762712 0.03680981595092025
2 0.3474576271186441 0.8895705521472392 0.025423728813559324 0.03680981595092025
5 0.3972457627118644 0.8220858895705522 0.023305084745762712 0.03067484662576687
5 0.1832627118644068 0.9294478527607362 0.023305084745762712 0.03680981595092025
0 0.2468220338983051 0.7822085889570553 0.023305084745762712 0.03680981595092025
0 0.3760593220338983 0.6763803680981595 0.023305084745762712 0.03374233128834356
1 0.2330508474576271 0.7070552147239264 0.0211864406779661 0.03374233128834356
1 0.336864406779661 0.7607361963190185 0.025423728813559324 0.03680981595092025
1 0.3527542372881356 0.9800613496932515 0.023305084745762712 0.03374233128834356
1 0.2033898305084746 0.7944785276073619 0.025423728813559324 0.03680981595092025
4 0.361228813559322 0.9156441717791411 0.01059322033898305 0.015337423312883436
1 0.2277542372881356 0.6180981595092024 0.02754237288135593 0.03987730061349693