3 0.057608695652173914 0.9287974683544303 0.1108695652173913 0.1360759493670886
2 0.2141304347826087 0.11550632911392406 0.02391304347826087 0.03481012658227848
2 0.21630434782608696 0.15348101265822786 0.02826086956521739 0.04113924050632911
2 0.3673913043478261 0.12658227848101267 0.02608695652173913 0.0379746835443038
2 0.39021739130434785 0.25949367088607594 0.02391304347826087 0.0379746835443038
2 0.3456521739130435 0.3449367088607595 0.02608695652173913 0.0379746835443038
5 0.41847826086956524 0.19778481012658228 0.02391304347826087 0.03481012658227848
5 0.2 0.08860759493670886 0.02608695652173913 0.0379746835443038
0 0.39565217391304347 0.34810126582278483 0.02608695652173913 0.0379746835443038
0 0.266304347826087 0.24050632911392406 0.02391304347826087 0.0379746835443038
1 0.31521739130434784 0.18670886075949367 0.02608695652173913 0.0379746835443038
1 0.28804347826086957 0.058544303797468354 0.02826086956521739 0.04113924050632911
1 0.3717391304347826 0.03955696202531646 0.02608695652173913 0.04113924050632911
1 0.3565217391304348 0.26424050632911394 0.02608695652173913 0.03481012658227848
1 0.24456521739130435 0.31170886075949367 0.02391304347826087 0.03481012658227848
4 0.3815217391304348 0.10284810126582279 0.010869565217391304 0.015822784810126583
3 0.05217391304347826 0.28639240506329117 0.1 0.5664556962025317