3 0.9391891891891891 0.0915032679738562 0.11711711711711711 0.1830065359477124
2 0.7736486486486487 0.9526143790849673 0.024774774774774775 0.03594771241830065
2 0.7713963963963963 0.9133986928104575 0.02927927927927928 0.042483660130718956
2 0.6148648648648649 0.9411764705882353 0.02702702702702703 0.0392156862745098
2 0.5912162162162162 0.803921568627451 0.024774774774774775 0.0392156862745098
2 0.6373873873873874 0.7156862745098039 0.02702702702702703 0.0392156862745098
5 0.5619369369369369 0.8676470588235294 0.024774774774774775 0.03594771241830065
5 0.7894144144144144 0.9787581699346405 0.02927927927927928 0.03594771241830065
0 0.5855855855855856 0.7124183006535948 0.02702702702702703 0.0392156862745098
0 0.7195945945945946 0.8235294117647058 0.024774774774774775 0.0392156862745098
1 0.668918918918919 0.8790849673202614 0.02702702702702703 0.0392156862745098
1 0.6261261261261262 0.7990196078431373 0.02702702702702703 0.03594771241830065
1 0.7421171171171171 0.75 0.024774774774774775 0.03594771241830065
4 0.6002252252252253 0.9656862745098039 0.01126126126126126 0.016339869281045753
3 0.9436936936936937 0.7401960784313726 0.10810810810810811 0.5130718954248366