3 0.06621004566210045 0.49834437086092714 0.1278538812785388 0.9966887417218543
2 0.3984018264840183 0.5082781456953642 0.02511415525114155 0.03642384105960265
2 0.3356164383561644 0.4503311258278146 0.0273972602739726 0.046357615894039736
2 0.634703196347032 0.2682119205298013 0.0273972602739726 0.039735099337748346
2 0.4748858447488584 0.2185430463576159 0.0228310502283105 0.039735099337748346
5 0.5 0.4586092715231788 0.0228310502283105 0.03642384105960265
5 0.6221461187214612 0.47019867549668876 0.02511415525114155 0.033112582781456956
0 0.521689497716895 0.4519867549668874 0.02054794520547945 0.03642384105960265
0 0.4463470319634703 0.20860927152317882 0.02054794520547945 0.039735099337748346
1 0.6015981735159818 0.4139072847682119 0.02511415525114155 0.039735099337748346
1 0.6278538812785388 0.20695364238410596 0.0228310502283105 0.03642384105960265
1 0.4417808219178082 0.597682119205298 0.02511415525114155 0.04304635761589404
1 0.4714611872146119 0.6125827814569537 0.02511415525114155 0.039735099337748346
1 0.5034246575342466 0.6225165562913907 0.02511415525114155 0.039735099337748346
4 0.5502283105022832 0.22847682119205298 0.0091324200913242 0.013245033112582781