3 0.020833333333333332 0.5 0.041666666666666664 0.9936708860759493
3 0.9660087719298246 0.9066455696202531 0.06798245614035088 0.18037974683544303
2 0.8278508771929824 0.07120253164556962 0.02412280701754386 0.03481012658227848
2 0.8256578947368421 0.10917721518987342 0.02850877192982456 0.04113924050632911
2 0.6732456140350878 0.08227848101265822 0.02631578947368421 0.0379746835443038
2 0.6502192982456141 0.21518987341772153 0.02412280701754386 0.0379746835443038
2 0.6951754385964912 0.30063291139240506 0.02631578947368421 0.0379746835443038
5 0.6217105263157895 0.15348101265822786 0.02412280701754386 0.03481012658227848
5 0.8421052631578947 0.04430379746835443 0.02631578947368421 0.0379746835443038
0 0.6447368421052632 0.3037974683544304 0.02631578947368421 0.0379746835443038
0 0.7752192982456141 0.1962025316455696 0.02412280701754386 0.0379746835443038
1 0.7258771929824561 0.14240506329113925 0.02631578947368421 0.0379746835443038
1 0.7543859649122807 0.0189873417721519 0.03070175438596491 0.03164556962025317
1 0.6699561403508771 0.00949367088607595 0.02850877192982456 0.012658227848101266
1 0.6842105263157895 0.2199367088607595 0.02631578947368421 0.03481012658227848
1 0.7971491228070176 0.2674050632911392 0.02412280701754386 0.03481012658227848
4 0.6589912280701754 0.058544303797468354 0.010964912280701754 0.015822784810126583
3 0.9692982456140351 0.26424050632911394 0.05701754385964912 0.5221518987341772