3 0.9795454545454545 0.5 0.03636363636363636 0.993421052631579
3 0.02159090909090909 0.5 0.038636363636363635 0.993421052631579
2 0.2409090909090909 0.08223684210526316 0.02727272727272727 0.039473684210526314
2 0.1431818181818182 0.05592105263157895 0.022727272727272728 0.03289473684210526
2 0.15 0.09210526315789473 0.02727272727272727 0.039473684210526314
2 0.3306818181818182 0.20065789473684212 0.025 0.039473684210526314
2 0.11818181818181818 0.3651315789473684 0.02727272727272727 0.039473684210526314
5 0.3613636363636364 0.13815789473684212 0.022727272727272728 0.03289473684210526
5 0.13068181818181818 0.02138157894736842 0.025 0.03618421052631579
0 0.09545454545454546 0.1513157894736842 0.02727272727272727 0.039473684210526314
0 0.2 0.1825657894736842 0.02727272727272727 0.03618421052631579
1 0.23522727272727273 0.15953947368421054 0.029545454545454545 0.04276315789473684
1 0.1784090909090909 0.2565789473684211 0.025 0.039473684210526314
1 0.2943181818181818 0.20559210526315788 0.025 0.03618421052631579
1 0.15568181818181817 0.023026315789473683 0.025 0.03289473684210526
1 0.2215909090909091 0.008223684210526315 0.029545454545454545 0.009868421052631578
4 0.14431818181818182 0.13157894736842105 0.011363636363636364 0.013157894736842105