3 0.9862869198312236 0.5 0.023206751054852322 1
3 0.060126582278481014 0.49847560975609756 0.1160337552742616 0.9969512195121951
2 0.3059071729957806 0.8567073170731707 0.02531645569620253 0.036585365853658534
2 0.21518987341772153 0.8810975609756098 0.02109704641350211 0.03048780487804878
2 0.22151898734177214 0.8475609756097561 0.02531645569620253 0.036585365853658534
2 0.38924050632911394 0.7469512195121951 0.023206751054852322 0.036585365853658534
2 0.19198312236286919 0.5945121951219512 0.02531645569620253 0.036585365853658534
5 0.4177215189873418 0.8048780487804879 0.02109704641350211 0.03048780487804878
5 0.20358649789029537 0.913109756097561 0.023206751054852322 0.03353658536585366
0 0.17088607594936708 0.7926829268292683 0.02531645569620253 0.036585365853658534
0 0.2679324894514768 0.7637195121951219 0.02531645569620253 0.03353658536585366
1 0.30063291139240506 0.7850609756097561 0.027426160337552744 0.039634146341463415
1 0.2478902953586498 0.6951219512195121 0.023206751054852322 0.036585365853658534
1 0.35548523206751054 0.7423780487804879 0.023206751054852322 0.03353658536585366
1 0.22679324894514769 0.9115853658536586 0.023206751054852322 0.03048780487804878
1 0.2890295358649789 0.9390243902439024 0.02531645569620253 0.036585365853658534
4 0.21624472573839662 0.8109756097560976 0.010548523206751054 0.012195121951219513