3 0.9778481012658228 0.5 0.04008438818565401 0.9939024390243902
3 0.052742616033755275 0.5 0.10126582278481013 0.9939024390243902
2 0.29430379746835444 0.15701219512195122 0.023206751054852322 0.03353658536585366
2 0.2890295358649789 0.12347560975609756 0.02531645569620253 0.03353658536585366
2 0.14029535864978904 0.16615853658536586 0.023206751054852322 0.039634146341463415
2 0.19725738396624473 0.10365853658536585 0.023206751054852322 0.03048780487804878
2 0.17616033755274263 0.3902439024390244 0.027426160337552744 0.036585365853658534
5 0.399789029535865 0.18140243902439024 0.023206751054852322 0.03353658536585366
5 0.18565400843881857 0.07164634146341463 0.02531645569620253 0.03353658536585366
0 0.16455696202531644 0.17530487804878048 0.02531645569620253 0.03353658536585366
0 0.14135021097046413 0.21341463414634146 0.02531645569620253 0.03048780487804878
1 0.25316455696202533 0.25152439024390244 0.02531645569620253 0.03353658536585366
1 0.22679324894514769 0.19969512195121952 0.023206751054852322 0.03353658536585366
1 0.2141350210970464 0.15548780487804878 0.027426160337552744 0.042682926829268296
1 0.28375527426160335 0.19817073170731708 0.027426160337552744 0.036585365853658534
1 0.2109704641350211 0.07621951219512195 0.02531645569620253 0.036585365853658534
4 0.19936708860759494 0.1722560975609756 0.010548523206751054 0.01524390243902439