3 0.9769736842105263 0.5 0.041666666666666664 1
3 0.03399122807017544 0.49841772151898733 0.06359649122807018 0.9968354430379747
2 0.26644736842105265 0.875 0.02412280701754386 0.03481012658227848
2 0.26096491228070173 0.9098101265822784 0.02631578947368421 0.03481012658227848
2 0.10635964912280702 0.865506329113924 0.02412280701754386 0.04113924050632911
2 0.16557017543859648 0.930379746835443 0.02412280701754386 0.03164556962025317
2 0.14364035087719298 0.6329113924050633 0.02850877192982456 0.0379746835443038
5 0.37609649122807015 0.8496835443037974 0.02412280701754386 0.03481012658227848
5 0.15350877192982457 0.9636075949367089 0.02631578947368421 0.03481012658227848
0 0.13157894736842105 0.8560126582278481 0.02631578947368421 0.03481012658227848
0 0.1074561403508772 0.8164556962025317 0.02631578947368421 0.03164556962025317
1 0.2236842105263158 0.7768987341772152 0.02631578947368421 0.03481012658227848
1 0.1962719298245614 0.8306962025316456 0.02412280701754386 0.03481012658227848
1 0.18311403508771928 0.8765822784810127 0.02850877192982456 0.04430379746835443
1 0.25548245614035087 0.8322784810126582 0.02850877192982456 0.0379746835443038
1 0.17982456140350878 0.9588607594936709 0.02631578947368421 0.0379746835443038
4 0.16776315789473684 0.8591772151898734 0.010964912280701754 0.015822784810126583