3 0.991304347826087 0.5 0.013043478260869565 0.9936708860759493
3 0.05326086956521739 0.5 0.10217391304347827 0.9936708860759493
2 0.3010869565217391 0.16930379746835442 0.02391304347826087 0.03481012658227848
2 0.2956521739130435 0.13449367088607594 0.02608695652173913 0.03481012658227848
2 0.1423913043478261 0.1787974683544304 0.02391304347826087 0.04113924050632911
2 0.20108695652173914 0.11392405063291139 0.02391304347826087 0.03164556962025317
2 0.1793478260869565 0.41139240506329117 0.02826086956521739 0.0379746835443038
5 0.4097826086956522 0.19462025316455697 0.02391304347826087 0.03481012658227848
5 0.1891304347826087 0.08069620253164557 0.02608695652173913 0.03481012658227848
0 0.1673913043478261 0.18829113924050633 0.02608695652173913 0.03481012658227848
0 0.14347826086956522 0.22784810126582278 0.02608695652173913 0.03164556962025317
1 0.25869565217391305 0.2674050632911392 0.02608695652173913 0.03481012658227848
1 0.23152173913043478 0.21360759493670886 0.02391304347826087 0.03481012658227848
1 0.2184782608695652 0.16772151898734178 0.02826086956521739 0.04430379746835443
1 0.2902173913043478 0.2120253164556962 0.02826086956521739 0.0379746835443038
1 0.21521739130434783 0.08544303797468354 0.02608695652173913 0.0379746835443038
4 0.20326086956521738 0.185126582278481 0.010869565217391304 0.015822784810126583