3 0.9852320675105485 0.5 0.02531645569620253 1
3 0.0580168776371308 0.49847560975609756 0.11181434599156118 0.9969512195121951
2 0.3037974683544304 0.8551829268292683 0.02531645569620253 0.03353658536585366
2 0.3090717299578059 0.8216463414634146 0.023206751054852322 0.03353658536585366
2 0.15611814345991562 0.8155487804878049 0.02531645569620253 0.03353658536585366
2 0.2320675105485232 0.6783536585365854 0.02109704641350211 0.03353658536585366
2 0.189873417721519 0.5884146341463414 0.02531645569620253 0.036585365853658534
5 0.1930379746835443 0.7027439024390244 0.023206751054852322 0.03353658536585366
5 0.41455696202531644 0.7987804878048781 0.023206751054852322 0.03048780487804878
0 0.169831223628692 0.7865853658536586 0.023206751054852322 0.03048780487804878
0 0.15611814345991562 0.7637195121951219 0.02531645569620253 0.03353658536585366
1 0.2542194092827004 0.6707317073170732 0.023206751054852322 0.03048780487804878
1 0.28375527426160335 0.7103658536585366 0.023206751054852322 0.036585365853658534
1 0.2668776371308017 0.7301829268292683 0.023206751054852322 0.03353658536585366
1 0.28375527426160335 0.7530487804878049 0.023206751054852322 0.03048780487804878
1 0.29957805907172996 0.7789634146341463 0.02531645569620253 0.03353658536585366
4 0.22468354430379747 0.6554878048780488 0.010548523206751054 0.012195121951219513