3 0.9353070175438597 0.49841772151898733 0.125 0.9968354430379747
2 0.6754385964912281 0.8971518987341772 0.02631578947368421 0.03481012658227848
2 0.6699561403508771 0.8623417721518988 0.02412280701754386 0.03481012658227848
2 0.8289473684210527 0.8560126582278481 0.02631578947368421 0.03481012658227848
2 0.75 0.7136075949367089 0.021929824561403508 0.03481012658227848
2 0.793859649122807 0.620253164556962 0.02631578947368421 0.0379746835443038
5 0.7905701754385965 0.7389240506329114 0.02412280701754386 0.03481012658227848
5 0.5603070175438597 0.8386075949367089 0.02412280701754386 0.03164556962025317
0 0.8146929824561403 0.8259493670886076 0.02412280701754386 0.03164556962025317
0 0.8289473684210527 0.8022151898734177 0.02631578947368421 0.03481012658227848
1 0.7269736842105263 0.7056962025316456 0.02412280701754386 0.03164556962025317
1 0.6962719298245614 0.7468354430379747 0.02412280701754386 0.0379746835443038
1 0.7138157894736842 0.7674050632911392 0.02412280701754386 0.03481012658227848
1 0.6962719298245614 0.7911392405063291 0.02412280701754386 0.03164556962025317
1 0.6798245614035088 0.8180379746835443 0.02631578947368421 0.03481012658227848
4 0.7576754385964912 0.689873417721519 0.010964912280701754 0.012658227848101266