3 0.9819819819819819 0.5 0.03153153153153153 1
3 0.0259009009009009 0.49836601307189543 0.0472972972972973 0.9967320261437909
2 0.25225225225225223 0.8839869281045751 0.02702702702702703 0.03594771241830065
2 0.25788288288288286 0.8480392156862745 0.024774774774774775 0.03594771241830065
2 0.0945945945945946 0.8415032679738562 0.02702702702702703 0.03594771241830065
2 0.17567567567567569 0.6944444444444444 0.02252252252252252 0.03594771241830065
2 0.13063063063063063 0.5980392156862745 0.02702702702702703 0.0392156862745098
5 0.134009009009009 0.7205882352941176 0.024774774774774775 0.03594771241830065
5 0.3704954954954955 0.8235294117647058 0.024774774774774775 0.032679738562091505
0 0.10923423423423423 0.8104575163398693 0.024774774774774775 0.032679738562091505
0 0.0945945945945946 0.7859477124183006 0.02702702702702703 0.03594771241830065
1 0.19932432432432431 0.6862745098039216 0.024774774774774775 0.032679738562091505
1 0.23085585585585586 0.7287581699346405 0.024774774774774775 0.0392156862745098
1 0.21283783783783783 0.75 0.024774774774774775 0.03594771241830065
1 0.23085585585585586 0.7745098039215687 0.024774774774774775 0.032679738562091505
1 0.24774774774774774 0.8022875816993464 0.02702702702702703 0.03594771241830065
4 0.1677927927927928 0.6699346405228758 0.01126126126126126 0.013071895424836602