3 0.952914798206278 0.49837662337662336 0.08968609865470852 0.9967532467532467
2 0.8408071748878924 0.935064935064935 0.026905829596412557 0.03896103896103896
2 0.6121076233183856 0.8766233766233766 0.02242152466367713 0.032467532467532464
2 0.7466367713004485 0.7126623376623377 0.026905829596412557 0.03571428571428571
2 0.6760089686098655 0.7045454545454546 0.02466367713004484 0.03896103896103896
2 0.4585201793721973 0.5844155844155844 0.02466367713004484 0.03896103896103896
5 0.6973094170403588 0.8084415584415584 0.02242152466367713 0.032467532467532464
5 0.897982062780269 0.6623376623376623 0.02466367713004484 0.032467532467532464
0 0.7544843049327354 0.6201298701298701 0.02466367713004484 0.032467532467532464
0 0.5852017937219731 0.8766233766233766 0.02242152466367713 0.032467532467532464
1 0.6109865470852018 0.7840909090909091 0.02466367713004484 0.03571428571428571
1 0.6177130044843049 0.737012987012987 0.02466367713004484 0.032467532467532464
1 0.5403587443946188 0.7288961038961039 0.026905829596412557 0.03571428571428571
1 0.6502242152466368 0.7045454545454546 0.02242152466367713 0.032467532467532464
1 0.7286995515695067 0.6688311688311688 0.026905829596412557 0.032467532467532464
4 0.5952914798206278 0.8587662337662337 0.011210762331838564 0.016233766233766232