3 0.9760416666666667 0.5 0.04375 0.9939393939393939
3 0.057291666666666664 0.5 0.11041666666666666 0.9939393939393939
2 0.17291666666666666 0.09090909090909091 0.025 0.03636363636363636
2 0.3854166666666667 0.14545454545454545 0.020833333333333332 0.030303030303030304
2 0.2604166666666667 0.29848484848484846 0.025 0.03333333333333333
2 0.3260416666666667 0.30606060606060603 0.022916666666666665 0.03636363636363636
2 0.528125 0.41818181818181815 0.022916666666666665 0.03636363636363636
5 0.30625 0.20909090909090908 0.020833333333333332 0.030303030303030304
5 0.11979166666666667 0.34545454545454546 0.022916666666666665 0.030303030303030304
0 0.253125 0.38484848484848483 0.022916666666666665 0.030303030303030304
0 0.41041666666666665 0.14545454545454545 0.020833333333333332 0.030303030303030304
1 0.38645833333333335 0.2318181818181818 0.022916666666666665 0.03333333333333333
1 0.3802083333333333 0.27575757575757576 0.022916666666666665 0.030303030303030304
1 0.45208333333333334 0.2833333333333333 0.025 0.03333333333333333
1 0.35 0.30606060606060603 0.020833333333333332 0.030303030303030304
1 0.27708333333333335 0.3393939393939394 0.025 0.030303030303030304
4 0.4010416666666667 0.1621212121212121 0.010416666666666666 0.015151515151515152