3 0.98125 0.5 0.03333333333333333 1
3 0.059375 0.13333333333333333 0.11458333333333333 0.26666666666666666
2 0.26145833333333335 0.796969696969697 0.027083333333333334 0.03636363636363636
2 0.171875 0.7136363636363636 0.027083333333333334 0.03333333333333333
2 0.33958333333333335 0.706060606060606 0.025 0.03636363636363636
2 0.23020833333333332 0.5984848484848485 0.022916666666666665 0.02727272727272727
2 0.18958333333333333 0.5878787878787879 0.025 0.03636363636363636
5 0.30104166666666665 0.8272727272727273 0.022916666666666665 0.030303030303030304
5 0.11041666666666666 0.6696969696969697 0.025 0.030303030303030304
0 0.22395833333333334 0.706060606060606 0.022916666666666665 0.030303030303030304
0 0.14583333333333334 0.7984848484848485 0.025 0.03333333333333333
1 0.234375 0.7363636363636363 0.027083333333333334 0.03636363636363636
1 0.27708333333333335 0.7242424242424242 0.025 0.03636363636363636
1 0.24791666666666667 0.6363636363636364 0.020833333333333332 0.030303030303030304
1 0.36770833333333336 0.6878787878787879 0.027083333333333334 0.03636363636363636
1 0.42083333333333334 0.8924242424242425 0.020833333333333332 0.03333333333333333
4 0.11354166666666667 0.6484848484848484 0.010416666666666666 0.012121212121212121
3 0.05416666666666667 0.5 0.10416666666666667 0.3212121212121212
3 0.05625 0.8454545454545455 0.10833333333333334 0.30303030303030304