3 0.9831223628691983 0.5 0.029535864978902954 1
3 0.05590717299578059 0.1326219512195122 0.10759493670886076 0.2652439024390244
2 0.2563291139240506 0.7987804878048781 0.027426160337552744 0.036585365853658534
2 0.16561181434599156 0.7149390243902439 0.027426160337552744 0.03353658536585366
2 0.33544303797468356 0.7073170731707317 0.02531645569620253 0.036585365853658534
2 0.22468354430379747 0.5990853658536586 0.023206751054852322 0.027439024390243903
2 0.18354430379746836 0.5884146341463414 0.02531645569620253 0.036585365853658534
5 0.29641350210970463 0.8292682926829268 0.023206751054852322 0.03048780487804878
5 0.10337552742616034 0.6707317073170732 0.02531645569620253 0.03048780487804878
0 0.21835443037974683 0.7073170731707317 0.023206751054852322 0.03048780487804878
0 0.13924050632911392 0.8003048780487805 0.02531645569620253 0.03353658536585366
1 0.2289029535864979 0.7378048780487805 0.027426160337552744 0.036585365853658534
1 0.2721518987341772 0.725609756097561 0.02531645569620253 0.036585365853658534
1 0.24261603375527427 0.6371951219512195 0.02109704641350211 0.03048780487804878
1 0.3639240506329114 0.6890243902439024 0.027426160337552744 0.036585365853658534
1 0.4177215189873418 0.8948170731707317 0.02109704641350211 0.03353658536585366
4 0.10654008438818566 0.649390243902439 0.010548523206751054 0.012195121951219513
3 0.05063291139240506 0.5 0.0970464135021097 0.3231707317073171
3 0.052742616033755275 0.8460365853658537 0.10126582278481013 0.3018292682926829