3 0.008658008658008658 0.5 0.017316017316017316 0.9937106918238994
3 0.9491341991341992 0.5314465408805031 0.09740259740259741 0.4088050314465409
2 0.7424242424242424 0.18396226415094338 0.025974025974025976 0.040880503144654086
2 0.8506493506493507 0.2688679245283019 0.030303030303030304 0.040880503144654086
2 0.8127705627705628 0.3443396226415094 0.02813852813852814 0.03459119496855346
2 0.7781385281385281 0.3915094339622642 0.023809523809523808 0.03459119496855346
2 0.8225108225108225 0.42138364779874216 0.025974025974025976 0.03773584905660377
5 0.7023809523809523 0.1540880503144654 0.023809523809523808 0.031446540880503145
5 0.9025974025974026 0.31761006289308175 0.021645021645021644 0.031446540880503145
0 0.8647186147186147 0.18238993710691823 0.023809523809523808 0.031446540880503145
0 0.8517316017316018 0.20754716981132076 0.02813852813852814 0.031446540880503145
1 0.803030303030303 0.27044025157232704 0.021645021645021644 0.031446540880503145
1 0.7716450216450217 0.25157232704402516 0.02813852813852814 0.03773584905660377
1 0.7586580086580087 0.35062893081761004 0.023809523809523808 0.02830188679245283
1 0.8116883116883117 0.38836477987421386 0.025974025974025976 0.03459119496855346
1 0.8798701298701299 0.3160377358490566 0.023809523809523808 0.03459119496855346
4 0.8982683982683982 0.33962264150943394 0.012987012987012988 0.012578616352201259
3 0.9491341991341992 0.14779874213836477 0.09740259740259741 0.2893081761006289