3 0.023706896551724137 0.4984375 0.04741379310344827 0.996875
3 0.9568965517241379 0.09375 0.08189655172413793 0.1875
2 0.2963362068965517 0.85 0.023706896551724137 0.0375
2 0.7618534482758621 0.4359375 0.023706896551724137 0.034375
2 0.6702586206896551 0.290625 0.02586206896551724 0.0375
2 0.9213362068965517 0.2078125 0.028017241379310345 0.040625
2 0.6594827586206896 0.453125 0.02586206896551724 0.0375
5 0.4364224137931034 0.28125 0.023706896551724137 0.03125
5 0.9030172413793104 0.1015625 0.02586206896551724 0.034375
0 0.5915948275862069 0.1953125 0.023706896551724137 0.034375
0 0.740301724137931 0.9 0.023706896551724137 0.03125
1 0.5301724137931034 0.6484375 0.02586206896551724 0.034375
1 0.6637931034482759 0.503125 0.021551724137931036 0.0375
1 0.7435344827586207 0.4109375 0.021551724137931036 0.034375
1 0.3135775862068966 0.3546875 0.023706896551724137 0.034375
1 0.6163793103448276 0.0140625 0.02586206896551724 0.028125
4 0.5948275862068966 0.53125 0.008620689655172414 0.0125
3 0.9601293103448276 0.6140625 0.07543103448275862 0.765625