3 0.9851063829787234 0.5 0.02553191489361702 1
3 0.05425531914893617 0.08641975308641975 0.10425531914893617 0.1728395061728395
2 0.25638297872340426 0.8101851851851852 0.023404255319148935 0.033950617283950615
2 0.15106382978723404 0.7268518518518519 0.02553191489361702 0.033950617283950615
2 0.18936170212765957 0.6527777777777778 0.02553191489361702 0.033950617283950615
2 0.22234042553191488 0.6064814814814815 0.023404255319148935 0.027777777777777776
2 0.17872340425531916 0.5756172839506173 0.02553191489361702 0.033950617283950615
5 0.2968085106382979 0.8395061728395061 0.023404255319148935 0.030864197530864196
5 0.10106382978723404 0.6790123456790124 0.023404255319148935 0.030864197530864196
0 0.15106382978723404 0.7870370370370371 0.02553191489361702 0.030864197530864196
0 0.1372340425531915 0.8117283950617284 0.023404255319148935 0.030864197530864196
1 0.19893617021276597 0.7253086419753086 0.023404255319148935 0.030864197530864196
1 0.2276595744680851 0.7453703703703703 0.02553191489361702 0.033950617283950615
1 0.2425531914893617 0.6466049382716049 0.02127659574468085 0.027777777777777776
1 0.12446808510638298 0.6805555555555556 0.023404255319148935 0.033950617283950615
1 0.18723404255319148 0.6095679012345679 0.02553191489361702 0.033950617283950615
4 0.10531914893617021 0.6574074074074074 0.010638297872340425 0.012345679012345678
3 0.052127659574468084 0.5092592592592593 0.1 0.32098765432098764
3 0.052127659574468084 0.8503086419753086 0.1 0.2932098765432099