3 0.9506726457399103 0.9123376623376623 0.09865470852017937 0.16883116883116883
2 0.25672645739910316 0.1396103896103896 0.02466367713004484 0.03896103896103896
2 0.7410313901345291 0.5698051948051948 0.02466367713004484 0.03571428571428571
2 0.6457399103139013 0.7207792207792207 0.026905829596412557 0.03896103896103896
2 0.9069506726457399 0.8068181818181818 0.02914798206278027 0.04220779220779221
2 0.6345291479820628 0.551948051948052 0.026905829596412557 0.03896103896103896
5 0.4024663677130045 0.7305194805194806 0.02466367713004484 0.032467532467532464
5 0.8878923766816144 0.9172077922077922 0.026905829596412557 0.03571428571428571
0 0.5639013452914798 0.8198051948051948 0.02466367713004484 0.03571428571428571
0 0.718609865470852 0.08766233766233766 0.02466367713004484 0.032467532467532464
1 0.5 0.349025974025974 0.026905829596412557 0.03571428571428571
1 0.6390134529147982 0.5 0.02242152466367713 0.03896103896103896
1 0.7219730941704036 0.5957792207792207 0.02242152466367713 0.03571428571428571
1 0.27466367713004486 0.6542207792207793 0.02466367713004484 0.03571428571428571
4 0.5672645739910314 0.4707792207792208 0.008968609865470852 0.012987012987012988
3 0.952914798206278 0.39285714285714285 0.08968609865470852 0.7792207792207793