3 0.015690376569037656 0.5 0.03138075313807531 0.9939393939393939
3 0.9403765690376569 0.5 0.1192468619246862 0.9939393939393939
2 0.641213389121339 0.15 0.02301255230125523 0.03333333333333333
2 0.7353556485355649 0.2 0.027196652719665274 0.03636363636363636
2 0.7656903765690377 0.34393939393939393 0.02510460251046025 0.03333333333333333
2 0.7489539748953975 0.36666666666666664 0.02510460251046025 0.03636363636363636
2 0.6997907949790795 0.42272727272727273 0.02301255230125523 0.03333333333333333
5 0.8671548117154811 0.22121212121212122 0.02301255230125523 0.030303030303030304
5 0.6935146443514645 0.22272727272727272 0.02301255230125523 0.03333333333333333
0 0.852510460251046 0.2015151515151515 0.02301255230125523 0.03333333333333333
0 0.8389121338912134 0.22424242424242424 0.02510460251046025 0.03636363636363636
1 0.7405857740585774 0.28484848484848485 0.02092050209205021 0.030303030303030304
1 0.7207112970711297 0.296969696969697 0.02301255230125523 0.03636363636363636
1 0.7071129707112971 0.33181818181818185 0.02092050209205021 0.03333333333333333
1 0.7730125523012552 0.296969696969697 0.027196652719665274 0.03636363636363636
1 0.6464435146443515 0.26212121212121214 0.02510460251046025 0.03333333333333333
4 0.6778242677824268 0.23636363636363636 0.008368200836820083 0.012121212121212121