3 0.9779735682819384 0.5 0.039647577092511016 1
3 0.031938325991189426 0.4984076433121019 0.05947136563876652 0.9968152866242038
2 0.31387665198237885 0.893312101910828 0.024229074889867842 0.03503184713375796
2 0.21475770925110133 0.8407643312101911 0.028634361233480177 0.03821656050955414
2 0.1828193832599119 0.6894904458598726 0.02643171806167401 0.03503184713375796
2 0.20044052863436124 0.6656050955414012 0.02643171806167401 0.03821656050955414
2 0.2522026431718062 0.606687898089172 0.024229074889867842 0.03503184713375796
5 0.07599118942731277 0.8184713375796179 0.024229074889867842 0.03184713375796178
5 0.2588105726872247 0.8168789808917197 0.024229074889867842 0.03503184713375796
0 0.09140969162995595 0.839171974522293 0.024229074889867842 0.03503184713375796
0 0.10572687224669604 0.8152866242038217 0.02643171806167401 0.03821656050955414
1 0.2092511013215859 0.7515923566878981 0.022026431718061675 0.03184713375796178
1 0.2301762114537445 0.7388535031847133 0.024229074889867842 0.03821656050955414
1 0.2444933920704846 0.7022292993630573 0.022026431718061675 0.03503184713375796
1 0.1751101321585903 0.7388535031847133 0.028634361233480177 0.03821656050955414
1 0.30837004405286345 0.7754777070063694 0.02643171806167401 0.03503184713375796
4 0.2753303964757709 0.802547770700637 0.00881057268722467 0.012738853503184714