3 0.019791666666666666 0.4984848484848485 0.03958333333333333 0.996969696969697
3 0.9427083333333334 0.4984848484848485 0.11041666666666666 0.996969696969697
2 0.6489583333333333 0.8378787878787879 0.022916666666666665 0.03333333333333333
2 0.66875 0.6515151515151515 0.020833333333333332 0.030303030303030304
2 0.7552083333333334 0.6181818181818182 0.022916666666666665 0.03636363636363636
2 0.771875 0.6439393939393939 0.027083333333333334 0.03333333333333333
2 0.746875 0.796969696969697 0.027083333333333334 0.03636363636363636
5 0.7385416666666667 0.7666666666666667 0.022916666666666665 0.030303030303030304
5 0.8739583333333333 0.7651515151515151 0.022916666666666665 0.03333333333333333
0 0.8604166666666667 0.7863636363636364 0.025 0.03333333333333333
0 0.8447916666666667 0.7651515151515151 0.022916666666666665 0.03333333333333333
1 0.7864583333333334 0.75 0.027083333333333334 0.03333333333333333
1 0.7572916666666667 0.7181818181818181 0.022916666666666665 0.030303030303030304
1 0.7802083333333333 0.6924242424242424 0.027083333333333334 0.03333333333333333
1 0.7020833333333333 0.6818181818181818 0.020833333333333332 0.030303030303030304
1 0.6989583333333333 0.8015151515151515 0.022916666666666665 0.03333333333333333
4 0.6604166666666667 0.8469696969696969 0.008333333333333333 0.015151515151515152