3 0.00881057268722467 0.4984076433121019 0.01762114537444934 0.9968152866242038
2 0.47577092511013214 0.5047770700636943 0.02643171806167401 0.041401273885350316
2 0.7477973568281938 0.4171974522292994 0.024229074889867842 0.03821656050955414
2 0.6178414096916299 0.32643312101910826 0.028634361233480177 0.041401273885350316
2 0.9107929515418502 0.18312101910828024 0.028634361233480177 0.04777070063694268
2 0.6431718061674009 0.4315286624203822 0.02643171806167401 0.041401273885350316
5 0.41519823788546256 0.25796178343949044 0.024229074889867842 0.03821656050955414
5 0.24118942731277532 0.554140127388535 0.028634361233480177 0.03821656050955414
0 0.724669603524229 0.8869426751592356 0.022026431718061675 0.041401273885350316
0 0.5737885462555066 0.17038216560509553 0.024229074889867842 0.03503184713375796
1 0.5110132158590308 0.6289808917197452 0.02643171806167401 0.041401273885350316
1 0.6464757709251101 0.482484076433121 0.024229074889867842 0.03503184713375796
1 0.7290748898678414 0.39012738853503187 0.022026431718061675 0.03503184713375796
1 0.289647577092511 0.3343949044585987 0.024229074889867842 0.03821656050955414
4 0.5759911894273128 0.5127388535031847 0.011013215859030838 0.01910828025477707
3 0.9515418502202643 0.08280254777070063 0.09251101321585903 0.16560509554140126
3 0.9537444933920705 0.6019108280254777 0.0881057268722467 0.7898089171974523