3 0.05592105263157895 0.5 0.1074561403508772 0.9936708860759493
2 0.26206140350877194 0.20411392405063292 0.02850877192982456 0.03481012658227848
2 0.2949561403508772 0.23259493670886075 0.02850877192982456 0.04113924050632911
2 0.3399122807017544 0.3639240506329114 0.02631578947368421 0.0379746835443038
2 0.2741228070175439 0.39082278481012656 0.02631578947368421 0.03481012658227848
2 0.15789473684210525 0.3670886075949367 0.03070175438596491 0.0379746835443038
5 0.2532894736842105 0.24208860759493672 0.02412280701754386 0.03481012658227848
5 0.22697368421052633 0.24367088607594936 0.02412280701754386 0.0379746835443038
0 0.35635964912280704 0.15031645569620253 0.02412280701754386 0.03481012658227848
0 0.3541666666666667 0.04746835443037975 0.02412280701754386 0.03164556962025317
1 0.43530701754385964 0.2626582278481013 0.02412280701754386 0.0379746835443038
1 0.2149122807017544 0.27056962025316456 0.021929824561403508 0.028481012658227847
1 0.19846491228070176 0.2927215189873418 0.02412280701754386 0.03481012658227848
1 0.24561403508771928 0.41930379746835444 0.021929824561403508 0.03481012658227848
1 0.2532894736842105 0.4541139240506329 0.02850877192982456 0.03481012658227848
4 0.34539473684210525 0.16772151898734178 0.010964912280701754 0.012658227848101266