3 0.9364035087719298 0.49841772151898733 0.12280701754385964 0.9968354430379747
2 0.7203947368421053 0.8338607594936709 0.02850877192982456 0.03481012658227848
2 0.6875 0.805379746835443 0.02850877192982456 0.04113924050632911
2 0.6425438596491229 0.6740506329113924 0.02631578947368421 0.0379746835443038
2 0.7083333333333334 0.6471518987341772 0.02631578947368421 0.03481012658227848
2 0.8245614035087719 0.6708860759493671 0.03070175438596491 0.0379746835443038
5 0.7291666666666666 0.7958860759493671 0.02412280701754386 0.03481012658227848
5 0.7554824561403509 0.7943037974683544 0.02412280701754386 0.0379746835443038
0 0.6260964912280702 0.8876582278481012 0.02412280701754386 0.03481012658227848
0 0.6293859649122807 0.9857594936708861 0.02631578947368421 0.022151898734177215
1 0.5471491228070176 0.7753164556962026 0.02412280701754386 0.0379746835443038
1 0.7675438596491229 0.7674050632911392 0.021929824561403508 0.028481012658227847
1 0.7839912280701754 0.745253164556962 0.02412280701754386 0.03481012658227848
1 0.7368421052631579 0.6186708860759493 0.021929824561403508 0.03481012658227848
1 0.7291666666666666 0.5838607594936709 0.02850877192982456 0.03481012658227848
4 0.6370614035087719 0.870253164556962 0.010964912280701754 0.012658227848101266