3 0.007954545454545454 0.49835526315789475 0.015909090909090907 0.9967105263157895
3 0.9681818181818181 0.07072368421052631 0.05909090909090909 0.14144736842105263
2 0.7693181818181818 0.6299342105263158 0.020454545454545454 0.029605263157894735
2 0.8886363636363637 0.65625 0.02727272727272727 0.03618421052631579
2 0.8284090909090909 0.7319078947368421 0.025 0.03618421052631579
2 0.7477272727272727 0.7927631578947368 0.02727272727272727 0.039473684210526314
2 0.7795454545454545 0.8388157894736842 0.02727272727272727 0.039473684210526314
5 0.8568181818181818 0.8273026315789473 0.02727272727272727 0.03618421052631579
5 0.8022727272727272 0.7960526315789473 0.02727272727272727 0.03289473684210526
0 0.6840909090909091 0.881578947368421 0.02727272727272727 0.03289473684210526
0 0.6863636363636364 0.9819078947368421 0.02727272727272727 0.029605263157894735
1 0.6011363636363637 0.7631578947368421 0.025 0.039473684210526314
1 0.8431818181818181 0.7713815789473685 0.02727272727272727 0.03618421052631579
1 0.8545454545454545 0.7269736842105263 0.02727272727272727 0.039473684210526314
1 0.7965909090909091 0.600328947368421 0.025 0.03618421052631579
1 0.7920454545454545 0.5641447368421053 0.025 0.03618421052631579
4 0.6943181818181818 0.8618421052631579 0.011363636363636364 0.013157894736842105
3 0.9727272727272728 0.712171052631579 0.05 0.569078947368421