3 0.9657534246575342 0.11754966887417219 0.0639269406392694 0.23509933774834438
2 0.8424657534246576 0.8493377483443708 0.0273972602739726 0.04304635761589404
2 0.730593607305936 0.7450331125827815 0.0273972602739726 0.039735099337748346
2 0.7180365296803652 0.695364238410596 0.02511415525114155 0.033112582781456956
5 0.7534246575342466 0.7566225165562914 0.0228310502283105 0.03642384105960265
5 0.882420091324201 0.8443708609271523 0.02511415525114155 0.039735099337748346
0 0.75 0.8460264900662252 0.02511415525114155 0.03642384105960265
0 0.678082191780822 0.9039735099337748 0.0228310502283105 0.033112582781456956
1 0.5947488584474886 0.7831125827814569 0.02511415525114155 0.03642384105960265
1 0.6917808219178082 0.6539735099337748 0.0273972602739726 0.03642384105960265
1 0.7351598173515982 0.5728476821192053 0.0273972602739726 0.039735099337748346
1 0.8093607305936074 0.6821192052980133 0.02968036529680365 0.039735099337748346
1 0.7751141552511416 0.7582781456953642 0.02054794520547945 0.033112582781456956
4 0.6883561643835616 0.8857615894039735 0.01141552511415525 0.016556291390728478
2 0.773972602739726 0.6009933774834437 0.0273972602739726 0.04304635761589404
2 0.882420091324201 0.6754966887417219 0.02968036529680365 0.039735099337748346
3 0.9691780821917808 0.7317880794701986 0.05707762557077625 0.5298013245033113