3 0.9767932489451476 0.5 0.04219409282700422 0.9939024390243902
3 0.05485232067510549 0.5 0.10548523206751055 0.9939024390243902
2 0.4208860759493671 0.0899390243902439 0.023206751054852322 0.039634146341463415
2 0.3206751054852321 0.44359756097560976 0.02531645569620253 0.039634146341463415
2 0.510548523206751 0.4634146341463415 0.02531645569620253 0.036585365853658534
2 0.3575949367088608 0.5213414634146342 0.027426160337552744 0.036585365853658534
2 0.3818565400843882 0.6219512195121951 0.02531645569620253 0.036585365853658534
5 0.5748945147679325 0.6890243902439024 0.023206751054852322 0.036585365853658534
5 0.7827004219409283 0.3399390243902439 0.02531645569620253 0.03353658536585366
0 0.27848101265822783 0.08689024390243902 0.02109704641350211 0.03353658536585366
0 0.4219409282700422 0.7728658536585366 0.02109704641350211 0.03353658536585366
1 0.2869198312236287 0.5670731707317073 0.02109704641350211 0.036585365853658534
1 0.41244725738396626 0.9740853658536586 0.023206751054852322 0.039634146341463415
1 0.6951476793248945 0.6158536585365854 0.023206751054852322 0.036585365853658534
1 0.4831223628691983 0.3323170731707317 0.02531645569620253 0.042682926829268296
1 0.35337552742616035 0.4740853658536585 0.023206751054852322 0.03353658536585366
4 0.4208860759493671 0.44359756097560976 0.010548523206751054 0.01524390243902439