3 0.014583333333333334 0.5 0.029166666666666667 0.9939393939393939
3 0.9375 0.8727272727272727 0.125 0.24848484848484848
2 0.7916666666666666 0.18636363636363637 0.025 0.03939393939393939
2 0.6895833333333333 0.2818181818181818 0.025 0.03636363636363636
2 0.678125 0.32727272727272727 0.022916666666666665 0.030303030303030304
5 0.7104166666666667 0.27121212121212124 0.020833333333333332 0.03333333333333333
5 0.828125 0.19090909090909092 0.022916666666666665 0.03636363636363636
0 0.7072916666666667 0.1893939393939394 0.022916666666666665 0.03333333333333333
0 0.6416666666666667 0.13636363636363635 0.020833333333333332 0.030303030303030304
1 0.565625 0.24696969696969698 0.022916666666666665 0.03333333333333333
1 0.6541666666666667 0.36515151515151517 0.025 0.03333333333333333
1 0.69375 0.4393939393939394 0.025 0.03636363636363636
1 0.7614583333333333 0.3393939393939394 0.027083333333333334 0.03636363636363636
1 0.7302083333333333 0.2696969696969697 0.01875 0.030303030303030304
4 0.6510416666666666 0.15303030303030302 0.010416666666666666 0.015151515151515152
2 0.7291666666666666 0.41363636363636364 0.025 0.03939393939393939
2 0.828125 0.34545454545454546 0.027083333333333334 0.03636363636363636
3 0.9395833333333333 0.2696969696969697 0.11666666666666667 0.5333333333333333