3 0.9391592920353983 0.4983974358974359 0.1172566371681416 0.9967948717948718
2 0.6736725663716814 0.8637820512820513 0.024336283185840708 0.035256410256410256
2 0.6216814159292036 0.6506410256410257 0.02654867256637168 0.038461538461538464
2 0.7400442477876106 0.5993589743589743 0.024336283185840708 0.03205128205128205
2 0.7555309734513275 0.49198717948717946 0.028761061946902654 0.035256410256410256
2 0.831858407079646 0.6330128205128205 0.02654867256637168 0.035256410256410256
5 0.6980088495575221 0.7083333333333334 0.024336283185840708 0.03205128205128205
5 0.7112831858407079 0.6778846153846154 0.024336283185840708 0.035256410256410256
0 0.6924778761061947 0.8076923076923077 0.022123893805309734 0.038461538461538464
0 0.6581858407079646 0.8846153846153846 0.024336283185840708 0.03205128205128205
1 0.6869469026548672 0.6073717948717948 0.024336283185840708 0.028846153846153848
1 0.6471238938053098 0.6105769230769231 0.024336283185840708 0.035256410256410256
1 0.672566371681416 0.5785256410256411 0.02654867256637168 0.035256410256410256
1 0.6880530973451328 0.532051282051282 0.022123893805309734 0.03205128205128205
1 0.7610619469026548 0.6362179487179487 0.02654867256637168 0.035256410256410256
4 0.6891592920353983 0.8653846153846154 0.00663716814159292 0.01282051282051282