3 0.011702127659574468 0.4984567901234568 0.023404255319148935 0.9969135802469136
3 0.9393617021276596 0.10185185185185185 0.11702127659574468 0.2037037037037037
2 0.4957446808510638 0.7083333333333334 0.02127659574468085 0.033950617283950615
2 0.47127659574468084 0.5432098765432098 0.023404255319148935 0.037037037037037035
2 0.6638297872340425 0.5617283950617284 0.02553191489361702 0.037037037037037035
2 0.6180851063829788 0.4521604938271605 0.023404255319148935 0.033950617283950615
2 0.6031914893617021 0.38117283950617287 0.023404255319148935 0.033950617283950615
5 0.40638297872340423 0.3148148148148148 0.02127659574468085 0.030864197530864196
5 0.19893617021276597 0.6682098765432098 0.023404255319148935 0.033950617283950615
0 0.7063829787234043 0.9274691358024691 0.02127659574468085 0.033950617283950615
0 0.5606382978723404 0.23148148148148148 0.019148936170212766 0.030864197530864196
1 0.28617021276595744 0.3888888888888889 0.019148936170212766 0.030864197530864196
1 0.49361702127659574 0.6126543209876543 0.02127659574468085 0.027777777777777776
1 0.5553191489361702 0.7654320987654321 0.02127659574468085 0.030864197530864196
1 0.6404255319148936 0.49691358024691357 0.02127659574468085 0.030864197530864196
1 0.5712765957446808 0.027777777777777776 0.019148936170212766 0.037037037037037035
4 0.5638297872340425 0.5617283950617284 0.00851063829787234 0.012345679012345678
3 0.9436170212765957 0.720679012345679 0.10851063829787234 0.5524691358024691