3 0.932648401826484 0.5 0.13470319634703196 0.9933774834437086
2 0.6518264840182648 0.09768211920529801 0.02511415525114155 0.03642384105960265
2 0.5981735159817352 0.31788079470198677 0.0273972602739726 0.039735099337748346
2 0.7203196347031964 0.3708609271523179 0.02511415525114155 0.033112582781456956
2 0.7363013698630136 0.4817880794701987 0.02968036529680365 0.03642384105960265
2 0.815068493150685 0.3360927152317881 0.0273972602739726 0.03642384105960265
5 0.6769406392694064 0.2582781456953642 0.02511415525114155 0.033112582781456956
5 0.6906392694063926 0.2897350993377483 0.02511415525114155 0.03642384105960265
0 0.6712328767123288 0.15562913907284767 0.0228310502283105 0.039735099337748346
0 0.6358447488584474 0.076158940397351 0.02511415525114155 0.033112582781456956
1 0.6655251141552512 0.36258278145695366 0.02511415525114155 0.029801324503311258
1 0.6244292237442922 0.35927152317880795 0.02511415525114155 0.03642384105960265
1 0.6506849315068494 0.3923841059602649 0.0273972602739726 0.03642384105960265
1 0.6666666666666666 0.44039735099337746 0.0228310502283105 0.033112582781456956
1 0.7420091324200914 0.33278145695364236 0.0273972602739726 0.03642384105960265
4 0.6678082191780822 0.09602649006622517 0.00684931506849315 0.013245033112582781