3 0.02092050209205021 0.5 0.04184100418410042 0.9939393939393939
3 0.9414225941422594 0.8984848484848484 0.11715481171548117 0.19696969696969696
2 0.50418410041841 0.30454545454545456 0.02092050209205021 0.03333333333333333
2 0.4801255230125523 0.4666666666666667 0.02301255230125523 0.03636363636363636
2 0.6694560669456067 0.4484848484848485 0.02510460251046025 0.03636363636363636
2 0.6244769874476988 0.556060606060606 0.02301255230125523 0.03333333333333333
2 0.6098326359832636 0.6257575757575757 0.02301255230125523 0.03333333333333333
5 0.41631799163179917 0.6909090909090909 0.02092050209205021 0.030303030303030304
5 0.21234309623430964 0.34393939393939393 0.02301255230125523 0.03333333333333333
0 0.7112970711297071 0.0893939393939394 0.02092050209205021 0.03333333333333333
0 0.5679916317991632 0.7727272727272727 0.01882845188284519 0.030303030303030304
1 0.29811715481171547 0.6181818181818182 0.01882845188284519 0.030303030303030304
1 0.502092050209205 0.3984848484848485 0.02092050209205021 0.02727272727272727
1 0.5627615062761506 0.24848484848484848 0.02092050209205021 0.030303030303030304
1 0.6464435146443515 0.5121212121212121 0.02092050209205021 0.030303030303030304
1 0.5784518828451883 0.9727272727272728 0.01882845188284519 0.03636363636363636
4 0.5711297071129707 0.4484848484848485 0.008368200836820083 0.012121212121212121
3 0.944560669456067 0.2833333333333333 0.10669456066945607 0.5606060606060606