3 0.06493506493506493 0.5 0.12554112554112554 0.9937106918238994
2 0.512987012987013 0.33962264150943394 0.025974025974025976 0.03773584905660377
2 0.2532467532467532 0.3977987421383648 0.021645021645021644 0.03459119496855346
2 0.26082251082251084 0.6226415094339622 0.023809523809523808 0.03773584905660377
2 0.29004329004329005 0.8066037735849056 0.025974025974025976 0.040880503144654086
2 0.4253246753246753 0.9889937106918238 0.02813852813852814 0.015723270440251572
5 0.27813852813852813 0.7311320754716981 0.023809523809523808 0.03459119496855346
5 0.5194805194805194 0.41509433962264153 0.021645021645021644 0.031446540880503145
0 0.6655844155844156 0.45754716981132076 0.023809523809523808 0.03459119496855346
0 0.26406926406926406 0.9874213836477987 0.025974025974025976 0.018867924528301886
1 0.5064935064935064 0.8254716981132075 0.025974025974025976 0.040880503144654086
1 0.4134199134199134 0.5377358490566038 0.021645021645021644 0.03773584905660377
1 0.5487012987012987 0.4889937106918239 0.023809523809523808 0.03459119496855346
1 0.3300865800865801 0.3757861635220126 0.023809523809523808 0.03459119496855346
1 0.39935064935064934 0.2468553459119497 0.023809523809523808 0.040880503144654086
4 0.44155844155844154 0.9937106918238994 0.012987012987012988 0.006289308176100629