3 0.9869565217391304 0.5 0.021739130434782608 0.9936708860759493
3 0.05326086956521739 0.5 0.10217391304347827 0.9936708860759493
2 0.49130434782608695 0.33860759493670883 0.02608695652173913 0.0379746835443038
2 0.23043478260869565 0.3971518987341772 0.021739130434782608 0.03481012658227848
2 0.23804347826086958 0.6234177215189873 0.02391304347826087 0.0379746835443038
2 0.2673913043478261 0.8085443037974683 0.02608695652173913 0.04113924050632911
2 0.4032608695652174 0.990506329113924 0.02826086956521739 0.012658227848101266
5 0.2554347826086957 0.7325949367088608 0.02391304347826087 0.03481012658227848
5 0.49782608695652175 0.41455696202531644 0.021739130434782608 0.03164556962025317
0 0.6445652173913043 0.4572784810126582 0.02391304347826087 0.03481012658227848
0 0.24130434782608695 0.9889240506329114 0.02608695652173913 0.015822784810126583
1 0.48478260869565215 0.8275316455696202 0.02608695652173913 0.04113924050632911
1 0.391304347826087 0.5379746835443038 0.021739130434782608 0.0379746835443038
1 0.5271739130434783 0.4889240506329114 0.02391304347826087 0.03481012658227848
1 0.3076086956521739 0.375 0.02391304347826087 0.03481012658227848
1 0.37717391304347825 0.24525316455696203 0.02391304347826087 0.04113924050632911
4 0.41956521739130437 0.995253164556962 0.013043478260869565 0.0031645569620253164