3 0.06521739130434782 0.49841772151898733 0.12608695652173912 0.9968354430379747
2 0.17608695652173914 0.6598101265822784 0.02608695652173913 0.03481012658227848
2 0.24782608695652175 0.7278481012658228 0.021739130434782608 0.03164556962025317
2 0.3826086956521739 0.6819620253164557 0.02608695652173913 0.03481012658227848
2 0.38804347826086955 0.6471518987341772 0.02391304347826087 0.03481012658227848
2 0.25217391304347825 0.5205696202531646 0.02608695652173913 0.03481012658227848
5 0.2554347826086957 0.7768987341772152 0.02391304347826087 0.03481012658227848
5 0.4391304347826087 0.8306962025316456 0.021739130434782608 0.03481012658227848
0 0.4358695652173913 0.7357594936708861 0.02391304347826087 0.03481012658227848
0 0.3826086956521739 0.7151898734177216 0.021739130434782608 0.03164556962025317
1 0.29239130434782606 0.6598101265822784 0.02391304347826087 0.03481012658227848
1 0.375 0.5680379746835443 0.02391304347826087 0.03481012658227848
1 0.22391304347826088 0.745253164556962 0.02608695652173913 0.03481012658227848
1 0.24456521739130435 0.8069620253164557 0.02391304347826087 0.03164556962025317
1 0.48478260869565215 0.870253164556962 0.02608695652173913 0.0379746835443038
4 0.47282608695652173 0.8259493670886076 0.010869565217391304 0.012658227848101266