3 0.01859504132231405 0.49850299401197606 0.0371900826446281 0.9970059880239521
3 0.9380165289256198 0.49850299401197606 0.11983471074380166 0.9970059880239521
2 0.8326446280991735 0.6541916167664671 0.024793388429752067 0.03293413173652695
2 0.7644628099173554 0.718562874251497 0.02066115702479339 0.029940119760479042
2 0.6363636363636364 0.6751497005988024 0.024793388429752067 0.03293413173652695
2 0.631198347107438 0.6422155688622755 0.022727272727272728 0.03293413173652695
2 0.7603305785123967 0.5224550898203593 0.024793388429752067 0.03293413173652695
5 0.7572314049586777 0.7649700598802395 0.022727272727272728 0.03293413173652695
5 0.5826446280991735 0.8158682634730539 0.02066115702479339 0.03293413173652695
0 0.5857438016528925 0.7260479041916168 0.022727272727272728 0.03293413173652695
0 0.6363636363636364 0.7065868263473054 0.02066115702479339 0.029940119760479042
1 0.7221074380165289 0.6541916167664671 0.022727272727272728 0.03293413173652695
1 0.643595041322314 0.5673652694610778 0.022727272727272728 0.03293413173652695
1 0.7871900826446281 0.7350299401197605 0.024793388429752067 0.03293413173652695
1 0.7675619834710744 0.7934131736526946 0.022727272727272728 0.029940119760479042
1 0.5392561983471075 0.8532934131736527 0.024793388429752067 0.03592814371257485
4 0.5506198347107438 0.811377245508982 0.010330578512396695 0.011976047904191617