3 0.015690376569037656 0.5 0.03138075313807531 0.9939393939393939
3 0.9403765690376569 0.5 0.1192468619246862 0.9939393939393939
2 0.8347280334728033 0.33484848484848484 0.02510460251046025 0.03333333333333333
2 0.7656903765690377 0.2696969696969697 0.02092050209205021 0.030303030303030304
2 0.6359832635983264 0.31363636363636366 0.02510460251046025 0.03333333333333333
2 0.6307531380753139 0.346969696969697 0.02301255230125523 0.03333333333333333
2 0.7615062761506276 0.4681818181818182 0.02510460251046025 0.03333333333333333
5 0.7583682008368201 0.22272727272727272 0.02301255230125523 0.03333333333333333
5 0.5815899581589958 0.1712121212121212 0.02092050209205021 0.03333333333333333
0 0.5847280334728033 0.26212121212121214 0.02301255230125523 0.03333333333333333
0 0.6359832635983264 0.2818181818181818 0.02092050209205021 0.030303030303030304
1 0.7228033472803347 0.33484848484848484 0.02301255230125523 0.03333333333333333
1 0.643305439330544 0.42272727272727273 0.02301255230125523 0.03333333333333333
1 0.7887029288702929 0.25303030303030305 0.02510460251046025 0.03333333333333333
1 0.7688284518828452 0.19393939393939394 0.02301255230125523 0.030303030303030304
1 0.5376569037656904 0.13333333333333333 0.02510460251046025 0.03636363636363636
4 0.549163179916318 0.17575757575757575 0.010460251046025104 0.012121212121212121