3 0.017708333333333333 0.5 0.035416666666666666 0.9939393939393939
3 0.9354166666666667 0.5 0.12916666666666668 0.9939393939393939
2 0.484375 0.34545454545454546 0.022916666666666665 0.03636363636363636
2 0.471875 0.47424242424242424 0.027083333333333334 0.03939393939393939
2 0.6604166666666667 0.453030303030303 0.025 0.03939393939393939
2 0.6166666666666667 0.5621212121212121 0.029166666666666667 0.03939393939393939
2 0.6010416666666667 0.6318181818181818 0.027083333333333334 0.03939393939393939
5 0.409375 0.6954545454545454 0.022916666666666665 0.03333333333333333
5 0.20416666666666666 0.35 0.025 0.03333333333333333
0 0.559375 0.7787878787878788 0.022916666666666665 0.030303030303030304
0 0.7010416666666667 0.09696969696969697 0.022916666666666665 0.03636363636363636
1 0.5333333333333333 0.34545454545454546 0.020833333333333332 0.03636363636363636
1 0.5135416666666667 0.5121212121212121 0.022916666666666665 0.03636363636363636
1 0.6385416666666667 0.5196969696969697 0.022916666666666665 0.03939393939393939
1 0.290625 0.6242424242424243 0.022916666666666665 0.03636363636363636
1 0.5697916666666667 0.9787878787878788 0.022916666666666665 0.03636363636363636
4 0.5614583333333333 0.45454545454545453 0.010416666666666666 0.01818181818181818