3 0.02074688796680498 0.5 0.04149377593360996 0.9939759036144579
3 0.9408713692946058 0.5 0.11825726141078838 0.9939759036144579
2 0.8360995850622407 0.3463855421686747 0.024896265560165973 0.03614457831325301
2 0.6742738589211619 0.32228915662650603 0.02074688796680498 0.030120481927710843
2 0.6379668049792531 0.32680722891566266 0.022821576763485476 0.03313253012048193
2 0.6327800829875518 0.35993975903614456 0.024896265560165973 0.03313253012048193
2 0.7634854771784232 0.48042168674698793 0.024896265560165973 0.0391566265060241
5 0.7873443983402489 0.3689759036144578 0.022821576763485476 0.03313253012048193
5 0.6929460580912863 0.30271084337349397 0.02074688796680498 0.03313253012048193
0 0.6390041493775933 0.2921686746987952 0.02074688796680498 0.030120481927710843
0 0.6037344398340249 0.338855421686747 0.02074688796680498 0.03313253012048193
1 0.6006224066390041 0.27259036144578314 0.022821576763485476 0.03313253012048193
1 0.6556016597510373 0.2289156626506024 0.024896265560165973 0.03614457831325301
1 0.7427385892116183 0.3463855421686747 0.02074688796680498 0.030120481927710843
1 0.7271784232365145 0.3674698795180723 0.022821576763485476 0.03614457831325301
1 0.6483402489626556 0.43373493975903615 0.022821576763485476 0.03614457831325301
4 0.66701244813278 0.3072289156626506 0.01037344398340249 0.012048192771084338