3 0.0410958904109589 0.49834437086092714 0.0776255707762557 0.9966887417218543
2 0.5034246575342466 0.6754966887417219 0.02511415525114155 0.039735099337748346
2 0.5171232876712328 0.5347682119205298 0.02968036529680365 0.04304635761589404
2 0.3105022831050228 0.5579470198675497 0.0273972602739726 0.04304635761589404
2 0.3584474885844749 0.43874172185430466 0.0319634703196347 0.04304635761589404
2 0.3755707762557078 0.36258278145695366 0.02968036529680365 0.04304635761589404
5 0.5856164383561644 0.29304635761589404 0.02511415525114155 0.03642384105960265
5 0.8105022831050228 0.6705298013245033 0.0273972602739726 0.03642384105960265
0 0.4212328767123288 0.20198675496688742 0.02511415525114155 0.033112582781456956
0 0.2659817351598174 0.9470198675496688 0.02511415525114155 0.039735099337748346
1 0.4497716894977169 0.6754966887417219 0.0228310502283105 0.039735099337748346
1 0.4714611872146119 0.49337748344370863 0.02511415525114155 0.039735099337748346
1 0.3344748858447489 0.48509933774834435 0.02511415525114155 0.04304635761589404
1 0.7157534246575342 0.3708609271523179 0.02511415525114155 0.039735099337748346
4 0.4189497716894977 0.5562913907284768 0.01141552511415525 0.019867549668874173