3 0.06493506493506493 0.49842767295597484 0.12554112554112554 0.9968553459119497
2 0.5292207792207793 0.660377358490566 0.023809523809523808 0.03773584905660377
2 0.5422077922077922 0.5267295597484277 0.02813852813852814 0.040880503144654086
2 0.3463203463203463 0.5487421383647799 0.025974025974025976 0.040880503144654086
2 0.3917748917748918 0.43553459119496857 0.030303030303030304 0.040880503144654086
2 0.408008658008658 0.3632075471698113 0.02813852813852814 0.040880503144654086
5 0.6071428571428571 0.2971698113207547 0.023809523809523808 0.03459119496855346
5 0.8203463203463204 0.6556603773584906 0.025974025974025976 0.03459119496855346
0 0.4512987012987013 0.21069182389937108 0.023809523809523808 0.031446540880503145
0 0.3041125541125541 0.9182389937106918 0.023809523809523808 0.03773584905660377
1 0.47835497835497837 0.660377358490566 0.021645021645021644 0.03773584905660377
1 0.4989177489177489 0.48742138364779874 0.023809523809523808 0.03773584905660377
1 0.36904761904761907 0.47955974842767296 0.023809523809523808 0.040880503144654086
1 0.7305194805194806 0.3710691823899371 0.023809523809523808 0.03773584905660377
1 0.4393939393939394 0.012578616352201259 0.025974025974025976 0.025157232704402517
4 0.4491341991341991 0.5471698113207547 0.010822510822510822 0.018867924528301886