3 0.020833333333333332 0.5 0.041666666666666664 0.9939393939393939
3 0.9427083333333334 0.5 0.11458333333333333 0.9939393939393939
2 0.8395833333333333 0.34545454545454546 0.025 0.03636363636363636
2 0.6770833333333334 0.3212121212121212 0.020833333333333332 0.030303030303030304
2 0.640625 0.32575757575757575 0.022916666666666665 0.03333333333333333
2 0.6354166666666666 0.35909090909090907 0.025 0.03333333333333333
2 0.7666666666666667 0.4803030303030303 0.025 0.03939393939393939
5 0.790625 0.36818181818181817 0.022916666666666665 0.03333333333333333
5 0.6958333333333333 0.3015151515151515 0.020833333333333332 0.03333333333333333
0 0.6416666666666667 0.2909090909090909 0.020833333333333332 0.030303030303030304
0 0.60625 0.3378787878787879 0.020833333333333332 0.03333333333333333
1 0.603125 0.27121212121212124 0.022916666666666665 0.03333333333333333
1 0.6583333333333333 0.22727272727272727 0.025 0.03636363636363636
1 0.7458333333333333 0.34545454545454546 0.020833333333333332 0.030303030303030304
1 0.7302083333333333 0.36666666666666664 0.022916666666666665 0.03636363636363636
1 0.6510416666666666 0.43333333333333335 0.022916666666666665 0.03636363636363636
4 0.6697916666666667 0.30606060606060603 0.010416666666666666 0.012121212121212121