3 0.017634854771784232 0.5 0.035269709543568464 0.9939759036144579
3 0.9398340248962656 0.411144578313253 0.11618257261410789 0.8162650602409639
2 0.7385892116182573 0.29668674698795183 0.02074688796680498 0.02710843373493976
2 0.6296680497925311 0.3569277108433735 0.022821576763485476 0.03313253012048193
2 0.7531120331950207 0.34789156626506024 0.024896265560165973 0.03313253012048193
2 0.7302904564315352 0.42168674698795183 0.024896265560165973 0.03614457831325301
2 0.8309128630705395 0.3463855421686747 0.026970954356846474 0.03614457831325301
5 0.696058091286307 0.2319277108433735 0.022821576763485476 0.030120481927710843
5 0.783195020746888 0.3674698795180723 0.022821576763485476 0.030120481927710843
0 0.8122406639004149 0.23795180722891565 0.022821576763485476 0.030120481927710843
0 0.6058091286307054 0.3674698795180723 0.02074688796680498 0.030120481927710843
1 0.5912863070539419 0.34186746987951805 0.02074688796680498 0.03313253012048193
1 0.6431535269709544 0.4352409638554217 0.02074688796680498 0.03313253012048193
1 0.7448132780082988 0.22289156626506024 0.02074688796680498 0.030120481927710843
1 0.7271784232365145 0.26656626506024095 0.022821576763485476 0.03313253012048193
1 0.7354771784232366 0.3885542168674699 0.022821576763485476 0.030120481927710843
4 0.741701244813278 0.27259036144578314 0.006224066390041493 0.015060240963855422