3 0.02109704641350211 0.5 0.04219409282700422 0.9939024390243902
3 0.9451476793248945 0.5 0.10970464135021098 0.9939024390243902
2 0.4957805907172996 0.3521341463414634 0.02109704641350211 0.03353658536585366
2 0.4831223628691983 0.4801829268292683 0.02531645569620253 0.039634146341463415
2 0.6740506329113924 0.4603658536585366 0.023206751054852322 0.036585365853658534
2 0.6223628691983122 0.6432926829268293 0.02531645569620253 0.036585365853658534
2 0.629746835443038 0.5670731707317073 0.027426160337552744 0.036585365853658534
5 0.2120253164556962 0.35365853658536583 0.023206751054852322 0.03048780487804878
5 0.4208860759493671 0.7027439024390244 0.023206751054852322 0.03353658536585366
0 0.5727848101265823 0.7865853658536586 0.023206751054852322 0.036585365853658534
0 0.7172995780590717 0.09908536585365854 0.02109704641350211 0.039634146341463415
1 0.29852320675105487 0.6310975609756098 0.023206751054852322 0.036585365853658534
1 0.5253164556962026 0.5198170731707317 0.02109704641350211 0.039634146341463415
1 0.6529535864978903 0.524390243902439 0.023206751054852322 0.036585365853658534
1 0.5896624472573839 0.6524390243902439 0.023206751054852322 0.036585365853658534
1 0.5854430379746836 0.9817073170731707 0.027426160337552744 0.03048780487804878
4 0.6170886075949367 0.4771341463414634 0.010548523206751054 0.01524390243902439