3 0.005482456140350877 0.49841772151898733 0.010964912280701754 0.9968354430379747
3 0.9462719298245614 0.49841772151898733 0.10307017543859649 0.9968354430379747
2 0.48464912280701755 0.6629746835443038 0.021929824561403508 0.03481012658227848
2 0.47149122807017546 0.5300632911392406 0.02631578947368421 0.04113924050632911
2 0.6699561403508771 0.5506329113924051 0.02412280701754386 0.0379746835443038
2 0.6162280701754386 0.36075949367088606 0.02631578947368421 0.0379746835443038
2 0.6239035087719298 0.439873417721519 0.02850877192982456 0.0379746835443038
5 0.18969298245614036 0.6613924050632911 0.02412280701754386 0.03164556962025317
5 0.4067982456140351 0.2990506329113924 0.02412280701754386 0.03481012658227848
0 0.5646929824561403 0.2120253164556962 0.02412280701754386 0.0379746835443038
0 0.7149122807017544 0.9256329113924051 0.021929824561403508 0.04113924050632911
1 0.27960526315789475 0.37341772151898733 0.02412280701754386 0.0379746835443038
1 0.5153508771929824 0.4889240506329114 0.021929824561403508 0.04113924050632911
1 0.6480263157894737 0.48417721518987344 0.02412280701754386 0.0379746835443038
1 0.5822368421052632 0.3512658227848101 0.02412280701754386 0.0379746835443038
1 0.5767543859649122 0.012658227848101266 0.02631578947368421 0.02531645569620253
4 0.6107456140350878 0.5332278481012658 0.010964912280701754 0.015822784810126583