3 0.011904761904761904 0.5 0.023809523809523808 0.9937106918238994
3 0.9523809523809523 0.4308176100628931 0.09090909090909091 0.8553459119496856
2 0.7575757575757576 0.3128930817610063 0.021645021645021644 0.02830188679245283
2 0.6439393939393939 0.3757861635220126 0.023809523809523808 0.03459119496855346
2 0.7727272727272727 0.3663522012578616 0.025974025974025976 0.03459119496855346
2 0.7489177489177489 0.44339622641509435 0.025974025974025976 0.03773584905660377
2 0.8538961038961039 0.36477987421383645 0.02813852813852814 0.03773584905660377
5 0.7132034632034632 0.24528301886792453 0.023809523809523808 0.031446540880503145
5 0.8041125541125541 0.3867924528301887 0.023809523809523808 0.031446540880503145
0 0.8344155844155844 0.25157232704402516 0.023809523809523808 0.031446540880503145
0 0.6190476190476191 0.3867924528301887 0.021645021645021644 0.031446540880503145
1 0.6038961038961039 0.360062893081761 0.021645021645021644 0.03459119496855346
1 0.658008658008658 0.45754716981132076 0.021645021645021644 0.03459119496855346
1 0.7640692640692641 0.2358490566037736 0.021645021645021644 0.031446540880503145
1 0.7456709956709957 0.28144654088050314 0.023809523809523808 0.03459119496855346
1 0.7543290043290043 0.4088050314465409 0.023809523809523808 0.031446540880503145
4 0.7608225108225108 0.28773584905660377 0.006493506493506494 0.015723270440251572