3 0.98125 0.5 0.03333333333333333 0.9939393939393939
3 0.057291666666666664 0.4121212121212121 0.11041666666666666 0.8181818181818182
2 0.25625 0.29545454545454547 0.020833333333333332 0.02727272727272727
2 0.365625 0.3560606060606061 0.022916666666666665 0.03333333333333333
2 0.24166666666666667 0.346969696969697 0.025 0.03333333333333333
2 0.26458333333333334 0.4212121212121212 0.025 0.03636363636363636
2 0.16354166666666667 0.34545454545454546 0.027083333333333334 0.03636363636363636
5 0.2989583333333333 0.23030303030303031 0.022916666666666665 0.030303030303030304
5 0.21145833333333333 0.36666666666666664 0.022916666666666665 0.030303030303030304
0 0.18229166666666666 0.23636363636363636 0.022916666666666665 0.030303030303030304
0 0.38958333333333334 0.36666666666666664 0.020833333333333332 0.030303030303030304
1 0.4041666666666667 0.3409090909090909 0.020833333333333332 0.03333333333333333
1 0.35208333333333336 0.4348484848484849 0.020833333333333332 0.03333333333333333
1 0.25 0.22121212121212122 0.020833333333333332 0.030303030303030304
1 0.2677083333333333 0.26515151515151514 0.022916666666666665 0.03333333333333333
1 0.259375 0.3878787878787879 0.022916666666666665 0.030303030303030304
4 0.253125 0.27121212121212124 0.00625 0.015151515151515152