3 0.9883966244725738 0.5 0.0189873417721519 1
3 0.06540084388185655 0.49847560975609756 0.12658227848101267 0.9969512195121951
2 0.5232067510548524 0.6387195121951219 0.02109704641350211 0.03353658536585366
2 0.5358649789029536 0.510670731707317 0.02531645569620253 0.039634146341463415
2 0.3449367088607595 0.5304878048780488 0.023206751054852322 0.036585365853658534
2 0.39662447257383965 0.3475609756097561 0.02531645569620253 0.036585365853658534
2 0.38924050632911394 0.42378048780487804 0.027426160337552744 0.036585365853658534
5 0.8069620253164557 0.6371951219512195 0.023206751054852322 0.03048780487804878
5 0.5981012658227848 0.28810975609756095 0.023206751054852322 0.03353658536585366
0 0.4462025316455696 0.20426829268292682 0.023206751054852322 0.036585365853658534
0 0.30168776371308015 0.8917682926829268 0.02109704641350211 0.039634146341463415
1 0.7204641350210971 0.3597560975609756 0.023206751054852322 0.036585365853658534
1 0.4936708860759494 0.47103658536585363 0.02109704641350211 0.039634146341463415
1 0.36603375527426163 0.46646341463414637 0.023206751054852322 0.036585365853658534
1 0.4293248945147679 0.3384146341463415 0.023206751054852322 0.036585365853658534
1 0.4345991561181435 0.012195121951219513 0.02531645569620253 0.024390243902439025
4 0.40189873417721517 0.5137195121951219 0.010548523206751054 0.01524390243902439