3 0.021784232365145227 0.5 0.043568464730290454 0.9939759036144579
3 0.9429460580912863 0.5 0.11410788381742738 0.9939759036144579
2 0.8184647302904564 0.14759036144578314 0.022821576763485476 0.030120481927710843
2 0.7448132780082988 0.25 0.024896265560165973 0.03614457831325301
2 0.6172199170124482 0.3042168674698795 0.022821576763485476 0.03614457831325301
2 0.6379668049792531 0.3569277108433735 0.022821576763485476 0.03313253012048193
2 0.7375518672199171 0.48343373493975905 0.022821576763485476 0.03313253012048193
5 0.7914937759336099 0.3674698795180723 0.022821576763485476 0.030120481927710843
5 0.7043568464730291 0.23042168674698796 0.022821576763485476 0.03313253012048193
0 0.7116182572614108 0.3433734939759036 0.02074688796680498 0.030120481927710843
0 0.6151452282157677 0.3689759036144578 0.022821576763485476 0.03313253012048193
1 0.6524896265560166 0.43373493975903615 0.022821576763485476 0.030120481927710843
1 0.5985477178423236 0.34036144578313254 0.022821576763485476 0.03614457831325301
1 0.741701244813278 0.21084337349397592 0.022821576763485476 0.030120481927710843
1 0.7282157676348547 0.27259036144578314 0.024896265560165973 0.0391566265060241
1 0.7697095435684648 0.2740963855421687 0.024896265560165973 0.03614457831325301
4 0.7468879668049793 0.2740963855421687 0.008298755186721992 0.012048192771084338