3 0.023206751054852322 0.5 0.046413502109704644 0.9939024390243902
3 0.9472573839662447 0.5 0.10548523206751055 0.9939024390243902
2 0.5 0.3521341463414634 0.02109704641350211 0.03353658536585366
2 0.48945147679324896 0.4817073170731707 0.02531645569620253 0.036585365853658534
2 0.5242616033755274 0.8582317073170732 0.023206751054852322 0.03353658536585366
2 0.7088607594936709 0.9314024390243902 0.02531645569620253 0.039634146341463415
5 0.21940928270042195 0.3551829268292683 0.02531645569620253 0.03353658536585366
5 0.42510548523206754 0.7027439024390244 0.023206751054852322 0.03353658536585366
0 0.5780590717299579 0.7865853658536586 0.02109704641350211 0.03048780487804878
0 0.7215189873417721 0.10060975609756098 0.02109704641350211 0.03048780487804878
1 0.5284810126582279 0.5182926829268293 0.023206751054852322 0.036585365853658534
1 0.3037974683544304 0.6310975609756098 0.02109704641350211 0.036585365853658534
1 0.6223628691983122 0.32926829268292684 0.02109704641350211 0.03048780487804878
1 0.5907172995780591 0.7530487804878049 0.02109704641350211 0.036585365853658534
1 0.5896624472573839 0.9817073170731707 0.027426160337552744 0.03048780487804878