3 0.944954128440367 0.5 0.11009174311926606 0.9933333333333333
2 0.4610091743119266 0.315 0.022935779816513763 0.03666666666666667
2 0.44954128440366975 0.45666666666666667 0.027522935779816515 0.04
2 0.4873853211009174 0.8683333333333333 0.02522935779816514 0.03666666666666667
2 0.6880733944954128 0.9483333333333334 0.027522935779816515 0.043333333333333335
5 0.1559633027522936 0.31833333333333336 0.027522935779816515 0.03666666666666667
5 0.3795871559633027 0.6983333333333334 0.02522935779816514 0.03666666666666667
0 0.5458715596330275 0.79 0.022935779816513763 0.03333333333333333
0 0.7018348623853211 0.04 0.022935779816513763 0.03333333333333333
1 0.4919724770642202 0.49666666666666665 0.02522935779816514 0.04
1 0.24770642201834864 0.62 0.022935779816513763 0.04
1 0.5940366972477065 0.29 0.022935779816513763 0.03333333333333333
1 0.5596330275229358 0.7533333333333333 0.022935779816513763 0.04
1 0.5584862385321101 0.9916666666666667 0.02981651376146789 0.01