3 0.9445652173913044 0.49841772151898733 0.10652173913043478 0.9968354430379747
2 0.825 0.8734177215189873 0.02391304347826087 0.03164556962025317
2 0.7847826086956522 0.8433544303797469 0.02608695652173913 0.04113924050632911
2 0.7923913043478261 0.7579113924050633 0.02826086956521739 0.03481012658227848
2 0.7641304347826087 0.7721518987341772 0.02826086956521739 0.0379746835443038
2 0.5869565217391305 0.6012658227848101 0.02608695652173913 0.0379746835443038
5 0.7989130434782609 0.6977848101265823 0.02391304347826087 0.03481012658227848
5 0.7206521739130435 0.7990506329113924 0.02391304347826087 0.03481012658227848
0 0.7282608695652174 0.6708860759493671 0.02608695652173913 0.03164556962025317
0 0.5554347826086956 0.5791139240506329 0.02391304347826087 0.0379746835443038
1 0.7010869565217391 0.6962025316455697 0.02826086956521739 0.0379746835443038
1 0.7565217391304347 0.7310126582278481 0.02608695652173913 0.0379746835443038
1 0.8608695652173913 0.7531645569620253 0.02608695652173913 0.0379746835443038
1 0.7423913043478261 0.8069620253164557 0.01956521739130435 0.0379746835443038
1 0.808695652173913 0.8465189873417721 0.017391304347826087 0.03481012658227848
4 0.8184782608695652 0.8528481012658228 0.006521739130434782 0.00949367088607595