3 0.9921875 0.5 0.011160714285714286 1
3 0.044642857142857144 0.49838709677419357 0.08482142857142858 0.9967741935483871
2 0.6529017857142857 0.6919354838709677 0.024553571428571428 0.035483870967741936
2 0.5044642857142857 0.6370967741935484 0.022321428571428572 0.035483870967741936
2 0.5892857142857143 0.16451612903225807 0.026785714285714284 0.03870967741935484
2 0.27901785714285715 0.01935483870967742 0.026785714285714284 0.03870967741935484
2 0.47433035714285715 0.08709677419354839 0.024553571428571428 0.03870967741935484
5 0.5848214285714286 0.2661290322580645 0.022321428571428572 0.035483870967741936
5 0.8381696428571429 0.882258064516129 0.024553571428571428 0.035483870967741936
0 0.47544642857142855 0.4596774193548387 0.022321428571428572 0.035483870967741936
0 0.27120535714285715 0.9032258064516129 0.020089285714285716 0.03870967741935484
1 0.5412946428571429 0.7306451612903225 0.024553571428571428 0.035483870967741936
1 0.7109375 0.3403225806451613 0.024553571428571428 0.035483870967741936
1 0.421875 0.3387096774193548 0.022321428571428572 0.03870967741935484
1 0.46316964285714285 0.11935483870967742 0.020089285714285716 0.03870967741935484
4 0.49441964285714285 0.22258064516129034 0.011160714285714286 0.012903225806451613