3 0.9838362068965517 0.5 0.028017241379310345 0.99375
3 0.04956896551724138 0.5 0.09482758620689655 0.99375
2 0.16056034482758622 0.103125 0.023706896551724137 0.03125
2 0.20043103448275862 0.1328125 0.02586206896551724 0.040625
2 0.19288793103448276 0.2171875 0.028017241379310345 0.034375
2 0.2209051724137931 0.203125 0.028017241379310345 0.0375
2 0.39655172413793105 0.371875 0.02586206896551724 0.0375
5 0.18642241379310345 0.2765625 0.023706896551724137 0.034375
5 0.2640086206896552 0.1765625 0.023706896551724137 0.034375
0 0.25646551724137934 0.303125 0.02586206896551724 0.03125
0 0.42780172413793105 0.39375 0.023706896551724137 0.0375
1 0.2834051724137931 0.278125 0.028017241379310345 0.0375
1 0.22844827586206898 0.24375 0.02586206896551724 0.0375
1 0.125 0.221875 0.02586206896551724 0.0375
1 0.24245689655172414 0.16875 0.01939655172413793 0.0375
1 0.17672413793103448 0.1296875 0.017241379310344827 0.034375
4 0.16702586206896552 0.1234375 0.00646551724137931 0.009375