3 0.9873853211009175 0.5 0.020642201834862386 0.9933333333333333
3 0.028669724770642203 0.5 0.052752293577981654 0.9933333333333333
2 0.6341743119266054 0.28833333333333333 0.02522935779816514 0.03666666666666667
2 0.481651376146789 0.345 0.022935779816513763 0.03666666666666667
2 0.5688073394495413 0.8333333333333334 0.027522935779816515 0.04
2 0.2511467889908257 0.98 0.02981651376146789 0.03333333333333333
2 0.4506880733944954 0.9133333333333333 0.02522935779816514 0.04
5 0.5642201834862385 0.7283333333333334 0.022935779816513763 0.03666666666666667
5 0.8245412844036697 0.09166666666666666 0.02522935779816514 0.03666666666666667
0 0.4518348623853211 0.5283333333333333 0.022935779816513763 0.03666666666666667
0 0.24197247706422018 0.07 0.020642201834862386 0.04
1 0.5194954128440367 0.24833333333333332 0.02522935779816514 0.03666666666666667
1 0.6938073394495413 0.6516666666666666 0.02522935779816514 0.03666666666666667
1 0.3967889908256881 0.6533333333333333 0.022935779816513763 0.04
1 0.43922018348623854 0.88 0.020642201834862386 0.04
4 0.4713302752293578 0.7733333333333333 0.011467889908256881 0.013333333333333334