3 0.989406779661017 0.5 0.01694915254237288 0.9938650306748467
3 0.06567796610169492 0.5 0.1271186440677966 0.9938650306748467
2 0.6641949152542372 0.2929447852760736 0.023305084745762712 0.03374233128834356
2 0.5233050847457628 0.3450920245398773 0.0211864406779661 0.03374233128834356
2 0.6038135593220338 0.7944785276073619 0.025423728813559324 0.03680981595092025
2 0.3103813559322034 0.9355828220858896 0.023305084745762712 0.03680981595092025
2 0.4947033898305085 0.8680981595092024 0.023305084745762712 0.03680981595092025
5 0.5995762711864406 0.6978527607361963 0.0211864406779661 0.03374233128834356
5 0.840042372881356 0.11196319018404909 0.023305084745762712 0.03374233128834356
0 0.4957627118644068 0.5138036809815951 0.0211864406779661 0.03374233128834356
0 0.3019067796610169 0.09202453987730061 0.019067796610169493 0.03680981595092025
1 0.5582627118644068 0.2561349693251534 0.023305084745762712 0.03374233128834356
1 0.7192796610169492 0.6273006134969326 0.023305084745762712 0.03374233128834356
1 0.4449152542372881 0.6288343558282209 0.0211864406779661 0.03680981595092025
1 0.4841101694915254 0.8374233128834356 0.019067796610169493 0.03680981595092025
1 0.4353813559322034 0.9800613496932515 0.02754237288135593 0.03374233128834356
4 0.513771186440678 0.7392638036809815 0.01059322033898305 0.012269938650306749