3 0.9837662337662337 0.5 0.02813852813852814 1
3 0.046536796536796536 0.49842767295597484 0.08874458874458875 0.9968553459119497
2 0.15692640692640691 0.8522012578616353 0.023809523809523808 0.031446540880503145
2 0.19696969696969696 0.8223270440251572 0.025974025974025976 0.040880503144654086
2 0.1893939393939394 0.7374213836477987 0.02813852813852814 0.03459119496855346
2 0.21753246753246752 0.7515723270440252 0.02813852813852814 0.03773584905660377
2 0.3939393939393939 0.5817610062893082 0.025974025974025976 0.03773584905660377
5 0.1829004329004329 0.6776729559748428 0.023809523809523808 0.03459119496855346
5 0.26082251082251084 0.7783018867924528 0.023809523809523808 0.03459119496855346
0 0.2532467532467532 0.6509433962264151 0.025974025974025976 0.031446540880503145
0 0.4253246753246753 0.559748427672956 0.023809523809523808 0.03773584905660377
1 0.2803030303030303 0.6761006289308176 0.02813852813852814 0.03773584905660377
1 0.22510822510822512 0.710691823899371 0.025974025974025976 0.03773584905660377
1 0.12121212121212122 0.7327044025157232 0.025974025974025976 0.03773584905660377
1 0.23917748917748918 0.7861635220125787 0.01948051948051948 0.03773584905660377
1 0.17316017316017315 0.8254716981132075 0.017316017316017316 0.03459119496855346
4 0.1634199134199134 0.8317610062893082 0.006493506493506494 0.009433962264150943