3 0.023305084745762712 0.5 0.046610169491525424 0.9938650306748467
3 0.9523305084745762 0.5 0.09533898305084745 0.9938650306748467
2 0.7372881355932204 0.19785276073619631 0.025423728813559324 0.03374233128834356
2 0.753177966101695 0.25 0.023305084745762712 0.027607361963190184
2 0.8379237288135594 0.3159509202453988 0.02754237288135593 0.03680981595092025
2 0.753177966101695 0.3098159509202454 0.02754237288135593 0.03680981595092025
2 0.6080508474576272 0.4110429447852761 0.025423728813559324 0.03680981595092025
5 0.7341101694915254 0.23773006134969324 0.023305084745762712 0.03374233128834356
5 0.8188559322033898 0.348159509202454 0.023305084745762712 0.03374233128834356
0 0.7436440677966102 0.348159509202454 0.0211864406779661 0.03374233128834356
0 0.5773305084745762 0.43098159509202455 0.023305084745762712 0.03374233128834356
1 0.7669491525423728 0.3558282208588957 0.025423728813559324 0.03680981595092025
1 0.7817796610169492 0.3312883435582822 0.0211864406779661 0.03680981595092025
1 0.739406779661017 0.2791411042944785 0.0211864406779661 0.03680981595092025
1 0.7192796610169492 0.3174846625766871 0.02754237288135593 0.03987730061349693
1 0.875 0.26380368098159507 0.025423728813559324 0.03680981595092025
4 0.753177966101695 0.2822085889570552 0.01059322033898305 0.012269938650306749