3 0.02127659574468085 0.5 0.0425531914893617 0.9938271604938271
3 0.9521276595744681 0.5 0.09574468085106383 0.9938271604938271
2 0.7361702127659574 0.18981481481481483 0.02553191489361702 0.033950617283950615
2 0.752127659574468 0.24228395061728394 0.023404255319148935 0.027777777777777776
2 0.8372340425531914 0.30864197530864196 0.027659574468085105 0.037037037037037035
2 0.752127659574468 0.30246913580246915 0.027659574468085105 0.037037037037037035
2 0.6063829787234043 0.404320987654321 0.02553191489361702 0.037037037037037035
5 0.7329787234042553 0.22993827160493827 0.023404255319148935 0.033950617283950615
5 0.8180851063829787 0.3410493827160494 0.023404255319148935 0.033950617283950615
0 0.7425531914893617 0.3410493827160494 0.02127659574468085 0.033950617283950615
0 0.575531914893617 0.4243827160493827 0.023404255319148935 0.033950617283950615
1 0.7659574468085106 0.3487654320987654 0.02553191489361702 0.037037037037037035
1 0.7808510638297872 0.32407407407407407 0.02127659574468085 0.037037037037037035
1 0.7382978723404255 0.2716049382716049 0.02127659574468085 0.037037037037037035
1 0.7180851063829787 0.3101851851851852 0.027659574468085105 0.040123456790123455
1 0.874468085106383 0.25617283950617287 0.02553191489361702 0.037037037037037035
4 0.752127659574468 0.27469135802469136 0.010638297872340425 0.012345679012345678