3 0.01059322033898305 0.5 0.0211864406779661 0.9938650306748467
3 0.9396186440677966 0.5 0.12076271186440678 0.9938650306748467
2 0.711864406779661 0.19171779141104295 0.025423728813559324 0.03374233128834356
2 0.7277542372881356 0.24386503067484663 0.023305084745762712 0.027607361963190184
2 0.8125 0.3098159509202454 0.02754237288135593 0.03680981595092025
2 0.7277542372881356 0.30368098159509205 0.02754237288135593 0.03680981595092025
2 0.5826271186440678 0.4049079754601227 0.025423728813559324 0.03680981595092025
5 0.7086864406779662 0.23159509202453987 0.023305084745762712 0.03374233128834356
5 0.7934322033898306 0.34202453987730064 0.023305084745762712 0.03374233128834356
0 0.7182203389830508 0.34202453987730064 0.0211864406779661 0.03374233128834356
0 0.551906779661017 0.42484662576687116 0.023305084745762712 0.03374233128834356
1 0.7415254237288136 0.3496932515337423 0.025423728813559324 0.03680981595092025
1 0.7563559322033898 0.32515337423312884 0.0211864406779661 0.03680981595092025
1 0.7139830508474576 0.27300613496932513 0.0211864406779661 0.03680981595092025
1 0.6938559322033898 0.3113496932515337 0.02754237288135593 0.03987730061349693
1 0.8495762711864406 0.25766871165644173 0.025423728813559324 0.03680981595092025
4 0.7277542372881356 0.27607361963190186 0.01059322033898305 0.012269938650306749