3 0.9515765765765766 0.5 0.09684684684684684 0.9934640522875817
2 0.33783783783783783 0.3088235294117647 0.02702702702702703 0.042483660130718956
2 0.4864864864864865 0.36437908496732024 0.02252252252252252 0.03594771241830065
2 0.29504504504504503 0.7450980392156863 0.02702702702702703 0.0392156862745098
2 0.3997747747747748 0.8496732026143791 0.024774774774774775 0.0392156862745098
2 0.713963963963964 0.9836601307189542 0.03153153153153153 0.026143790849673203
5 0.40540540540540543 0.7418300653594772 0.02252252252252252 0.032679738562091505
5 0.0731981981981982 0.8872549019607843 0.024774774774774775 0.03594771241830065
0 0.5146396396396397 0.5424836601307189 0.024774774774774775 0.0392156862745098
0 0.722972972972973 0.09640522875816994 0.02252252252252252 0.03594771241830065
1 0.44819819819819817 0.272875816993464 0.02702702702702703 0.042483660130718956
1 0.5394144144144144 0.553921568627451 0.024774774774774775 0.03594771241830065
1 0.6576576576576577 0.5490196078431373 0.02702702702702703 0.0392156862745098
1 0.48986486486486486 0.8333333333333334 0.024774774774774775 0.0392156862745098
1 0.27702702702702703 0.6633986928104575 0.02252252252252252 0.032679738562091505
4 0.4966216216216216 0.7859477124183006 0.01126126126126126 0.016339869281045753