3 0.010548523206751054 0.5 0.02109704641350211 0.9939024390243902
3 0.939873417721519 0.38109756097560976 0.1160337552742616 0.7560975609756098
4 0.7172995780590717 0.23323170731707318 0.008438818565400843 0.01524390243902439
1 0.6318565400843882 0.4329268292682927 0.023206751054852322 0.03048780487804878
1 0.7552742616033755 0.3323170731707317 0.02109704641350211 0.03048780487804878
1 0.7478902953586498 0.38414634146341464 0.023206751054852322 0.03048780487804878
1 0.6550632911392406 0.21951219512195122 0.0189873417721519 0.03048780487804878
0 0.5485232067510548 0.42378048780487804 0.02109704641350211 0.03048780487804878
0 0.7236286919831224 0.42835365853658536 0.02109704641350211 0.03353658536585366
5 0.6613924050632911 0.14939024390243902 0.023206751054852322 0.03048780487804878
5 0.7879746835443038 0.39634146341463417 0.023206751054852322 0.03048780487804878
2 0.8059071729957806 0.33689024390243905 0.02531645569620253 0.03353658536585366
2 0.6613924050632911 0.3856707317073171 0.023206751054852322 0.03353658536585366
2 0.5812236286919831 0.40396341463414637 0.023206751054852322 0.039634146341463415
2 0.6571729957805907 0.1875 0.023206751054852322 0.027439024390243903
2 0.7046413502109705 0.018292682926829267 0.02531645569620253 0.03048780487804878
1 0.6845991561181435 0.22560975609756098 0.023206751054852322 0.03048780487804878