3 0.018085106382978722 0.5 0.036170212765957444 0.9938271604938271
3 0.951063829787234 0.38271604938271603 0.09361702127659574 0.7592592592592593
4 0.7382978723404255 0.22993827160493827 0.00851063829787234 0.015432098765432098
1 0.652127659574468 0.43209876543209874 0.023404255319148935 0.030864197530864196
1 0.776595744680851 0.33024691358024694 0.02127659574468085 0.030864197530864196
1 0.7691489361702127 0.38271604938271603 0.023404255319148935 0.030864197530864196
1 0.675531914893617 0.21604938271604937 0.019148936170212766 0.030864197530864196
0 0.5680851063829787 0.4228395061728395 0.02127659574468085 0.030864197530864196
0 0.7446808510638298 0.42746913580246915 0.02127659574468085 0.033950617283950615
5 0.6819148936170213 0.14506172839506173 0.023404255319148935 0.030864197530864196
5 0.8095744680851064 0.3950617283950617 0.023404255319148935 0.030864197530864196
2 0.8276595744680851 0.33487654320987653 0.02553191489361702 0.033950617283950615
2 0.6819148936170213 0.38425925925925924 0.023404255319148935 0.033950617283950615
2 0.601063829787234 0.4027777777777778 0.023404255319148935 0.040123456790123455
2 0.6776595744680851 0.18364197530864199 0.023404255319148935 0.027777777777777776
2 0.725531914893617 0.015432098765432098 0.02553191489361702 0.024691358024691357
1 0.7053191489361702 0.2222222222222222 0.023404255319148935 0.030864197530864196