3 0.05752212389380531 0.4983974358974359 0.11061946902654868 0.9967948717948718
2 0.37057522123893805 0.9503205128205128 0.024336283185840708 0.035256410256410256
2 0.44026548672566373 0.9407051282051282 0.02654867256637168 0.041666666666666664
2 0.2334070796460177 0.7435897435897436 0.024336283185840708 0.038461538461538464
2 0.2643805309734513 0.7435897435897436 0.024336283185840708 0.03205128205128205
2 0.1836283185840708 0.6538461538461539 0.02654867256637168 0.038461538461538464
5 0.19247787610619468 0.7387820512820513 0.02654867256637168 0.035256410256410256
5 0.2643805309734513 0.9871794871794872 0.028761061946902654 0.019230769230769232
0 0.32632743362831856 0.7227564102564102 0.024336283185840708 0.035256410256410256
0 0.16371681415929204 0.6057692307692307 0.02654867256637168 0.03205128205128205
1 0.2157079646017699 0.655448717948718 0.024336283185840708 0.035256410256410256
1 0.3440265486725664 0.7644230769230769 0.024336283185840708 0.035256410256410256
1 0.2997787610619469 0.8365384615384616 0.024336283185840708 0.038461538461538464
1 0.2809734513274336 0.7788461538461539 0.02654867256637168 0.038461538461538464
1 0.21349557522123894 0.7644230769230769 0.028761061946902654 0.035256410256410256
4 0.24225663716814158 0.7083333333333334 0.011061946902654867 0.019230769230769232