3 0.010775862068965518 0.5 0.021551724137931036 0.99375
3 0.9482758620689655 0.5 0.10344827586206896 0.99375
2 0.6454741379310345 0.0328125 0.023706896551724137 0.034375
2 0.5775862068965517 0.0421875 0.02586206896551724 0.040625
2 0.7790948275862069 0.234375 0.023706896551724137 0.0375
2 0.7489224137931034 0.234375 0.023706896551724137 0.03125
2 0.8275862068965517 0.321875 0.02586206896551724 0.0375
5 0.8189655172413793 0.2390625 0.02586206896551724 0.034375
0 0.6885775862068966 0.2546875 0.023706896551724137 0.034375
0 0.8469827586206896 0.36875 0.02586206896551724 0.03125
1 0.7963362068965517 0.3203125 0.023706896551724137 0.034375
1 0.6713362068965517 0.2140625 0.023706896551724137 0.034375
1 0.7144396551724138 0.14375 0.023706896551724137 0.0375
1 0.7327586206896551 0.2 0.02586206896551724 0.0375
1 0.7984913793103449 0.2140625 0.028017241379310345 0.034375
4 0.7704741379310345 0.26875 0.010775862068965518 0.01875