3 0.9393939393939394 0.5 0.12121212121212122 0.9937106918238994
2 0.5595238095238095 0.0660377358490566 0.023809523809523808 0.0440251572327044
2 0.6266233766233766 0.05660377358490566 0.023809523809523808 0.03773584905660377
2 0.7316017316017316 0.25943396226415094 0.025974025974025976 0.03459119496855346
2 0.7608225108225108 0.2562893081761006 0.02813852813852814 0.040880503144654086
2 0.8116883116883117 0.3443396226415094 0.025974025974025976 0.040880503144654086
5 0.8008658008658008 0.26257861635220126 0.025974025974025976 0.03459119496855346
5 0.7305194805194806 0.015723270440251572 0.023809523809523808 0.025157232704402517
0 0.670995670995671 0.27672955974842767 0.021645021645021644 0.031446540880503145
0 0.829004329004329 0.39308176100628933 0.025974025974025976 0.031446540880503145
1 0.6958874458874459 0.16666666666666666 0.023809523809523808 0.03773584905660377
1 0.7142857142857143 0.22169811320754718 0.025974025974025976 0.03459119496855346
1 0.6525974025974026 0.23742138364779874 0.023809523809523808 0.03459119496855346
1 0.7792207792207793 0.2358490566037736 0.025974025974025976 0.031446540880503145
1 0.7781385281385281 0.3443396226415094 0.023809523809523808 0.03459119496855346
4 0.7521645021645021 0.2908805031446541 0.010822510822510822 0.015723270440251572