3 0.9813278008298755 0.5 0.03319502074688797 0.9939759036144579
3 0.06327800829875518 0.5 0.12240663900414937 0.9939759036144579
2 0.4284232365145228 0.07228915662650602 0.022821576763485476 0.04216867469879518
2 0.36410788381742737 0.06325301204819277 0.022821576763485476 0.03614457831325301
2 0.26348547717842324 0.2575301204819277 0.024896265560165973 0.03313253012048193
2 0.2354771784232365 0.2545180722891566 0.026970954356846474 0.0391566265060241
2 0.18672199170124482 0.338855421686747 0.024896265560165973 0.0391566265060241
5 0.1970954356846473 0.2605421686746988 0.024896265560165973 0.03313253012048193
5 0.26556016597510373 0.01957831325301205 0.02074688796680498 0.03313253012048193
0 0.3215767634854772 0.2740963855421687 0.02074688796680498 0.030120481927710843
0 0.17012448132780084 0.3855421686746988 0.024896265560165973 0.030120481927710843
1 0.29771784232365145 0.1686746987951807 0.022821576763485476 0.03614457831325301
1 0.2800829875518672 0.2213855421686747 0.024896265560165973 0.03313253012048193
1 0.3392116182572614 0.23644578313253012 0.022821576763485476 0.03313253012048193
1 0.21784232365145229 0.23493975903614459 0.024896265560165973 0.030120481927710843
1 0.21887966804979253 0.338855421686747 0.022821576763485476 0.03313253012048193
4 0.2437759336099585 0.2876506024096386 0.01037344398340249 0.015060240963855422