3 0.9770833333333333 0.5 0.041666666666666664 1
3 0.06041666666666667 0.4984848484848485 0.11666666666666667 0.996969696969697
2 0.4635416666666667 0.8621212121212121 0.022916666666666665 0.045454545454545456
2 0.2604166666666667 0.8166666666666667 0.025 0.03939393939393939
2 0.3541666666666667 0.7272727272727273 0.025 0.03636363636363636
2 0.24270833333333333 0.6 0.022916666666666665 0.030303030303030304
2 0.4666666666666667 0.7909090909090909 0.025 0.03636363636363636
5 0.39791666666666664 0.8227272727272728 0.020833333333333332 0.03333333333333333
5 0.34479166666666666 0.6333333333333333 0.022916666666666665 0.03636363636363636
0 0.19166666666666668 0.6712121212121213 0.020833333333333332 0.03333333333333333
0 0.5052083333333334 0.8348484848484848 0.022916666666666665 0.03333333333333333
1 0.4114583333333333 0.8757575757575757 0.022916666666666665 0.03636363636363636
1 0.2875 0.7893939393939394 0.020833333333333332 0.03333333333333333
1 0.2989583333333333 0.7393939393939394 0.022916666666666665 0.03636363636363636
1 0.38229166666666664 0.746969696969697 0.022916666666666665 0.03939393939393939
1 0.3145833333333333 0.6181818181818182 0.020833333333333332 0.03636363636363636
4 0.4479166666666667 0.5909090909090909 0.008333333333333333 0.012121212121212121