3 0.051991150442477874 0.4983974358974359 0.09955752212389381 0.9967948717948718
2 0.21238938053097345 0.7403846153846154 0.022123893805309734 0.03205128205128205
2 0.28982300884955753 0.7371794871794872 0.02654867256637168 0.038461538461538464
2 0.27323008849557523 0.6875 0.028761061946902654 0.035256410256410256
2 0.3661504424778761 0.7435897435897436 0.01991150442477876 0.03205128205128205
2 0.39823008849557523 0.6153846153846154 0.02654867256637168 0.038461538461538464
5 0.22787610619469026 0.6762820512820513 0.022123893805309734 0.03205128205128205
5 0.24004424778761063 0.6490384615384616 0.024336283185840708 0.035256410256410256
0 0.20243362831858408 0.6394230769230769 0.024336283185840708 0.035256410256410256
0 0.4303097345132743 0.7003205128205128 0.024336283185840708 0.035256410256410256
1 0.4646017699115044 0.7259615384615384 0.02654867256637168 0.035256410256410256
1 0.3893805309734513 0.7339743589743589 0.022123893805309734 0.03205128205128205
1 0.23783185840707965 0.7467948717948718 0.024336283185840708 0.03205128205128205
1 0.22566371681415928 0.7099358974358975 0.02654867256637168 0.035256410256410256
1 0.18252212389380532 0.7516025641025641 0.028761061946902654 0.035256410256410256
4 0.21017699115044247 0.6987179487179487 0.008849557522123894 0.01282051282051282