3 0.9786036036036037 0.5 0.038288288288288286 1
3 0.02364864864864865 0.49836601307189543 0.04279279279279279 0.9967320261437909
2 0.15765765765765766 0.7745098039215687 0.02252252252252252 0.032679738562091505
2 0.23648648648648649 0.7712418300653595 0.02702702702702703 0.0392156862745098
2 0.2195945945945946 0.7205882352941176 0.02927927927927928 0.03594771241830065
2 0.3141891891891892 0.7777777777777778 0.02027027027027027 0.032679738562091505
2 0.34684684684684686 0.6470588235294118 0.02702702702702703 0.0392156862745098
5 0.17342342342342343 0.7091503267973857 0.02252252252252252 0.032679738562091505
5 0.1858108108108108 0.6813725490196079 0.024774774774774775 0.03594771241830065
0 0.14752252252252251 0.6715686274509803 0.024774774774774775 0.03594771241830065
0 0.3795045045045045 0.7336601307189542 0.024774774774774775 0.03594771241830065
1 0.4144144144144144 0.7598039215686274 0.02702702702702703 0.03594771241830065
1 0.33783783783783783 0.7679738562091504 0.02252252252252252 0.032679738562091505
1 0.18355855855855857 0.7810457516339869 0.024774774774774775 0.032679738562091505
1 0.17117117117117117 0.7434640522875817 0.02702702702702703 0.03594771241830065
1 0.12725225225225226 0.7859477124183006 0.02927927927927928 0.03594771241830065
4 0.1554054054054054 0.7320261437908496 0.009009009009009009 0.013071895424836602