3 0.9880952380952381 0.5 0.01948051948051948 0.9937106918238994
3 0.05735930735930736 0.5 0.11038961038961038 0.9937106918238994
2 0.775974025974026 0.5990566037735849 0.023809523809523808 0.040880503144654086
2 0.5963203463203464 0.809748427672956 0.023809523809523808 0.040880503144654086
2 0.4199134199134199 0.7028301886792453 0.025974025974025976 0.04716981132075472
2 0.6547619047619048 0.2893081761006289 0.023809523809523808 0.03773584905660377
5 0.9090909090909091 0.8427672955974843 0.025974025974025976 0.03773584905660377
5 0.5887445887445888 0.7059748427672956 0.021645021645021644 0.03459119496855346
2 0.5108225108225108 0.3411949685534591 0.021645021645021644 0.03459119496855346
0 0.48484848484848486 0.5110062893081762 0.021645021645021644 0.03459119496855346
0 0.7132034632034632 0.9827044025157232 0.02813852813852814 0.02830188679245283
1 0.5086580086580087 0.800314465408805 0.021645021645021644 0.03459119496855346
1 0.7121212121212122 0.6305031446540881 0.021645021645021644 0.03459119496855346
1 0.34523809523809523 0.5188679245283019 0.023809523809523808 0.03773584905660377
1 0.5465367965367965 0.25157232704402516 0.023809523809523808 0.031446540880503145
1 0.45995670995670995 0.5235849056603774 0.023809523809523808 0.03459119496855346
4 0.5010822510822511 0.7468553459119497 0.010822510822510822 0.015723270440251572