3 0.06526548672566372 0.4983974358974359 0.1261061946902655 0.9967948717948718
2 0.38495575221238937 0.9839743589743589 0.02654867256637168 0.02564102564102564
2 0.4524336283185841 0.9791666666666666 0.028761061946902654 0.035256410256410256
2 0.27986725663716816 0.7836538461538461 0.024336283185840708 0.041666666666666664
2 0.19690265486725664 0.6955128205128205 0.02654867256637168 0.038461538461538464
2 0.25 0.7852564102564102 0.02654867256637168 0.038461538461538464
5 0.2079646017699115 0.780448717948718 0.02654867256637168 0.035256410256410256
0 0.3418141592920354 0.7660256410256411 0.024336283185840708 0.03205128205128205
0 0.17920353982300885 0.6474358974358975 0.02654867256637168 0.038461538461538464
1 0.23008849557522124 0.6955128205128205 0.02654867256637168 0.038461538461538464
1 0.23008849557522124 0.8092948717948718 0.02654867256637168 0.035256410256410256
1 0.2975663716814159 0.8221153846153846 0.024336283185840708 0.035256410256410256
1 0.3584070796460177 0.8028846153846154 0.022123893805309734 0.035256410256410256
1 0.3141592920353982 0.8782051282051282 0.02654867256637168 0.038461538461538464
4 0.2577433628318584 0.75 0.011061946902654867 0.01282051282051282