3 0.01867219917012448 0.49849397590361444 0.03734439834024896 0.9969879518072289
3 0.9336099585062241 0.49849397590361444 0.12863070539419086 0.9969879518072289
2 0.23132780082987553 0.40512048192771083 0.022821576763485476 0.0391566265060241
2 0.40352697095435686 0.2033132530120482 0.022821576763485476 0.0391566265060241
2 0.5726141078838174 0.3057228915662651 0.024896265560165973 0.045180722891566265
2 0.3475103734439834 0.7018072289156626 0.022821576763485476 0.03614457831325301
5 0.1037344398340249 0.1716867469879518 0.024896265560165973 0.03614457831325301
5 0.4107883817427386 0.30271084337349397 0.02074688796680498 0.03313253012048193
2 0.4854771784232365 0.6521084337349398 0.02074688796680498 0.03313253012048193
0 0.5103734439834025 0.4894578313253012 0.02074688796680498 0.03313253012048193
0 0.29149377593361 0.030120481927710843 0.022821576763485476 0.03614457831325301
1 0.487551867219917 0.21234939759036145 0.02074688796680498 0.03313253012048193
1 0.2925311203319502 0.375 0.02074688796680498 0.03313253012048193
1 0.6441908713692946 0.4819277108433735 0.022821576763485476 0.03614457831325301
1 0.4512448132780083 0.7379518072289156 0.022821576763485476 0.030120481927710843
1 0.5342323651452282 0.47740963855421686 0.022821576763485476 0.03313253012048193
4 0.4948132780082988 0.2635542168674699 0.01037344398340249 0.015060240963855422