3 0.9509132420091324 0.5 0.09817351598173515 0.9933774834437086
2 0.1997716894977169 0.6208609271523179 0.02511415525114155 0.04304635761589404
2 0.3892694063926941 0.8427152317880795 0.02511415525114155 0.04304635761589404
2 0.5753424657534246 0.7301324503311258 0.0273972602739726 0.04966887417218543
2 0.3276255707762557 0.2947019867549669 0.02511415525114155 0.039735099337748346
5 0.0593607305936073 0.8774834437086093 0.0273972602739726 0.039735099337748346
5 0.3972602739726027 0.7334437086092715 0.0228310502283105 0.03642384105960265
2 0.4794520547945205 0.34933774834437087 0.0228310502283105 0.03642384105960265
0 0.5068493150684932 0.5281456953642384 0.0228310502283105 0.03642384105960265
1 0.4817351598173516 0.8327814569536424 0.0228310502283105 0.03642384105960265
1 0.2671232876712329 0.6539735099337748 0.0228310502283105 0.03642384105960265
1 0.6541095890410958 0.5364238410596026 0.02511415525114155 0.039735099337748346
1 0.4417808219178082 0.25496688741721857 0.02511415525114155 0.033112582781456956
1 0.5331050228310502 0.5413907284768212 0.02511415525114155 0.03642384105960265
4 0.4897260273972603 0.7764900662251656 0.01141552511415525 0.016556291390728478