3 0.9824561403508771 0.5 0.03070175438596491 1
3 0.03837719298245614 0.1661392405063291 0.07236842105263158 0.3322784810126582
2 0.19517543859649122 0.759493670886076 0.02631578947368421 0.0379746835443038
2 0.23684210526315788 0.7199367088607594 0.02631578947368421 0.04113924050632911
2 0.20833333333333334 0.7104430379746836 0.02631578947368421 0.04113924050632911
2 0.14144736842105263 0.6708860759493671 0.02850877192982456 0.0379746835443038
2 0.1600877192982456 0.6455696202531646 0.02631578947368421 0.0379746835443038
5 0.13815789473684212 0.7357594936708861 0.02631578947368421 0.03481012658227848
5 0.15570175438596492 0.8085443037974683 0.02631578947368421 0.03481012658227848
0 0.28618421052631576 0.740506329113924 0.02412280701754386 0.03164556962025317
0 0.125 0.6234177215189873 0.02631578947368421 0.0379746835443038
1 0.25877192982456143 0.8512658227848101 0.02631578947368421 0.0379746835443038
1 0.3026315789473684 0.7800632911392406 0.021929824561403508 0.03481012658227848
1 0.17653508771929824 0.6930379746835443 0.02412280701754386 0.03164556962025317
1 0.19517543859649122 0.7958860759493671 0.02631578947368421 0.03481012658227848
1 0.16666666666666666 0.7563291139240507 0.02631578947368421 0.0379746835443038
4 0.1962719298245614 0.7215189873417721 0.006578947368421052 0.012658227848101266
3 0.03508771929824561 0.7104430379746836 0.06578947368421052 0.5727848101265823