3 0.9851063829787234 0.5 0.02553191489361702 1
3 0.05425531914893617 0.17746913580246915 0.10425531914893617 0.3549382716049383
2 0.22340425531914893 0.7716049382716049 0.02553191489361702 0.037037037037037035
2 0.26382978723404255 0.7330246913580247 0.02553191489361702 0.040123456790123455
2 0.23617021276595745 0.7237654320987654 0.02553191489361702 0.040123456790123455
2 0.17127659574468085 0.6851851851851852 0.027659574468085105 0.037037037037037035
2 0.18936170212765957 0.6604938271604939 0.02553191489361702 0.037037037037037035
5 0.16808510638297872 0.7484567901234568 0.02553191489361702 0.033950617283950615
5 0.1851063829787234 0.8194444444444444 0.02553191489361702 0.033950617283950615
0 0.31170212765957445 0.7530864197530864 0.023404255319148935 0.030864197530864196
0 0.15531914893617021 0.6388888888888888 0.02553191489361702 0.037037037037037035
1 0.2851063829787234 0.8611111111111112 0.02553191489361702 0.037037037037037035
1 0.3276595744680851 0.7916666666666666 0.02127659574468085 0.033950617283950615
1 0.2053191489361702 0.7067901234567902 0.023404255319148935 0.030864197530864196
1 0.22340425531914893 0.8070987654320988 0.02553191489361702 0.033950617283950615
1 0.19574468085106383 0.7685185185185185 0.02553191489361702 0.037037037037037035
4 0.22446808510638297 0.7345679012345679 0.006382978723404255 0.012345679012345678
3 0.05106382978723404 0.720679012345679 0.09787234042553192 0.5524691358024691