3 0.9805194805194806 0.5 0.03463203463203463 1
3 0.04220779220779221 0.49842767295597484 0.08008658008658008 0.9968553459119497
2 0.3170995670995671 0.8050314465408805 0.023809523809523808 0.03773584905660377
2 0.3841991341991342 0.7845911949685535 0.023809523809523808 0.03459119496855346
2 0.14393939393939395 0.9528301886792453 0.02813852813852814 0.03773584905660377
2 0.20995670995670995 0.5817610062893082 0.021645021645021644 0.031446540880503145
2 0.2326839826839827 0.5754716981132075 0.023809523809523808 0.03773584905660377
5 0.14393939393939395 0.7232704402515723 0.023809523809523808 0.031446540880503145
5 0.1471861471861472 0.9842767295597484 0.025974025974025976 0.025157232704402517
0 0.39826839826839827 0.7044025157232704 0.021645021645021644 0.031446540880503145
0 0.36147186147186144 0.6194968553459119 0.021645021645021644 0.031446540880503145
1 0.1774891774891775 0.8144654088050315 0.025974025974025976 0.031446540880503145
1 0.17424242424242425 0.7437106918238994 0.02813852813852814 0.03459119496855346
1 0.3906926406926407 0.64937106918239 0.023809523809523808 0.03459119496855346
1 0.37445887445887444 0.8144654088050315 0.021645021645021644 0.031446540880503145
1 0.2694805194805195 0.9858490566037735 0.023809523809523808 0.0220125786163522
4 0.38636363636363635 0.6776729559748428 0.010822510822510822 0.015723270440251572