3 0.009009009009009009 0.5 0.018018018018018018 0.9934640522875817
3 0.9662162162162162 0.5 0.06756756756756757 0.9934640522875817
2 0.6880630630630631 0.1503267973856209 0.024774774774774775 0.0392156862745098
2 0.6182432432432432 0.1715686274509804 0.024774774774774775 0.03594771241830065
2 0.8693693693693694 0.00980392156862745 0.03153153153153153 0.013071895424836602
2 0.7995495495495496 0.38235294117647056 0.02252252252252252 0.032679738562091505
2 0.7759009009009009 0.3888888888888889 0.024774774774774775 0.0392156862745098
5 0.8682432432432432 0.23529411764705882 0.024774774774774775 0.032679738562091505
0 0.6036036036036037 0.2549019607843137 0.02252252252252252 0.032679738562091505
0 0.6418918918918919 0.3431372549019608 0.02252252252252252 0.032679738562091505
1 0.8333333333333334 0.14052287581699346 0.02702702702702703 0.032679738562091505
1 0.8367117117117117 0.21405228758169934 0.02927927927927928 0.03594771241830065
1 0.6114864864864865 0.31209150326797386 0.024774774774774775 0.03594771241830065
1 0.6283783783783784 0.14052287581699346 0.02252252252252252 0.032679738562091505
4 0.615990990990991 0.2826797385620915 0.01126126126126126 0.016339869281045753