3 0.05088495575221239 0.060897435897435896 0.09734513274336283 0.12179487179487179
2 0.4059734513274336 0.8108974358974359 0.024336283185840708 0.038461538461538464
2 0.3418141592920354 0.75 0.024336283185840708 0.038461538461538464
2 0.22898230088495575 0.6057692307692307 0.024336283185840708 0.038461538461538464
2 0.25442477876106195 0.5993589743589743 0.02654867256637168 0.04487179487179487
2 0.16150442477876106 0.9807692307692307 0.030973451327433628 0.03205128205128205
5 0.16371681415929204 0.75 0.02654867256637168 0.03205128205128205
0 0.3993362831858407 0.7708333333333334 0.024336283185840708 0.035256410256410256
0 0.3838495575221239 0.6426282051282052 0.024336283185840708 0.035256410256410256
1 0.41482300884955753 0.6714743589743589 0.024336283185840708 0.035256410256410256
1 0.3926991150442478 0.8557692307692307 0.024336283185840708 0.038461538461538464
1 0.35398230088495575 0.8477564102564102 0.02654867256637168 0.041666666666666664
1 0.19800884955752213 0.8413461538461539 0.028761061946902654 0.035256410256410256
1 0.19358407079646017 0.7708333333333334 0.028761061946902654 0.035256410256410256
4 0.41814159292035397 0.6923076923076923 0.008849557522123894 0.01282051282051282
3 0.048672566371681415 0.7227564102564102 0.09292035398230089 0.5480769230769231