3 0.9324324324324325 0.5 0.13513513513513514 0.9934640522875817
2 0.27815315315315314 0.19117647058823528 0.024774774774774775 0.042483660130718956
2 0.29504504504504503 0.2630718954248366 0.02702702702702703 0.042483660130718956
2 0.17905405405405406 0.23366013071895425 0.02927927927927928 0.042483660130718956
2 0.2725225225225225 0.43300653594771243 0.02702702702702703 0.042483660130718956
2 0.20945945945945946 0.9705882352941176 0.02702702702702703 0.0392156862745098
5 0.23536036036036037 0.7565359477124183 0.033783783783783786 0.03594771241830065
5 0.34684684684684686 0.6176470588235294 0.02702702702702703 0.032679738562091505
0 0.27702702702702703 0.7320261437908496 0.02702702702702703 0.0392156862745098
0 0.23648648648648649 0.9836601307189542 0.03153153153153153 0.026143790849673203
1 0.35135135135135137 0.7107843137254902 0.02252252252252252 0.03594771241830065
1 0.36261261261261263 0.6617647058823529 0.02702702702702703 0.042483660130718956
1 0.32319819819819817 0.4542483660130719 0.024774774774774775 0.032679738562091505
1 0.2702702702702703 0.3284313725490196 0.02702702702702703 0.042483660130718956
1 0.25563063063063063 0.09803921568627451 0.024774774774774775 0.0392156862745098
4 0.45382882882882886 0.7401960784313726 0.01126126126126126 0.016339869281045753