3 0.9800884955752213 0.5 0.035398230088495575 0.9935897435897436
3 0.033185840707964605 0.9375 0.061946902654867256 0.11858974358974358
2 0.36836283185840707 0.1891025641025641 0.024336283185840708 0.038461538461538464
2 0.30420353982300885 0.25 0.024336283185840708 0.038461538461538464
2 0.1913716814159292 0.3942307692307692 0.024336283185840708 0.038461538461538464
2 0.2168141592920354 0.40064102564102566 0.02654867256637168 0.04487179487179487
2 0.12389380530973451 0.019230769230769232 0.030973451327433628 0.03205128205128205
5 0.1261061946902655 0.25 0.02654867256637168 0.03205128205128205
0 0.36172566371681414 0.22916666666666666 0.024336283185840708 0.035256410256410256
0 0.34623893805309736 0.3573717948717949 0.024336283185840708 0.035256410256410256
1 0.377212389380531 0.328525641025641 0.024336283185840708 0.035256410256410256
1 0.35508849557522126 0.14423076923076922 0.024336283185840708 0.038461538461538464
1 0.3163716814159292 0.15224358974358973 0.02654867256637168 0.041666666666666664
1 0.16039823008849557 0.15865384615384615 0.028761061946902654 0.035256410256410256
1 0.15597345132743362 0.22916666666666666 0.028761061946902654 0.035256410256410256
4 0.3805309734513274 0.3076923076923077 0.008849557522123894 0.01282051282051282
3 0.029867256637168143 0.27724358974358976 0.05530973451327434 0.5480769230769231