3 0.022245762711864406 0.5 0.04449152542372881 0.9938650306748467
3 0.9470338983050848 0.5 0.1059322033898305 0.9938650306748467
2 0.4099576271186441 0.25766871165644173 0.023305084745762712 0.03680981595092025
2 0.25 0.27607361963190186 0.025423728813559324 0.03680981595092025
2 0.3728813559322034 0.4233128834355828 0.025423728813559324 0.04294478527607362
2 0.336864406779661 0.46319018404907975 0.025423728813559324 0.03680981595092025
2 0.2764830508474576 0.9662576687116564 0.023305084745762712 0.03680981595092025
5 0.3707627118644068 0.7745398773006135 0.0211864406779661 0.03374233128834356
5 0.4067796610169492 0.6349693251533742 0.0211864406779661 0.03067484662576687
0 0.4004237288135593 0.6825153374233128 0.0211864406779661 0.03374233128834356
0 0.3029661016949153 0.9831288343558282 0.025423728813559324 0.027607361963190184
1 0.4258474576271186 0.7315950920245399 0.0211864406779661 0.03374233128834356
1 0.4332627118644068 0.6671779141104295 0.023305084745762712 0.03987730061349693
1 0.3845338983050847 0.4831288343558282 0.023305084745762712 0.03374233128834356
1 0.3358050847457627 0.36503067484662577 0.023305084745762712 0.03680981595092025
1 0.3177966101694915 0.34202453987730064 0.025423728813559324 0.03987730061349693
4 0.5074152542372882 0.75 0.01059322033898305 0.015337423312883436