3 0.9914893617021276 0.5 0.01276595744680851 1
3 0.06595744680851064 0.4984567901234568 0.1276595744680851 0.9969135802469136
2 0.6159574468085106 0.7407407407407407 0.023404255319148935 0.037037037037037035
2 0.776595744680851 0.7222222222222222 0.02553191489361702 0.037037037037037035
2 0.6531914893617021 0.5740740740740741 0.02553191489361702 0.043209876543209874
2 0.6893617021276596 0.5339506172839507 0.02553191489361702 0.037037037037037035
2 0.75 0.027777777777777776 0.023404255319148935 0.037037037037037035
5 0.6553191489361702 0.22067901234567902 0.02127659574468085 0.033950617283950615
5 0.6191489361702127 0.3611111111111111 0.02127659574468085 0.030864197530864196
0 0.625531914893617 0.3132716049382716 0.02127659574468085 0.033950617283950615
0 0.7244680851063829 0.012345679012345678 0.023404255319148935 0.024691358024691357
1 0.6 0.2638888888888889 0.02127659574468085 0.033950617283950615
1 0.5925531914893617 0.3287037037037037 0.023404255319148935 0.040123456790123455
1 0.6414893617021277 0.5138888888888888 0.023404255319148935 0.033950617283950615
1 0.6904255319148936 0.6327160493827161 0.023404255319148935 0.037037037037037035
1 0.7085106382978723 0.6558641975308642 0.02553191489361702 0.040123456790123455
4 0.5180851063829788 0.24537037037037038 0.010638297872340425 0.015432098765432098