3 0.986228813559322 0.5 0.023305084745762712 1
3 0.0625 0.49846625766871167 0.12076271186440678 0.9969325153374233
2 0.6069915254237288 0.7515337423312883 0.023305084745762712 0.03680981595092025
2 0.7669491525423728 0.7331288343558282 0.025423728813559324 0.03680981595092025
2 0.6440677966101694 0.5858895705521472 0.025423728813559324 0.04294478527607362
2 0.6800847457627118 0.5460122699386503 0.025423728813559324 0.03680981595092025
2 0.7404661016949152 0.04294478527607362 0.023305084745762712 0.03680981595092025
5 0.6461864406779662 0.23466257668711657 0.0211864406779661 0.03374233128834356
5 0.6101694915254238 0.37423312883435583 0.0211864406779661 0.03067484662576687
0 0.6165254237288136 0.3266871165644172 0.0211864406779661 0.03374233128834356
0 0.7161016949152542 0.019938650306748466 0.0211864406779661 0.03374233128834356
1 0.5911016949152542 0.2776073619631902 0.0211864406779661 0.03374233128834356
1 0.5836864406779662 0.34202453987730064 0.023305084745762712 0.03987730061349693
1 0.6324152542372882 0.5260736196319018 0.023305084745762712 0.03374233128834356
1 0.6811440677966102 0.6441717791411042 0.023305084745762712 0.03680981595092025
1 0.6991525423728814 0.6671779141104295 0.025423728813559324 0.03987730061349693
4 0.5095338983050848 0.25920245398773006 0.01059322033898305 0.015337423312883436