3 0.9369565217391305 0.5 0.12608695652173912 0.9936708860759493
2 0.21195652173913043 0.2610759493670886 0.02826086956521739 0.04113924050632911
2 0.3456521739130435 0.4541139240506329 0.02608695652173913 0.04113924050632911
2 0.30217391304347824 0.4541139240506329 0.02608695652173913 0.04113924050632911
2 0.23043478260869565 0.6708860759493671 0.02608695652173913 0.0379746835443038
5 0.3739130434782609 0.6329113924050633 0.021739130434782608 0.03164556962025317
5 0.3358695652173913 0.7768987341772152 0.02391304347826087 0.03481012658227848
0 0.3684782608695652 0.680379746835443 0.02391304347826087 0.0379746835443038
0 0.2902173913043478 0.5506329113924051 0.02391304347826087 0.0379746835443038
1 0.3934782608695652 0.7325949367088608 0.021739130434782608 0.03481012658227848
1 0.40108695652173915 0.6645569620253164 0.02391304347826087 0.0379746835443038
1 0.358695652173913 0.4810126582278481 0.021739130434782608 0.03164556962025317
1 0.266304347826087 0.4177215189873418 0.02391304347826087 0.0379746835443038
1 0.3130434782608696 0.3670886075949367 0.02608695652173913 0.0379746835443038
4 0.47608695652173916 0.7515822784810127 0.013043478260869565 0.015822784810126583