3 0.9531963470319634 0.49834437086092714 0.08904109589041095 0.9966887417218543
4 0.6712328767123288 0.6341059602649006 0.0091324200913242 0.016556291390728478
1 0.7579908675799086 0.5364238410596026 0.0228310502283105 0.033112582781456956
1 0.8105022831050228 0.7533112582781457 0.0228310502283105 0.03642384105960265
1 0.752283105022831 0.6291390728476821 0.02511415525114155 0.033112582781456956
1 0.7157534246575342 0.6639072847682119 0.02511415525114155 0.03642384105960265
0 0.658675799086758 0.6423841059602649 0.02054794520547945 0.033112582781456956
0 0.8013698630136986 0.6688741721854304 0.0228310502283105 0.039735099337748346
5 0.589041095890411 0.5364238410596026 0.0228310502283105 0.033112582781456956
5 0.8424657534246576 0.7334437086092715 0.0228310502283105 0.03642384105960265
2 0.8162100456621004 0.7019867549668874 0.02511415525114155 0.033112582781456956
2 0.7968036529680366 0.7168874172185431 0.0228310502283105 0.03642384105960265
1 0.7773972602739726 0.8294701986754967 0.02511415525114155 0.03642384105960265
2 0.6541095890410958 0.6059602649006622 0.02511415525114155 0.033112582781456956
2 0.7226027397260274 0.5877483443708609 0.02511415525114155 0.03642384105960265
2 0.6974885844748858 0.5513245033112583 0.02511415525114155 0.03642384105960265