3 0.019067796610169493 0.5 0.038135593220338986 0.9938650306748467
3 0.9449152542372882 0.5 0.11016949152542373 0.9938650306748467
2 0.24470338983050846 0.2776073619631902 0.02754237288135593 0.03987730061349693
2 0.375 0.4647239263803681 0.025423728813559324 0.03987730061349693
2 0.3326271186440678 0.4647239263803681 0.025423728813559324 0.03987730061349693
2 0.2627118644067797 0.6748466257668712 0.025423728813559324 0.03680981595092025
5 0.4025423728813559 0.6380368098159509 0.0211864406779661 0.03067484662576687
5 0.3654661016949153 0.7776073619631901 0.023305084745762712 0.03374233128834356
0 0.3972457627118644 0.6840490797546013 0.023305084745762712 0.03680981595092025
0 0.3209745762711864 0.558282208588957 0.023305084745762712 0.03680981595092025
1 0.4216101694915254 0.7346625766871165 0.0211864406779661 0.03374233128834356
1 0.4290254237288136 0.6687116564417178 0.023305084745762712 0.03680981595092025
1 0.3877118644067797 0.49079754601226994 0.0211864406779661 0.03067484662576687
1 0.2976694915254237 0.4294478527607362 0.023305084745762712 0.03680981595092025
1 0.3432203389830508 0.3803680981595092 0.025423728813559324 0.03680981595092025
4 0.5021186440677966 0.7530674846625767 0.012711864406779662 0.015337423312883436