3 0.06454918032786885 0.5 0.125 0.9940652818991098
3 0.9784836065573771 0.5 0.0389344262295082 0.9940652818991098
4 0.33811475409836067 0.3694362017804154 0.00819672131147541 0.01483679525222552
1 0.26024590163934425 0.456973293768546 0.020491803278688523 0.02967359050445104
1 0.21311475409836064 0.2626112759643917 0.020491803278688523 0.032640949554896145
1 0.26536885245901637 0.37388724035608306 0.022540983606557378 0.02967359050445104
1 0.29815573770491804 0.3427299703264095 0.022540983606557378 0.032640949554896145
0 0.34938524590163933 0.3620178041543027 0.018442622950819672 0.02967359050445104
0 0.22131147540983606 0.33827893175074186 0.020491803278688523 0.03560830860534125
5 0.41188524590163933 0.456973293768546 0.020491803278688523 0.02967359050445104
5 0.18442622950819673 0.28041543026706234 0.020491803278688523 0.032640949554896145
2 0.20799180327868852 0.3086053412462908 0.022540983606557378 0.02967359050445104
2 0.22540983606557377 0.2952522255192878 0.020491803278688523 0.032640949554896145
1 0.24282786885245902 0.1943620178041543 0.022540983606557378 0.032640949554896145
2 0.35348360655737704 0.39465875370919884 0.022540983606557378 0.02967359050445104
2 0.29200819672131145 0.41097922848664686 0.022540983606557378 0.032640949554896145
2 0.3145491803278688 0.443620178041543 0.022540983606557378 0.032640949554896145