3 0.9915254237288136 0.5 0.012711864406779662 1
3 0.0625 0.07975460122699386 0.12076271186440678 0.15950920245398773
2 0.3707627118644068 0.7239263803680982 0.025423728813559324 0.03680981595092025
2 0.3400423728813559 0.7039877300613497 0.023305084745762712 0.03374233128834356
2 0.2468220338983051 0.6763803680981595 0.023305084745762712 0.03374233128834356
2 0.2923728813559322 0.6088957055214724 0.025423728813559324 0.03987730061349693
2 0.3135593220338983 0.6211656441717791 0.025423728813559324 0.03374233128834356
5 0.298728813559322 0.6457055214723927 0.025423728813559324 0.03374233128834356
5 0.3866525423728814 0.808282208588957 0.023305084745762712 0.03374233128834356
0 0.3188559322033898 0.6717791411042945 0.023305084745762712 0.03067484662576687
0 0.2584745762711864 0.5904907975460123 0.025423728813559324 0.03374233128834356
1 0.2902542372881356 0.6825153374233128 0.025423728813559324 0.03374233128834356
1 0.3199152542372881 0.7515337423312883 0.025423728813559324 0.03680981595092025
1 0.3834745762711864 0.7622699386503068 0.025423728813559324 0.03987730061349693
1 0.263771186440678 0.558282208588957 0.023305084745762712 0.03067484662576687
1 0.2722457627118644 0.6319018404907976 0.023305084745762712 0.03680981595092025
4 0.3177966101694915 0.647239263803681 0.00847457627118644 0.012269938650306749
3 0.059322033898305086 0.6365030674846626 0.11440677966101695 0.7208588957055214