3 0.0659090909090909 0.05098684210526316 0.12727272727272726 0.10197368421052631
2 0.39545454545454545 0.7072368421052632 0.02727272727272727 0.039473684210526314
2 0.3625 0.6858552631578947 0.025 0.03618421052631579
2 0.2625 0.65625 0.025 0.03618421052631579
2 0.31136363636363634 0.5838815789473685 0.02727272727272727 0.04276315789473684
2 0.3340909090909091 0.5970394736842105 0.02727272727272727 0.03618421052631579
5 0.3181818181818182 0.6233552631578947 0.02727272727272727 0.03618421052631579
5 0.4125 0.7976973684210527 0.025 0.03618421052631579
0 0.3397727272727273 0.6513157894736842 0.025 0.03289473684210526
0 0.275 0.5641447368421053 0.02727272727272727 0.03618421052631579
1 0.3090909090909091 0.662828947368421 0.02727272727272727 0.03618421052631579
1 0.3409090909090909 0.7368421052631579 0.02727272727272727 0.039473684210526314
1 0.4090909090909091 0.7483552631578947 0.02727272727272727 0.04276315789473684
1 0.2806818181818182 0.5296052631578947 0.025 0.03289473684210526
1 0.2897727272727273 0.6085526315789473 0.025 0.039473684210526314
4 0.3386363636363636 0.625 0.00909090909090909 0.013157894736842105
3 0.0625 0.6118421052631579 0.12045454545454545 0.7697368421052632