3 0.05630630630630631 0.04738562091503268 0.10810810810810811 0.09477124183006536
2 0.3738738738738739 0.696078431372549 0.02702702702702703 0.0392156862745098
2 0.34121621621621623 0.6748366013071896 0.024774774774774775 0.03594771241830065
2 0.24211711711711711 0.6454248366013072 0.024774774774774775 0.03594771241830065
2 0.2905405405405405 0.5735294117647058 0.02702702702702703 0.042483660130718956
2 0.3130630630630631 0.5866013071895425 0.02702702702702703 0.03594771241830065
5 0.2972972972972973 0.6127450980392157 0.02702702702702703 0.03594771241830065
5 0.39076576576576577 0.7859477124183006 0.024774774774774775 0.03594771241830065
0 0.3186936936936937 0.6405228758169934 0.024774774774774775 0.032679738562091505
0 0.2545045045045045 0.553921568627451 0.02702702702702703 0.03594771241830065
1 0.2882882882882883 0.6519607843137255 0.02702702702702703 0.03594771241830065
1 0.31981981981981983 0.7254901960784313 0.02702702702702703 0.0392156862745098
1 0.38738738738738737 0.7369281045751634 0.02702702702702703 0.042483660130718956
1 0.26013513513513514 0.5196078431372549 0.024774774774774775 0.032679738562091505
1 0.26914414414414417 0.5980392156862745 0.024774774774774775 0.0392156862745098
4 0.31756756756756754 0.6143790849673203 0.009009009009009009 0.013071895424836602
3 0.05292792792792793 0.6078431372549019 0.10135135135135136 0.7777777777777778