3 0.9914529914529915 0.5 0.01282051282051282 0.9937888198757764
3 0.056623931623931624 0.35093167701863354 0.10897435897435898 0.6956521739130435
2 0.20405982905982906 0.21428571428571427 0.027777777777777776 0.043478260869565216
2 0.17735042735042736 0.22826086956521738 0.02564102564102564 0.040372670807453416
2 0.28952991452991456 0.2546583850931677 0.023504273504273504 0.037267080745341616
2 0.33547008547008544 0.2981366459627329 0.02564102564102564 0.037267080745341616
2 0.36645299145299143 0.2779503105590062 0.023504273504273504 0.034161490683229816
5 0.3803418803418803 0.19409937888198758 0.021367521367521368 0.034161490683229816
5 0.266025641025641 0.059006211180124224 0.023504273504273504 0.031055900621118012
0 0.31303418803418803 0.32608695652173914 0.023504273504273504 0.031055900621118012
0 0.20833333333333334 0.39751552795031053 0.023504273504273504 0.031055900621118012
1 0.18162393162393162 0.3198757763975155 0.02564102564102564 0.037267080745341616
1 0.17841880341880342 0.2779503105590062 0.023504273504273504 0.034161490683229816
1 0.37713675213675213 0.2391304347826087 0.023504273504273504 0.031055900621118012
1 0.3141025641025641 0.25 0.021367521367521368 0.034161490683229816
1 0.26816239316239315 0.024844720496894408 0.023504273504273504 0.031055900621118012
4 0.31303418803418803 0.35093167701863354 0.010683760683760684 0.012422360248447204