3 0.9822916666666667 0.5 0.03125 0.9939393939393939
3 0.058333333333333334 0.3515151515151515 0.1125 0.696969696969697
2 0.20520833333333333 0.22727272727272727 0.027083333333333334 0.04242424242424243
2 0.17916666666666667 0.2409090909090909 0.025 0.03939393939393939
2 0.28854166666666664 0.26666666666666666 0.022916666666666665 0.03636363636363636
2 0.3333333333333333 0.3090909090909091 0.025 0.03636363636363636
2 0.36354166666666665 0.28939393939393937 0.022916666666666665 0.03333333333333333
5 0.3770833333333333 0.20757575757575758 0.020833333333333332 0.03333333333333333
5 0.265625 0.07575757575757576 0.022916666666666665 0.030303030303030304
0 0.31145833333333334 0.33636363636363636 0.022916666666666665 0.030303030303030304
0 0.209375 0.40606060606060607 0.022916666666666665 0.030303030303030304
1 0.18333333333333332 0.3303030303030303 0.025 0.03636363636363636
1 0.18020833333333333 0.28939393939393937 0.022916666666666665 0.03333333333333333
1 0.37395833333333334 0.2515151515151515 0.022916666666666665 0.030303030303030304
1 0.3125 0.26212121212121214 0.020833333333333332 0.03333333333333333
1 0.2677083333333333 0.04242424242424243 0.022916666666666665 0.030303030303030304
4 0.31145833333333334 0.3606060606060606 0.010416666666666666 0.012121212121212121