3 0.9774590163934426 0.5 0.040983606557377046 0.9940652818991098
3 0.06659836065573771 0.5 0.1290983606557377 0.9940652818991098
2 0.45184426229508196 0.03560830860534125 0.022540983606557378 0.03560830860534125
2 0.7520491803278688 0.2774480712166172 0.02459016393442623 0.03857566765578635
2 0.7602459016393442 0.6632047477744807 0.02459016393442623 0.03857566765578635
2 0.735655737704918 0.7047477744807121 0.02459016393442623 0.03857566765578635
5 0.6905737704918032 0.5875370919881305 0.020491803278688523 0.02967359050445104
5 0.6362704918032787 0.7626112759643917 0.022540983606557378 0.02967359050445104
0 0.6536885245901639 0.7166172106824926 0.020491803278688523 0.032640949554896145
0 0.6741803278688525 0.5593471810089021 0.020491803278688523 0.032640949554896145
1 0.5461065573770492 0.6869436201780416 0.022540983606557378 0.032640949554896145
1 0.5461065573770492 0.6216617210682492 0.022540983606557378 0.03857566765578635
1 0.7008196721311475 0.4258160237388724 0.02459016393442623 0.03857566765578635
1 0.4077868852459016 0.39317507418397624 0.020491803278688523 0.032640949554896145
1 0.382172131147541 0.26409495548961426 0.02663934426229508 0.04154302670623145
4 0.5040983606557377 0.7359050445103857 0.00819672131147541 0.011869436201780416