3 0.9517937219730942 0.49837662337662336 0.09192825112107623 0.9967532467532467
2 0.5526905829596412 0.9707792207792207 0.02466367713004484 0.03896103896103896
2 0.2242152466367713 0.7061688311688312 0.026905829596412557 0.04220779220779221
2 0.21524663677130046 0.2840909090909091 0.026905829596412557 0.04220779220779221
2 0.242152466367713 0.23863636363636365 0.026905829596412557 0.04220779220779221
5 0.2914798206278027 0.36688311688311687 0.02242152466367713 0.032467532467532464
5 0.3508968609865471 0.17532467532467533 0.02466367713004484 0.032467532467532464
0 0.33183856502242154 0.22564935064935066 0.02242152466367713 0.03571428571428571
0 0.3094170403587444 0.3977272727272727 0.02242152466367713 0.03571428571428571
1 0.4495515695067265 0.25811688311688313 0.02466367713004484 0.03571428571428571
1 0.4495515695067265 0.32954545454545453 0.02466367713004484 0.04220779220779221
1 0.2802690582959641 0.5438311688311688 0.026905829596412557 0.04220779220779221
1 0.600896860986547 0.5795454545454546 0.02242152466367713 0.03571428571428571
1 0.6289237668161435 0.7207792207792207 0.02914798206278027 0.045454545454545456
4 0.49551569506726456 0.20454545454545456 0.008968609865470852 0.012987012987012988