3 0.9935064935064936 0.5 0.008658008658008658 0.9937106918238994
3 0.06060606060606061 0.5 0.11688311688311688 0.9937106918238994
2 0.45670995670995673 0.009433962264150943 0.025974025974025976 0.012578616352201259
2 0.7748917748917749 0.2531446540880503 0.025974025974025976 0.040880503144654086
2 0.7835497835497836 0.6619496855345912 0.025974025974025976 0.040880503144654086
2 0.7575757575757576 0.7059748427672956 0.025974025974025976 0.040880503144654086
5 0.70995670995671 0.5817610062893082 0.021645021645021644 0.031446540880503145
5 0.6525974025974026 0.7672955974842768 0.023809523809523808 0.031446540880503145
0 0.670995670995671 0.7185534591194969 0.021645021645021644 0.03459119496855346
0 0.6926406926406926 0.5518867924528302 0.021645021645021644 0.03459119496855346
1 0.5573593073593074 0.6871069182389937 0.023809523809523808 0.03459119496855346
1 0.5573593073593074 0.6179245283018868 0.023809523809523808 0.040880503144654086
1 0.7207792207792207 0.41037735849056606 0.025974025974025976 0.040880503144654086
1 0.41125541125541126 0.3757861635220126 0.021645021645021644 0.03459119496855346
1 0.3841991341991342 0.2389937106918239 0.02813852813852814 0.0440251572327044
4 0.512987012987013 0.7389937106918238 0.008658008658008658 0.012578616352201259