3 0.053409090909090906 0.65625 0.10227272727272728 0.680921052631579
2 0.2034090909090909 0.8289473684210527 0.029545454545454545 0.046052631578947366
2 0.175 0.8141447368421053 0.02727272727272727 0.04276315789473684
2 0.2943181818181818 0.7861842105263158 0.025 0.039473684210526314
2 0.3431818181818182 0.7401315789473685 0.02727272727272727 0.039473684210526314
2 0.37613636363636366 0.7615131578947368 0.025 0.03618421052631579
5 0.39090909090909093 0.850328947368421 0.022727272727272728 0.03618421052631579
5 0.2681818181818182 0.9868421052631579 0.02727272727272727 0.019736842105263157
0 0.31931818181818183 0.7105263157894737 0.025 0.03289473684210526
0 0.20795454545454545 0.6348684210526315 0.025 0.03289473684210526
1 0.17954545454545454 0.7171052631578947 0.02727272727272727 0.039473684210526314
1 0.17613636363636365 0.7615131578947368 0.025 0.03618421052631579
1 0.3875 0.8026315789473685 0.025 0.03289473684210526
1 0.32045454545454544 0.7911184210526315 0.022727272727272728 0.03618421052631579
4 0.31931818181818183 0.6842105263157895 0.011363636363636364 0.013157894736842105