3 0.013771186440677966 0.5 0.02754237288135593 0.9938650306748467
3 0.9459745762711864 0.3588957055214724 0.1038135593220339 0.7116564417177914
2 0.8252118644067796 0.25306748466257667 0.023305084745762712 0.03374233128834356
2 0.8008474576271186 0.2392638036809816 0.025423728813559324 0.03680981595092025
2 0.715042372881356 0.2791411042944785 0.023305084745762712 0.03680981595092025
2 0.6705508474576272 0.3236196319018405 0.023305084745762712 0.03374233128834356
2 0.638771186440678 0.30214723926380366 0.023305084745762712 0.03987730061349693
5 0.625 0.21779141104294478 0.0211864406779661 0.03067484662576687
5 0.739406779661017 0.10122699386503067 0.0211864406779661 0.03067484662576687
0 0.7955508474576272 0.4187116564417178 0.023305084745762712 0.03374233128834356
0 0.6917372881355932 0.3512269938650307 0.023305084745762712 0.03374233128834356
1 0.6271186440677966 0.26380368098159507 0.025423728813559324 0.03067484662576687
1 0.690677966101695 0.2745398773006135 0.0211864406779661 0.03374233128834356
1 0.826271186440678 0.30214723926380366 0.025423728813559324 0.03374233128834356
1 0.8209745762711864 0.34355828220858897 0.023305084745762712 0.03067484662576687
1 0.736228813559322 0.06748466257668712 0.023305084745762712 0.03067484662576687
4 0.7341101694915254 0.12423312883435583 0.01059322033898305 0.015337423312883436