3 0.9803719008264463 0.5 0.03512396694214876 0.9940119760479041
3 0.058884297520661155 0.35179640718562877 0.11363636363636363 0.6976047904191617
2 0.1828512396694215 0.25 0.022727272727272728 0.03293413173652695
2 0.2066115702479339 0.23652694610778444 0.024793388429752067 0.03592814371257485
2 0.2902892561983471 0.2754491017964072 0.022727272727272728 0.03592814371257485
2 0.33367768595041325 0.3188622754491018 0.022727272727272728 0.03293413173652695
2 0.3646694214876033 0.29790419161676646 0.022727272727272728 0.038922155688622756
5 0.378099173553719 0.2155688622754491 0.02066115702479339 0.029940119760479042
5 0.2665289256198347 0.10179640718562874 0.02066115702479339 0.029940119760479042
0 0.21177685950413222 0.4116766467065868 0.022727272727272728 0.03293413173652695
0 0.3130165289256198 0.3458083832335329 0.022727272727272728 0.03293413173652695
1 0.3760330578512397 0.26047904191616766 0.024793388429752067 0.029940119760479042
1 0.3140495867768595 0.27095808383233533 0.02066115702479339 0.03293413173652695
1 0.18181818181818182 0.29790419161676646 0.024793388429752067 0.03293413173652695
1 0.18698347107438015 0.3383233532934132 0.022727272727272728 0.029940119760479042
1 0.26962809917355374 0.0688622754491018 0.022727272727272728 0.029940119760479042
4 0.27169421487603307 0.12425149700598802 0.010330578512396695 0.014970059880239521