3 0.984375 0.5 0.026785714285714284 0.9935483870967742
3 0.03459821428571429 0.5 0.06473214285714286 0.9935483870967742
2 0.33035714285714285 0.2870967741935484 0.022321428571428572 0.03225806451612903
2 0.2544642857142857 0.29354838709677417 0.026785714285714284 0.03870967741935484
2 0.23772321428571427 0.3435483870967742 0.024553571428571428 0.035483870967741936
2 0.17522321428571427 0.2903225806451613 0.024553571428571428 0.03225806451612903
2 0.3638392857142857 0.41774193548387095 0.026785714285714284 0.035483870967741936
5 0.19196428571428573 0.3564516129032258 0.022321428571428572 0.02903225806451613
5 0.20424107142857142 0.38225806451612904 0.024553571428571428 0.035483870967741936
0 0.16629464285714285 0.3935483870967742 0.024553571428571428 0.03225806451612903
0 0.39620535714285715 0.33225806451612905 0.024553571428571428 0.03225806451612903
1 0.43080357142857145 0.30483870967741933 0.026785714285714284 0.035483870967741936
1 0.3549107142857143 0.2967741935483871 0.022321428571428572 0.03225806451612903
1 0.203125 0.2838709677419355 0.022321428571428572 0.03225806451612903
1 0.19084821428571427 0.3209677419354839 0.029017857142857144 0.035483870967741936
1 0.14508928571428573 0.2806451612903226 0.026785714285714284 0.03225806451612903
4 0.17299107142857142 0.3338709677419355 0.011160714285714286 0.016129032258064516