3 0.017094017094017096 0.4984472049689441 0.03418803418803419 0.9968944099378882
3 0.9497863247863247 0.10403726708074534 0.09615384615384616 0.2080745341614907
2 0.7286324786324786 0.7437888198757764 0.02564102564102564 0.034161490683229816
2 0.813034188034188 0.7919254658385093 0.027777777777777776 0.037267080745341616
2 0.8397435897435898 0.7763975155279503 0.02564102564102564 0.037267080745341616
2 0.6730769230769231 0.7375776397515528 0.021367521367521368 0.040372670807453416
2 0.6506410256410257 0.7282608695652174 0.023504273504273504 0.040372670807453416
5 0.6506410256410257 0.7934782608695652 0.023504273504273504 0.034161490683229816
5 0.6153846153846154 0.796583850931677 0.021367521367521368 0.034161490683229816
0 0.6805555555555556 0.6366459627329193 0.023504273504273504 0.031055900621118012
0 0.7051282051282052 0.718944099378882 0.021367521367521368 0.034161490683229816
1 0.8333333333333334 0.6847826086956522 0.02564102564102564 0.034161490683229816
1 0.8397435897435898 0.7282608695652174 0.02564102564102564 0.034161490683229816
1 0.7147435897435898 0.782608695652174 0.023504273504273504 0.031055900621118012
1 0.7029914529914529 0.7546583850931677 0.02564102564102564 0.037267080745341616
1 0.6388888888888888 0.7639751552795031 0.02564102564102564 0.037267080745341616
4 0.7200854700854701 0.7639751552795031 0.008547008547008548 0.006211180124223602
3 0.9529914529914529 0.7251552795031055 0.08974358974358974 0.5434782608695652