3 0.06387665198237885 0.10668789808917198 0.12334801762114538 0.21337579617834396
2 0.3039647577092511 0.7627388535031847 0.02643171806167401 0.03503184713375796
2 0.21696035242290748 0.8121019108280255 0.028634361233480177 0.03821656050955414
2 0.1894273127753304 0.7961783439490446 0.02643171806167401 0.03821656050955414
2 0.36123348017621143 0.7563694267515924 0.022026431718061675 0.041401273885350316
2 0.3843612334801762 0.7468152866242038 0.024229074889867842 0.041401273885350316
5 0.3843612334801762 0.8136942675159236 0.024229074889867842 0.03503184713375796
5 0.42070484581497797 0.8168789808917197 0.022026431718061675 0.03503184713375796
0 0.3535242290748899 0.6528662420382165 0.024229074889867842 0.03184713375796178
0 0.32819383259911894 0.7372611464968153 0.022026431718061675 0.03503184713375796
1 0.1960352422907489 0.7022292993630573 0.02643171806167401 0.03503184713375796
1 0.1894273127753304 0.7468152866242038 0.02643171806167401 0.03503184713375796
1 0.31828193832599116 0.802547770700637 0.024229074889867842 0.03184713375796178
1 0.3303964757709251 0.7738853503184714 0.02643171806167401 0.03821656050955414
1 0.3964757709251101 0.7834394904458599 0.02643171806167401 0.03821656050955414
4 0.31277533039647576 0.7834394904458599 0.00881057268722467 0.006369426751592357
3 0.0605726872246696 0.7308917197452229 0.11674008810572688 0.5318471337579618