3 0.9803719008264463 0.5 0.03512396694214876 0.9940119760479041
3 0.06301652892561983 0.5 0.12190082644628099 0.9940119760479041
2 0.2303719008264463 0.1317365269461078 0.022727272727272728 0.03592814371257485
2 0.37913223140495866 0.3023952095808383 0.022727272727272728 0.03592814371257485
2 0.35640495867768596 0.3158682634730539 0.022727272727272728 0.038922155688622756
2 0.22210743801652894 0.3398203592814371 0.026859504132231406 0.038922155688622756
2 0.2892561983471074 0.3967065868263473 0.024793388429752067 0.03293413173652695
5 0.22933884297520662 0.19311377245508982 0.024793388429752067 0.03293413173652695
5 0.21384297520661158 0.11526946107784432 0.022727272727272728 0.03293413173652695
0 0.36983471074380164 0.39820359281437123 0.02066115702479339 0.03592814371257485
0 0.3419421487603306 0.3997005988023952 0.022727272727272728 0.03293413173652695
1 0.18698347107438015 0.3383233532934132 0.022727272727272728 0.029940119760479042
1 0.3440082644628099 0.26497005988023953 0.022727272727272728 0.03293413173652695
1 0.18181818181818182 0.20658682634730538 0.024793388429752067 0.03592814371257485
1 0.24586776859504134 0.15269461077844312 0.02066115702479339 0.03592814371257485
1 0.25 0.218562874251497 0.024793388429752067 0.03592814371257485
4 0.27582644628099173 0.3847305389221557 0.010330578512396695 0.014970059880239521