3 0.9787234042553191 0.5 0.03829787234042553 1
3 0.052127659574468084 0.4984567901234568 0.1 0.9969135802469136
2 0.7489361702127659 0.7253086419753086 0.02553191489361702 0.037037037037037035
2 0.7585106382978724 0.3271604938271605 0.023404255319148935 0.037037037037037035
2 0.7308510638297873 0.2808641975308642 0.027659574468085105 0.037037037037037035
2 0.44148936170212766 0.2191358024691358 0.023404255319148935 0.037037037037037035
5 0.6861702127659575 0.404320987654321 0.023404255319148935 0.030864197530864196
5 0.6276595744680851 0.2222222222222222 0.02553191489361702 0.030864197530864196
0 0.6478723404255319 0.2700617283950617 0.023404255319148935 0.033950617283950615
0 0.6680851063829787 0.43209876543209874 0.02127659574468085 0.030864197530864196
1 0.5340425531914894 0.30092592592592593 0.02553191489361702 0.040123456790123455
1 0.5372340425531915 0.35185185185185186 0.023404255319148935 0.037037037037037035
1 0.5382978723404256 0.39351851851851855 0.02553191489361702 0.033950617283950615
1 0.39148936170212767 0.6064814814814815 0.02127659574468085 0.033950617283950615
1 0.6946808510638298 0.5725308641975309 0.023404255319148935 0.033950617283950615
4 0.49148936170212765 0.24845679012345678 0.00851063829787234 0.015432098765432098