3 0.9831081081081081 0.5 0.02927927927927928 0.9934640522875817
3 0.028153153153153154 0.5 0.0518018018018018 0.9934640522875817
2 0.17004504504504506 0.13398692810457516 0.024774774774774775 0.0392156862745098
2 0.3322072072072072 0.3202614379084967 0.024774774774774775 0.0392156862745098
2 0.30743243243243246 0.3349673202614379 0.024774774774774775 0.042483660130718956
2 0.16103603603603603 0.3611111111111111 0.02927927927927928 0.042483660130718956
2 0.23423423423423423 0.42320261437908496 0.02702702702702703 0.03594771241830065
5 0.16891891891891891 0.20098039215686275 0.02702702702702703 0.03594771241830065
5 0.15202702702702703 0.11601307189542484 0.024774774774774775 0.03594771241830065
0 0.32207207207207206 0.42483660130718953 0.02252252252252252 0.0392156862745098
0 0.2916666666666667 0.4264705882352941 0.024774774774774775 0.03594771241830065
1 0.12274774774774774 0.35947712418300654 0.024774774774774775 0.032679738562091505
1 0.2939189189189189 0.27941176470588236 0.024774774774774775 0.03594771241830065
1 0.11711711711711711 0.21568627450980393 0.02702702702702703 0.0392156862745098
1 0.18693693693693694 0.1568627450980392 0.02252252252252252 0.0392156862745098
1 0.19144144144144143 0.22875816993464052 0.02702702702702703 0.0392156862745098
4 0.2195945945945946 0.41013071895424835 0.01126126126126126 0.016339869281045753