3 0.9775641025641025 0.5 0.0405982905982906 1
3 0.04487179487179487 0.4984472049689441 0.08547008547008547 0.9968944099378882
2 0.1997863247863248 0.8944099378881988 0.023504273504273504 0.037267080745341616
2 0.35363247863247865 0.717391304347826 0.023504273504273504 0.037267080745341616
2 0.3301282051282051 0.703416149068323 0.023504273504273504 0.040372670807453416
2 0.19123931623931623 0.6785714285714286 0.027777777777777776 0.040372670807453416
2 0.2606837606837607 0.6195652173913043 0.02564102564102564 0.034161490683229816
5 0.1987179487179487 0.8307453416149069 0.02564102564102564 0.034161490683229816
5 0.18269230769230768 0.9114906832298136 0.023504273504273504 0.034161490683229816
0 0.344017094017094 0.6180124223602484 0.021367521367521368 0.037267080745341616
0 0.31517094017094016 0.6164596273291926 0.023504273504273504 0.034161490683229816
1 0.15491452991452992 0.6801242236024845 0.023504273504273504 0.031055900621118012
1 0.3173076923076923 0.7562111801242236 0.023504273504273504 0.034161490683229816
1 0.14957264957264957 0.8167701863354038 0.02564102564102564 0.037267080745341616
1 0.21581196581196582 0.8726708074534162 0.021367521367521368 0.037267080745341616
1 0.22008547008547008 0.8043478260869565 0.02564102564102564 0.037267080745341616
4 0.2467948717948718 0.6319875776397516 0.010683760683760684 0.015527950310559006