3 0.9736238532110092 0.5 0.0481651376146789 1
2 0.7224770642201835 0.7166666666666667 0.027522935779816515 0.04
2 0.7327981651376146 0.2866666666666667 0.02522935779816514 0.04
2 0.7029816513761468 0.23666666666666666 0.02981651376146789 0.04
2 0.39105504587155965 0.17 0.02522935779816514 0.04
5 0.6548165137614679 0.37 0.02522935779816514 0.03333333333333333
5 0.591743119266055 0.17333333333333334 0.027522935779816515 0.03333333333333333
0 0.6135321100917431 0.225 0.02522935779816514 0.03666666666666667
0 0.6353211009174312 0.4 0.022935779816513763 0.03333333333333333
1 0.4908256880733945 0.25833333333333336 0.027522935779816515 0.043333333333333335
1 0.49426605504587157 0.31333333333333335 0.02522935779816514 0.04
1 0.4954128440366973 0.35833333333333334 0.027522935779816515 0.03666666666666667
1 0.33715596330275227 0.5883333333333334 0.022935779816513763 0.03666666666666667
1 0.6639908256880734 0.5516666666666666 0.02522935779816514 0.03666666666666667
4 0.44495412844036697 0.20166666666666666 0.009174311926605505 0.016666666666666666