3 0.9363636363636364 0.5 0.12727272727272726 0.993421052631579
2 0.18409090909090908 0.24177631578947367 0.02727272727272727 0.04276315789473684
2 0.17386363636363636 0.6710526315789473 0.029545454545454545 0.039473684210526314
2 0.20227272727272727 0.7154605263157895 0.02727272727272727 0.04276315789473684
2 0.17272727272727273 0.71875 0.02727272727272727 0.03618421052631579
2 0.5022727272727273 0.6891447368421053 0.02727272727272727 0.04276315789473684
5 0.2772727272727273 0.6217105263157895 0.022727272727272728 0.03289473684210526
5 0.3125 0.7796052631578947 0.025 0.03289473684210526
0 0.4056818181818182 0.7417763157894737 0.025 0.04276315789473684
0 0.29204545454545455 0.7302631578947368 0.025 0.039473684210526314
1 0.45 0.837171052631579 0.022727272727272728 0.03618421052631579
1 0.6670454545454545 0.5838815789473685 0.025 0.03618421052631579
1 0.48068181818181815 0.4917763157894737 0.025 0.03618421052631579
1 0.5181818181818182 0.4605263157894737 0.02727272727272727 0.039473684210526314
1 0.2409090909090909 0.40625 0.02727272727272727 0.04276315789473684
4 0.47613636363636364 0.7894736842105263 0.011363636363636364 0.013157894736842105