3 0.9803719008264463 0.5 0.03512396694214876 1
3 0.060950413223140494 0.5299401197604791 0.11776859504132231 0.9341317365269461
2 0.23140495867768596 0.8697604790419161 0.02066115702479339 0.03293413173652695
2 0.37913223140495866 0.6976047904191617 0.022727272727272728 0.03592814371257485
2 0.35640495867768596 0.6841317365269461 0.022727272727272728 0.03293413173652695
2 0.3130165289256198 0.657185628742515 0.022727272727272728 0.03293413173652695
2 0.2231404958677686 0.6601796407185628 0.024793388429752067 0.03293413173652695
5 0.22830578512396693 0.8083832335329342 0.022727272727272728 0.029940119760479042
5 0.21487603305785125 0.8847305389221557 0.02066115702479339 0.03293413173652695
0 0.37086776859504134 0.6017964071856288 0.022727272727272728 0.029940119760479042
0 0.35330578512396693 0.5838323353293413 0.02066115702479339 0.029940119760479042
1 0.18698347107438015 0.6616766467065869 0.022727272727272728 0.029940119760479042
1 0.24896694214876033 0.7799401197604791 0.026859504132231406 0.03293413173652695
1 0.18181818181818182 0.7949101796407185 0.024793388429752067 0.03293413173652695
1 0.24586776859504134 0.8458083832335329 0.02066115702479339 0.03293413173652695
1 0.3450413223140496 0.7350299401197605 0.02066115702479339 0.02694610778443114
4 0.3409090909090909 0.5808383233532934 0.008264462809917356 0.011976047904191617