3 0.0055309734513274336 0.4983974358974359 0.011061946902654867 0.9967948717948718
3 0.9557522123893806 0.5128205128205128 0.084070796460177 0.967948717948718
2 0.7942477876106194 0.8926282051282052 0.022123893805309734 0.035256410256410256
2 0.6360619469026548 0.7083333333333334 0.024336283185840708 0.038461538461538464
2 0.6603982300884956 0.6939102564102564 0.024336283185840708 0.035256410256410256
2 0.706858407079646 0.6650641025641025 0.024336283185840708 0.035256410256410256
2 0.8030973451327433 0.6682692307692307 0.02654867256637168 0.035256410256410256
5 0.797566371681416 0.8269230769230769 0.024336283185840708 0.03205128205128205
5 0.8119469026548672 0.9086538461538461 0.022123893805309734 0.035256410256410256
0 0.6449115044247787 0.6057692307692307 0.024336283185840708 0.03205128205128205
0 0.6637168141592921 0.5865384615384616 0.022123893805309734 0.03205128205128205
1 0.8418141592920354 0.6698717948717948 0.024336283185840708 0.03205128205128205
1 0.7754424778761062 0.7964743589743589 0.028761061946902654 0.035256410256410256
1 0.8473451327433629 0.8125 0.02654867256637168 0.035256410256410256
1 0.7787610619469026 0.8669871794871795 0.022123893805309734 0.035256410256410256
1 0.672566371681416 0.7483974358974359 0.022123893805309734 0.028846153846153848
4 0.6769911504424779 0.5833333333333334 0.008849557522123894 0.01282051282051282