3 0.06818181818181818 0.5 0.1318181818181818 0.993421052631579
2 0.8204545454545454 0.22203947368421054 0.02727272727272727 0.04276315789473684
2 0.8306818181818182 0.6513157894736842 0.029545454545454545 0.039473684210526314
2 0.8022727272727272 0.6957236842105263 0.02727272727272727 0.04276315789473684
2 0.8318181818181818 0.6990131578947368 0.02727272727272727 0.03618421052631579
2 0.5022727272727273 0.6694078947368421 0.02727272727272727 0.04276315789473684
5 0.7272727272727273 0.6019736842105263 0.022727272727272728 0.03289473684210526
5 0.6920454545454545 0.7598684210526315 0.025 0.03289473684210526
0 0.5988636363636364 0.7220394736842105 0.025 0.04276315789473684
0 0.7125 0.7105263157894737 0.025 0.039473684210526314
1 0.5545454545454546 0.8174342105263158 0.022727272727272728 0.03618421052631579
1 0.3375 0.5641447368421053 0.025 0.03618421052631579
1 0.5238636363636363 0.4720394736842105 0.025 0.03618421052631579
1 0.4863636363636364 0.4407894736842105 0.02727272727272727 0.039473684210526314
1 0.7636363636363637 0.38651315789473684 0.02727272727272727 0.04276315789473684
4 0.5284090909090909 0.7697368421052632 0.011363636363636364 0.013157894736842105