3 0.9767932489451476 0.5 0.04219409282700422 1
3 0.04746835443037975 0.6448170731707317 0.09071729957805907 0.7042682926829268
2 0.30063291139240506 0.8185975609756098 0.023206751054852322 0.03353658536585366
2 0.28270042194092826 0.7698170731707317 0.02531645569620253 0.039634146341463415
2 0.20042194092827004 0.7713414634146342 0.02531645569620253 0.036585365853658534
2 0.2911392405063291 0.649390243902439 0.02531645569620253 0.036585365853658534
2 0.15611814345991562 0.5640243902439024 0.029535864978902954 0.036585365853658534
5 0.2310126582278481 0.8033536585365854 0.023206751054852322 0.03353658536585366
5 0.17932489451476794 0.6570121951219512 0.02531645569620253 0.03353658536585366
0 0.2478902953586498 0.5655487804878049 0.027426160337552744 0.03353658536585366
0 0.3744725738396624 0.6951219512195121 0.023206751054852322 0.036585365853658534
1 0.2478902953586498 0.8765243902439024 0.023206751054852322 0.03353658536585366
1 0.25738396624472576 0.7926829268292683 0.02531645569620253 0.036585365853658534
1 0.15928270042194093 0.7942073170731707 0.027426160337552744 0.039634146341463415
1 0.11286919831223628 0.6570121951219512 0.027426160337552744 0.03353658536585366
1 0.310126582278481 0.7774390243902439 0.02531645569620253 0.036585365853658534
4 0.27637130801687765 0.801829268292683 0.008438818565400843 0.012195121951219513