3 0.9369369369369369 0.08823529411764706 0.12162162162162163 0.17647058823529413
2 0.7849099099099099 0.8120915032679739 0.02927927927927928 0.042483660130718956
2 0.7027027027027027 0.7679738562091504 0.02702702702702703 0.0392156862745098
2 0.8141891891891891 0.5947712418300654 0.02927927927927928 0.0392156862745098
2 0.6677927927927928 0.7745098039215687 0.024774774774774775 0.0392156862745098
5 0.7916666666666666 0.6944444444444444 0.024774774774774775 0.03594771241830065
5 0.7927927927927928 0.8905228758169934 0.02702702702702703 0.03594771241830065
0 0.75 0.6748366013071896 0.02252252252252252 0.03594771241830065
0 0.6621621621621622 0.8398692810457516 0.02252252252252252 0.032679738562091505
1 0.7387387387387387 0.9133986928104575 0.02252252252252252 0.03594771241830065
1 0.8119369369369369 0.8398692810457516 0.02927927927927928 0.0392156862745098
1 0.7105855855855856 0.8006535947712419 0.024774774774774775 0.0392156862745098
1 0.7511261261261262 0.7352941176470589 0.02927927927927928 0.0392156862745098
1 0.8614864864864865 0.696078431372549 0.024774774774774775 0.0392156862745098
4 0.7713963963963963 0.8578431372549019 0.01126126126126126 0.016339869281045753
3 0.9403153153153153 0.6879084967320261 0.11486486486486487 0.6176470588235294