3 0.010089686098654708 0.49837662337662336 0.020179372197309416 0.9967532467532467
3 0.9607623318385651 0.49837662337662336 0.07399103139013453 0.9967532467532467
2 0.24439461883408073 0.7792207792207793 0.026905829596412557 0.03896103896103896
2 0.8531390134529148 0.9464285714285714 0.02466367713004484 0.04220779220779221
2 0.32062780269058294 0.37337662337662336 0.026905829596412557 0.03896103896103896
2 0.4170403587443946 0.09415584415584416 0.02242152466367713 0.03896103896103896
2 0.7769058295964125 0.11201298701298701 0.02914798206278027 0.04220779220779221
5 0.3374439461883408 0.40584415584415584 0.02466367713004484 0.032467532467532464
5 0.22085201793721973 0.0762987012987013 0.02466367713004484 0.03571428571428571
0 0.6737668161434978 0.8035714285714286 0.02466367713004484 0.03571428571428571
0 0.3475336322869955 0.37662337662337664 0.02242152466367713 0.032467532467532464
1 0.3419282511210762 0.34415584415584416 0.02466367713004484 0.03896103896103896
1 0.29932735426008966 0.6185064935064936 0.02466367713004484 0.03571428571428571
1 0.8576233183856502 0.6542207792207793 0.02466367713004484 0.03571428571428571
1 0.7825112107623319 0.5827922077922078 0.026905829596412557 0.04220779220779221
1 0.6894618834080718 0.056818181818181816 0.02466367713004484 0.03571428571428571
4 0.4226457399103139 0.5113636363636364 0.011210762331838564 0.016233766233766232