3 0.9352678571428571 0.08225806451612903 0.125 0.16451612903225807
2 0.7823660714285714 0.7919354838709678 0.029017857142857144 0.041935483870967745
2 0.7008928571428571 0.7483870967741936 0.026785714285714284 0.03870967741935484
2 0.8113839285714286 0.5774193548387097 0.029017857142857144 0.03870967741935484
2 0.6662946428571429 0.7548387096774194 0.024553571428571428 0.03870967741935484
5 0.7890625 0.6758064516129032 0.024553571428571428 0.035483870967741936
5 0.7901785714285714 0.8693548387096774 0.026785714285714284 0.035483870967741936
0 0.7477678571428571 0.6564516129032258 0.022321428571428572 0.035483870967741936
0 0.6607142857142857 0.8193548387096774 0.022321428571428572 0.03225806451612903
1 0.7366071428571429 0.8919354838709678 0.022321428571428572 0.035483870967741936
1 0.8091517857142857 0.8193548387096774 0.029017857142857144 0.03870967741935484
1 0.7087053571428571 0.7806451612903226 0.024553571428571428 0.03870967741935484
1 0.7488839285714286 0.7161290322580646 0.029017857142857144 0.03870967741935484
1 0.8582589285714286 0.6774193548387096 0.024553571428571428 0.03870967741935484
4 0.7689732142857143 0.8370967741935483 0.011160714285714286 0.016129032258064516
3 0.9386160714285714 0.6806451612903226 0.11830357142857142 0.632258064516129