3 0.9402173913043478 0.49841772151898733 0.11521739130434783 0.9968354430379747
2 0.8119565217391305 0.9129746835443038 0.02826086956521739 0.04113924050632911
2 0.7304347826086957 0.25158227848101267 0.02608695652173913 0.04113924050632911
2 0.7369565217391304 0.09968354430379747 0.02608695652173913 0.04113924050632911
2 0.38913043478260867 0.08386075949367089 0.021739130434782608 0.03481012658227848
2 0.2956521739130435 0.35443037974683544 0.02608695652173913 0.0379746835443038
5 0.425 0.3575949367088608 0.02391304347826087 0.03164556962025317
5 0.27391304347826084 0.5569620253164557 0.02608695652173913 0.03164556962025317
0 0.4652173913043478 0.4541139240506329 0.021739130434782608 0.03481012658227848
0 0.6369565217391304 0.7737341772151899 0.021739130434782608 0.03481012658227848
1 0.816304347826087 0.629746835443038 0.02391304347826087 0.0379746835443038
1 0.7434782608695653 0.5585443037974683 0.02608695652173913 0.04113924050632911
1 0.35543478260869565 0.33544303797468356 0.02391304347826087 0.0379746835443038
1 0.27717391304347827 0.625 0.02391304347826087 0.04113924050632911
1 0.6532608695652173 0.04588607594936709 0.02391304347826087 0.03481012658227848
4 0.39456521739130435 0.4889240506329114 0.010869565217391304 0.015822784810126583