3 0.05803571428571429 0.5 0.11160714285714286 0.9935483870967742
2 0.18415178571428573 0.11774193548387096 0.029017857142857144 0.041935483870967745
2 0.26785714285714285 0.7919354838709678 0.026785714285714284 0.041935483870967745
2 0.2611607142857143 0.9467741935483871 0.026785714285714284 0.041935483870967745
2 0.6183035714285714 0.9629032258064516 0.022321428571428572 0.035483870967741936
2 0.7142857142857143 0.6870967741935484 0.026785714285714284 0.03870967741935484
5 0.5814732142857143 0.6838709677419355 0.024553571428571428 0.03225806451612903
5 0.7366071428571429 0.4806451612903226 0.026785714285714284 0.03225806451612903
0 0.5401785714285714 0.5854838709677419 0.022321428571428572 0.035483870967741936
0 0.3638392857142857 0.25967741935483873 0.022321428571428572 0.035483870967741936
1 0.1796875 0.4064516129032258 0.024553571428571428 0.03870967741935484
1 0.2544642857142857 0.4790322580645161 0.026785714285714284 0.041935483870967745
1 0.6529017857142857 0.7064516129032258 0.024553571428571428 0.03870967741935484
1 0.7332589285714286 0.4112903225806452 0.024553571428571428 0.041935483870967745
1 0.3470982142857143 0.9887096774193549 0.029017857142857144 0.016129032258064516
4 0.6127232142857143 0.55 0.011160714285714286 0.016129032258064516