3 0.00995575221238938 0.5 0.01991150442477876 0.9935897435897436
3 0.9535398230088495 0.5 0.09292035398230089 0.9935897435897436
2 0.8373893805309734 0.11858974358974358 0.028761061946902654 0.04487179487179487
2 0.39601769911504425 0.4599358974358974 0.022123893805309734 0.041666666666666664
2 0.31194690265486724 0.6875 0.02654867256637168 0.041666666666666664
2 0.7676991150442478 0.8205128205128205 0.02654867256637168 0.04487179487179487
2 0.7610619469026548 0.9455128205128205 0.02654867256637168 0.04487179487179487
5 0.4435840707964602 0.6826923076923077 0.024336283185840708 0.038461538461538464
5 0.28982300884955753 0.4807692307692308 0.02654867256637168 0.038461538461538464
0 0.48451327433628316 0.5881410256410257 0.022123893805309734 0.041666666666666664
0 0.6581858407079646 0.26121794871794873 0.024336283185840708 0.035256410256410256
1 0.29535398230088494 0.41346153846153844 0.024336283185840708 0.04487179487179487
1 0.37389380530973454 0.7067307692307693 0.02654867256637168 0.041666666666666664
1 0.7665929203539823 0.4807692307692308 0.028761061946902654 0.04487179487179487
1 0.8418141592920354 0.41025641025641024 0.028761061946902654 0.04487179487179487
1 0.6780973451327433 0.9839743589743589 0.028761061946902654 0.02564102564102564
4 0.41261061946902655 0.5496794871794872 0.011061946902654867 0.016025641025641024