3 0.05405405405405406 0.49836601307189543 0.1036036036036036 0.9967320261437909
2 0.4166666666666667 0.826797385620915 0.02702702702702703 0.0392156862745098
2 0.3333333333333333 0.8202614379084967 0.02702702702702703 0.0392156862745098
2 0.3277027027027027 0.7859477124183006 0.024774774774774775 0.03594771241830065
2 0.14076576576576577 0.8382352941176471 0.02927927927927928 0.042483660130718956
2 0.16441441441441443 0.9689542483660131 0.02702702702702703 0.042483660130718956
5 0.23986486486486486 0.9101307189542484 0.024774774774774775 0.03594771241830065
5 0.35135135135135137 0.7647058823529411 0.02252252252252252 0.032679738562091505
0 0.34572072072072074 0.7075163398692811 0.024774774774774775 0.03594771241830065
0 0.32882882882882886 0.8758169934640523 0.02252252252252252 0.0392156862745098
1 0.2927927927927928 0.9395424836601307 0.02702702702702703 0.03594771241830065
1 0.2747747747747748 0.9787581699346405 0.02702702702702703 0.03594771241830065
1 0.17567567567567569 0.803921568627451 0.02702702702702703 0.0392156862745098
1 0.1204954954954955 0.6911764705882353 0.024774774774774775 0.03594771241830065
1 0.4560810810810811 0.5441176470588235 0.024774774774774775 0.03594771241830065
4 0.15090090090090091 0.9558823529411765 0.009009009009009009 0.016339869281045753