3 0.9891304347826086 0.5 0.017391304347826087 0.9936708860759493
3 0.051086956521739134 0.5 0.09782608695652174 0.9936708860759493
2 0.3978260869565217 0.189873417721519 0.02608695652173913 0.0379746835443038
2 0.3173913043478261 0.1962025316455696 0.02608695652173913 0.0379746835443038
2 0.3119565217391304 0.22943037974683544 0.02391304347826087 0.03481012658227848
2 0.13152173913043477 0.1787974683544304 0.02826086956521739 0.04113924050632911
2 0.15434782608695652 0.05221518987341772 0.02608695652173913 0.04113924050632911
5 0.22717391304347825 0.10917721518987342 0.02391304347826087 0.03481012658227848
5 0.3347826086956522 0.25 0.021739130434782608 0.03164556962025317
0 0.3293478260869565 0.30537974683544306 0.02391304347826087 0.03481012658227848
0 0.3130434782608696 0.14240506329113925 0.021739130434782608 0.0379746835443038
1 0.2782608695652174 0.08069620253164557 0.02608695652173913 0.03481012658227848
1 0.2619565217391304 0.04113924050632911 0.02391304347826087 0.0379746835443038
1 0.16521739130434782 0.2120253164556962 0.02608695652173913 0.0379746835443038
1 0.11195652173913044 0.3212025316455696 0.02391304347826087 0.03481012658227848
1 0.4358695652173913 0.46360759493670883 0.02391304347826087 0.03481012658227848
4 0.14130434782608695 0.06487341772151899 0.008695652173913044 0.015822784810126583