3 0.9292237442922374 0.49834437086092714 0.136986301369863 0.9966887417218543
2 0.7888127853881278 0.956953642384106 0.02968036529680365 0.046357615894039736
2 0.3333333333333333 0.6043046357615894 0.0228310502283105 0.04304635761589404
2 0.2465753424657534 0.36920529801324503 0.0273972602739726 0.04304635761589404
2 0.7168949771689498 0.23178807947019867 0.0273972602739726 0.046357615894039736
2 0.7100456621004566 0.10264900662251655 0.0273972602739726 0.046357615894039736
5 0.3824200913242009 0.3741721854304636 0.02511415525114155 0.039735099337748346
5 0.2237442922374429 0.5827814569536424 0.0273972602739726 0.039735099337748346
0 0.4246575342465753 0.4718543046357616 0.0228310502283105 0.04304635761589404
0 0.6038812785388128 0.8096026490066225 0.02511415525114155 0.03642384105960265
1 0.22945205479452055 0.652317880794702 0.02511415525114155 0.046357615894039736
1 0.3105022831050228 0.34933774834437087 0.0273972602739726 0.04304635761589404
1 0.7157534246575342 0.5827814569536424 0.02968036529680365 0.046357615894039736
1 0.79337899543379 0.6556291390728477 0.02968036529680365 0.046357615894039736
1 0.6221461187214612 0.05132450331125828 0.02511415525114155 0.04304635761589404
4 0.3504566210045662 0.5115894039735099 0.01141552511415525 0.016556291390728478