3 0.01867219917012448 0.5 0.03734439834024896 0.9939759036144579
3 0.9398340248962656 0.8358433734939759 0.12033195020746888 0.32228915662650603
2 0.7074688796680498 0.1566265060240964 0.024896265560165973 0.03614457831325301
2 0.6265560165975104 0.22740963855421686 0.024896265560165973 0.0391566265060241
2 0.6763485477178424 0.2560240963855422 0.024896265560165973 0.03614457831325301
2 0.6763485477178424 0.3147590361445783 0.024896265560165973 0.03313253012048193
2 0.5933609958506224 0.21536144578313254 0.024896265560165973 0.0391566265060241
5 0.6639004149377593 0.20933734939759036 0.024896265560165973 0.03313253012048193
5 0.6535269709543569 0.2756024096385542 0.02074688796680498 0.03313253012048193
0 0.6742738589211619 0.1536144578313253 0.024896265560165973 0.03614457831325301
0 0.6545643153526971 0.3463855421686747 0.022821576763485476 0.03614457831325301
1 0.5560165975103735 0.47740963855421686 0.024896265560165973 0.03313253012048193
1 0.8651452282157677 0.34036144578313254 0.024896265560165973 0.03614457831325301
1 0.6390041493775933 0.030120481927710843 0.024896265560165973 0.03614457831325301
1 0.6784232365145229 0.08283132530120482 0.024896265560165973 0.0391566265060241
1 0.7240663900414938 0.04819277108433735 0.024896265560165973 0.03614457831325301
4 0.6701244813278008 0.2289156626506024 0.008298755186721992 0.012048192771084338
3 0.9429460580912863 0.2213855421686747 0.10995850622406639 0.4367469879518072