3 0.9450431034482759 0.6171875 0.10560344827586207 0.759375
2 0.5883620689655172 0.7828125 0.02586206896551724 0.034375
2 0.6239224137931034 0.7703125 0.028017241379310345 0.040625
2 0.6724137931034483 0.740625 0.02586206896551724 0.0375
2 0.6745689655172413 0.6796875 0.021551724137931036 0.034375
2 0.7068965517241379 0.846875 0.02586206896551724 0.0375
5 0.6627155172413793 0.7890625 0.023706896551724137 0.034375
5 0.6508620689655172 0.721875 0.021551724137931036 0.03125
0 0.6508620689655172 0.6453125 0.021551724137931036 0.034375
0 0.6713362068965517 0.8453125 0.023706896551724137 0.034375
1 0.8696120689655172 0.6515625 0.023706896551724137 0.034375
1 0.5495689655172413 0.509375 0.02586206896551724 0.03125
1 0.6756465517241379 0.91875 0.023706896551724137 0.0375
1 0.7241379310344828 0.95625 0.021551724137931036 0.0375
1 0.6336206896551724 0.9765625 0.021551724137931036 0.034375
4 0.6681034482758621 0.76875 0.008620689655172414 0.0125