3 0.02066115702479339 0.49850299401197606 0.04132231404958678 0.9970059880239521
3 0.9380165289256198 0.49850299401197606 0.11983471074380166 0.9970059880239521
2 0.8099173553719008 0.8188622754491018 0.024793388429752067 0.03293413173652695
2 0.5816115702479339 0.7994011976047904 0.022727272727272728 0.03592814371257485
2 0.5557851239669421 0.7425149700598802 0.02066115702479339 0.029940119760479042
2 0.6787190082644629 0.6916167664670658 0.022727272727272728 0.029940119760479042
2 0.6756198347107438 0.5748502994011976 0.024793388429752067 0.03592814371257485
5 0.7840909090909091 0.7320359281437125 0.022727272727272728 0.03293413173652695
5 0.6260330578512396 0.7425149700598802 0.02066115702479339 0.029940119760479042
0 0.8698347107438017 0.7110778443113772 0.024793388429752067 0.03293413173652695
0 0.5723140495867769 0.6946107784431138 0.02066115702479339 0.029940119760479042
1 0.5402892561983471 0.718562874251497 0.022727272727272728 0.03592814371257485
1 0.6859504132231405 0.75 0.024793388429752067 0.03293413173652695
1 0.7458677685950413 0.7245508982035929 0.024793388429752067 0.029940119760479042
1 0.8150826446280992 0.7529940119760479 0.026859504132231406 0.03293413173652695
1 0.6528925619834711 0.6047904191616766 0.02066115702479339 0.029940119760479042
4 0.6745867768595041 0.6661676646706587 0.010330578512396695 0.014970059880239521