3 0.9326086956521739 0.49841772151898733 0.13043478260869565 0.9968354430379747
2 0.6 0.7943037974683544 0.02608695652173913 0.0379746835443038
2 0.6195652173913043 0.7721518987341772 0.02608695652173913 0.0379746835443038
2 0.6369565217391304 0.745253164556962 0.02608695652173913 0.03481012658227848
2 0.6739130434782609 0.7310126582278481 0.02608695652173913 0.04430379746835443
2 0.6423913043478261 0.6787974683544303 0.02391304347826087 0.03481012658227848
5 0.6391304347826087 0.6060126582278481 0.02608695652173913 0.03481012658227848
5 0.6358695652173914 0.7120253164556962 0.02391304347826087 0.03164556962025317
0 0.6456521739130435 0.6455696202531646 0.021739130434782608 0.03164556962025317
0 0.625 0.6598101265822784 0.02391304347826087 0.03481012658227848
1 0.6641304347826087 0.6028481012658228 0.02391304347826087 0.03481012658227848
1 0.6869565217391305 0.7610759493670886 0.021739130434782608 0.03481012658227848
1 0.658695652173913 0.759493670886076 0.02608695652173913 0.04430379746835443
1 0.6804347826086956 0.8259493670886076 0.02608695652173913 0.04430379746835443
1 0.6141304347826086 0.7199367088607594 0.02391304347826087 0.04113924050632911
4 0.5989130434782609 0.7563291139240507 0.010869565217391304 0.0189873417721519