3 0.015690376569037656 0.5 0.03138075313807531 0.9939393939393939
3 0.9382845188284519 0.5 0.12343096234309624 0.9939393939393939
2 0.8075313807531381 0.1712121212121212 0.02510460251046025 0.03333333333333333
2 0.5763598326359832 0.19090909090909092 0.02301255230125523 0.03636363636363636
2 0.5502092050209205 0.24848484848484848 0.02092050209205021 0.030303030303030304
2 0.6746861924686193 0.3 0.02301255230125523 0.030303030303030304
2 0.6715481171548117 0.41818181818181815 0.02510460251046025 0.03636363636363636
5 0.7813807531380753 0.2590909090909091 0.02301255230125523 0.03333333333333333
5 0.6213389121338913 0.24848484848484848 0.02092050209205021 0.030303030303030304
0 0.8682008368200836 0.2803030303030303 0.02510460251046025 0.03333333333333333
0 0.5669456066945606 0.296969696969697 0.02092050209205021 0.030303030303030304
1 0.5345188284518828 0.2727272727272727 0.02301255230125523 0.03636363636363636
1 0.6820083682008368 0.2409090909090909 0.02510460251046025 0.03333333333333333
1 0.7426778242677824 0.26666666666666666 0.02510460251046025 0.030303030303030304
1 0.8127615062761506 0.23787878787878788 0.027196652719665274 0.03333333333333333
1 0.6485355648535565 0.3878787878787879 0.02092050209205021 0.030303030303030304
4 0.6705020920502092 0.32575757575757575 0.010460251046025104 0.015151515151515152