3 0.9828767123287672 0.5 0.02968036529680365 0.9933774834437086
3 0.023972602739726026 0.5 0.04337899543378995 0.9933774834437086
2 0.1187214611872146 0.1076158940397351 0.0273972602739726 0.03642384105960265
2 0.3710045662100457 0.1291390728476821 0.02511415525114155 0.039735099337748346
2 0.3995433789954338 0.19205298013245034 0.0228310502283105 0.033112582781456956
2 0.2636986301369863 0.24834437086092714 0.02511415525114155 0.033112582781456956
2 0.2671232876712329 0.37748344370860926 0.0273972602739726 0.039735099337748346
5 0.14726027397260275 0.20364238410596028 0.02511415525114155 0.03642384105960265
5 0.3219178082191781 0.19205298013245034 0.0228310502283105 0.033112582781456956
0 0.05251141552511415 0.22682119205298013 0.0273972602739726 0.03642384105960265
0 0.3812785388127854 0.24503311258278146 0.0228310502283105 0.033112582781456956
1 0.4166666666666667 0.2185430463576159 0.02511415525114155 0.039735099337748346
1 0.2557077625570776 0.1837748344370861 0.0273972602739726 0.03642384105960265
1 0.18949771689497716 0.2119205298013245 0.0273972602739726 0.033112582781456956
1 0.11301369863013698 0.1804635761589404 0.02968036529680365 0.03642384105960265
1 0.2922374429223744 0.3443708609271523 0.0228310502283105 0.033112582781456956
4 0.2682648401826484 0.2764900662251656 0.01141552511415525 0.016556291390728478