3 0.9802083333333333 0.5 0.035416666666666666 0.9939393939393939
3 0.06041666666666667 0.9454545454545454 0.11666666666666667 0.10303030303030303
2 0.22708333333333333 0.15151515151515152 0.025 0.03636363636363636
2 0.18958333333333333 0.2727272727272727 0.025 0.03636363636363636
2 0.24270833333333333 0.29393939393939394 0.022916666666666665 0.03636363636363636
2 0.28020833333333334 0.35454545454545455 0.027083333333333334 0.03636363636363636
2 0.30625 0.36666666666666664 0.025 0.03636363636363636
5 0.45416666666666666 0.29545454545454547 0.020833333333333332 0.03333333333333333
5 0.2552083333333333 0.31666666666666665 0.022916666666666665 0.03333333333333333
0 0.28125 0.26212121212121214 0.020833333333333332 0.03333333333333333
0 0.18020833333333333 0.24393939393939393 0.022916666666666665 0.03333333333333333
1 0.21875 0.3393939393939394 0.025 0.030303030303030304
1 0.22083333333333333 0.22121212121212122 0.025 0.03636363636363636
1 0.25 0.1318181818181818 0.025 0.03333333333333333
1 0.23645833333333333 0.10303030303030303 0.022916666666666665 0.03636363636363636
1 0.440625 0.4727272727272727 0.022916666666666665 0.030303030303030304
4 0.17395833333333333 0.27121212121212124 0.00625 0.015151515151515152
3 0.05625 0.3878787878787879 0.10833333333333334 0.7696969696969697