3 0.04243119266055046 0.94 0.08027522935779817 0.11333333333333333
2 0.38876146788990823 0.3466666666666667 0.02522935779816514 0.04
2 0.3165137614678899 0.325 0.027522935779816515 0.043333333333333335
2 0.1536697247706422 0.175 0.03211009174311927 0.043333333333333335
2 0.12270642201834862 0.32666666666666666 0.02981651376146789 0.04
5 0.4105504587155963 0.22666666666666666 0.022935779816513763 0.03333333333333333
5 0.4518348623853211 0.295 0.022935779816513763 0.03666666666666667
0 0.3669724770642202 0.185 0.022935779816513763 0.03666666666666667
0 0.15252293577981652 0.23833333333333334 0.02522935779816514 0.03666666666666667
1 0.286697247706422 0.125 0.022935779816513763 0.03666666666666667
1 0.19495412844036697 0.195 0.027522935779816515 0.043333333333333335
1 0.12729357798165136 0.245 0.02522935779816514 0.03666666666666667
1 0.13876146788990826 0.29 0.02522935779816514 0.03333333333333333
4 0.13073394495412843 0.2733333333333333 0.013761467889908258 0.013333333333333334
1 0.43577981651376146 0.48833333333333334 0.027522935779816515 0.03666666666666667
3 0.03784403669724771 0.2683333333333333 0.07110091743119266 0.53