3 0.06837606837606838 0.4984472049689441 0.13247863247863248 0.9968944099378882
2 0.5993589743589743 0.8400621118012422 0.023504273504273504 0.040372670807453416
2 0.405982905982906 0.4440993788819876 0.02564102564102564 0.037267080745341616
2 0.2692307692307692 0.21428571428571427 0.02564102564102564 0.043478260869565216
2 0.5608974358974359 0.37422360248447206 0.023504273504273504 0.040372670807453416
2 0.7083333333333334 0.34627329192546585 0.027777777777777776 0.040372670807453416
5 0.7307692307692307 0.546583850931677 0.02564102564102564 0.037267080745341616
5 0.5833333333333334 0.35093167701863354 0.02564102564102564 0.037267080745341616
0 0.5427350427350427 0.44254658385093165 0.021367521367521368 0.034161490683229816
0 0.3333333333333333 0.11335403726708075 0.02564102564102564 0.040372670807453416
1 0.6506410256410257 0.32919254658385094 0.023504273504273504 0.037267080745341616
1 0.4967948717948718 0.4254658385093168 0.023504273504273504 0.037267080745341616
1 0.2692307692307692 0.5481366459627329 0.02564102564102564 0.040372670807453416
1 0.19764957264957264 0.6180124223602484 0.023504273504273504 0.037267080745341616
1 0.7264957264957265 0.6118012422360248 0.02564102564102564 0.037267080745341616
4 0.6121794871794872 0.4798136645962733 0.010683760683760684 0.015527950310559006