3 0.0234375 0.5 0.046875 0.9935483870967742
3 0.9754464285714286 0.9435483870967742 0.049107142857142856 0.1064516129032258
2 0.6506696428571429 0.3709677419354839 0.024553571428571428 0.03870967741935484
2 0.7209821428571429 0.35 0.026785714285714284 0.041935483870967745
2 0.8794642857142857 0.20483870967741935 0.03125 0.041935483870967745
2 0.9095982142857143 0.35161290322580646 0.029017857142857144 0.03870967741935484
2 0.7645089285714286 0.02258064516129032 0.024553571428571428 0.03870967741935484
5 0.6294642857142857 0.25483870967741934 0.022321428571428572 0.03225806451612903
5 0.5892857142857143 0.3209677419354839 0.022321428571428572 0.035483870967741936
0 0.671875 0.21451612903225806 0.022321428571428572 0.035483870967741936
0 0.8805803571428571 0.2661290322580645 0.024553571428571428 0.035483870967741936
1 0.75 0.15645161290322582 0.022321428571428572 0.035483870967741936
1 0.8392857142857143 0.22419354838709676 0.026785714285714284 0.041935483870967745
1 0.9051339285714286 0.2725806451612903 0.024553571428571428 0.035483870967741936
1 0.8939732142857143 0.3161290322580645 0.024553571428571428 0.03225806451612903
4 0.9017857142857143 0.3 0.013392857142857142 0.012903225806451613
1 0.6049107142857143 0.5080645161290323 0.026785714285714284 0.035483870967741936
3 0.9776785714285714 0.27741935483870966 0.04017857142857143 0.5483870967741935