3 0.019067796610169493 0.49846625766871167 0.038135593220338986 0.9969325153374233
3 0.9449152542372882 0.49846625766871167 0.1059322033898305 0.9969325153374233
2 0.4290254237288136 0.8466257668711656 0.023305084745762712 0.03680981595092025
2 0.6207627118644068 0.4539877300613497 0.025423728813559324 0.04294478527607362
2 0.4671610169491525 0.38496932515337423 0.023305084745762712 0.03987730061349693
2 0.7552966101694916 0.23159509202453987 0.02754237288135593 0.03987730061349693
2 0.3199152542372881 0.3588957055214724 0.025423728813559324 0.03680981595092025
5 0.4449152542372881 0.3604294478527607 0.0211864406779661 0.03374233128834356
5 0.298728813559322 0.5552147239263804 0.0211864406779661 0.03067484662576687
0 0.4851694915254237 0.45245398773006135 0.025423728813559324 0.03987730061349693
0 0.5338983050847458 0.4156441717791411 0.025423728813559324 0.03987730061349693
1 0.5084745762711864 0.49233128834355827 0.0211864406779661 0.03374233128834356
1 0.3792372881355932 0.34049079754601225 0.0211864406779661 0.03680981595092025
1 0.3029661016949153 0.6196319018404908 0.025423728813559324 0.03680981595092025
1 0.7552966101694916 0.5552147239263804 0.023305084745762712 0.03680981595092025
1 0.8273305084745762 0.6257668711656442 0.023305084745762712 0.03680981595092025
4 0.4163135593220339 0.4892638036809816 0.01059322033898305 0.015337423312883436