3 0.06305309734513274 0.5 0.12168141592920353 0.9935897435897436
2 0.6050884955752213 0.125 0.024336283185840708 0.038461538461538464
2 0.40486725663716816 0.5352564102564102 0.02654867256637168 0.04487179487179487
2 0.5652654867256637 0.6073717948717948 0.024336283185840708 0.041666666666666664
2 0.2643805309734513 0.7676282051282052 0.028761061946902654 0.041666666666666664
2 0.7190265486725663 0.6346153846153846 0.02654867256637168 0.038461538461538464
5 0.588495575221239 0.6330128205128205 0.022123893805309734 0.035256410256410256
5 0.7411504424778761 0.42948717948717946 0.022123893805309734 0.03205128205128205
0 0.5464601769911505 0.5368589743589743 0.02654867256637168 0.041666666666666664
0 0.49557522123893805 0.5753205128205128 0.02654867256637168 0.041666666666666664
1 0.5221238938053098 0.4951923076923077 0.022123893805309734 0.035256410256410256
1 0.6570796460176991 0.6538461538461539 0.022123893805309734 0.038461538461538464
1 0.7367256637168141 0.36217948717948717 0.02654867256637168 0.038461538461538464
1 0.2643805309734513 0.42948717948717946 0.024336283185840708 0.038461538461538464
1 0.18915929203539822 0.3557692307692308 0.024336283185840708 0.038461538461538464
4 0.6183628318584071 0.4983974358974359 0.011061946902654867 0.016025641025641024