3 0.016666666666666666 0.4984848484848485 0.03333333333333333 0.996969696969697
3 0.9354166666666667 0.4984848484848485 0.125 0.996969696969697
2 0.41770833333333335 0.8363636363636363 0.022916666666666665 0.03636363636363636
2 0.60625 0.4484848484848485 0.025 0.04242424242424243
2 0.4552083333333333 0.3803030303030303 0.022916666666666665 0.03939393939393939
2 0.7385416666666667 0.2287878787878788 0.027083333333333334 0.03939393939393939
2 0.3104166666666667 0.35454545454545455 0.025 0.03636363636363636
5 0.43333333333333335 0.3560606060606061 0.020833333333333332 0.03333333333333333
5 0.28958333333333336 0.5484848484848485 0.020833333333333332 0.030303030303030304
0 0.47291666666666665 0.44696969696969696 0.025 0.03939393939393939
0 0.5208333333333334 0.4106060606060606 0.025 0.03939393939393939
1 0.49583333333333335 0.4863636363636364 0.020833333333333332 0.03333333333333333
1 0.36875 0.33636363636363636 0.020833333333333332 0.03636363636363636
1 0.29375 0.6121212121212121 0.025 0.03636363636363636
1 0.7385416666666667 0.5484848484848485 0.022916666666666665 0.03636363636363636
1 0.809375 0.6181818181818182 0.022916666666666665 0.03636363636363636
4 0.40520833333333334 0.48333333333333334 0.010416666666666666 0.015151515151515152