3 0.06837606837606838 0.5 0.13247863247863248 0.9937888198757764
2 0.4027777777777778 0.5450310559006211 0.023504273504273504 0.040372670807453416
2 0.5587606837606838 0.6133540372670807 0.023504273504273504 0.040372670807453416
2 0.6217948717948718 0.7406832298136646 0.021367521367521368 0.040372670807453416
2 0.2670940170940171 0.7686335403726708 0.02564102564102564 0.040372670807453416
2 0.7072649572649573 0.639751552795031 0.02564102564102564 0.037267080745341616
5 0.5811965811965812 0.6381987577639752 0.021367521367521368 0.034161490683229816
5 0.7286324786324786 0.44254658385093165 0.021367521367521368 0.034161490683229816
0 0.5405982905982906 0.546583850931677 0.021367521367521368 0.037267080745341616
1 0.6485042735042735 0.6599378881987578 0.023504273504273504 0.034161490683229816
1 0.26816239316239315 0.4409937888198758 0.023504273504273504 0.037267080745341616
1 0.1955128205128205 0.37111801242236025 0.023504273504273504 0.040372670807453416
1 0.5534188034188035 0.36645962732919257 0.021367521367521368 0.037267080745341616
1 0.7232905982905983 0.37732919254658387 0.023504273504273504 0.040372670807453416
0 0.5064102564102564 0.5403726708074534 0.021367521367521368 0.037267080745341616
4 0.5833333333333334 0.5838509316770186 0.008547008547008548 0.012422360248447204