3 0.017241379310344827 0.5 0.034482758620689655 0.99375
3 0.9536637931034483 0.925 0.09267241379310345 0.14375
3 0.9568965517241379 0.765625 0.08189655172413793 0.08125
3 0.9568965517241379 0.3390625 0.08189655172413793 0.671875
4 0.8351293103448276 0.28125 0.010775862068965518 0.0125
1 0.7413793103448276 0.371875 0.021551724137931036 0.03125
1 0.8545258620689655 0.19375 0.023706896551724137 0.0375
1 0.7790948275862069 0.228125 0.023706896551724137 0.03125
1 0.7693965517241379 0.2640625 0.021551724137931036 0.028125
1 0.7510775862068966 0.28125 0.023706896551724137 0.03125
0 0.6379310344827587 0.2078125 0.021551724137931036 0.028125
0 0.8523706896551724 0.2734375 0.023706896551724137 0.028125
5 0.8308189655172413 0.3 0.023706896551724137 0.03125
5 0.8146551724137931 0.278125 0.021551724137931036 0.03125
2 0.6875 0.3453125 0.02586206896551724 0.034375
2 0.8049568965517241 0.315625 0.023706896551724137 0.03125
2 0.8642241379310345 0.24375 0.02586206896551724 0.03125
2 0.9051724137931034 0.2125 0.02586206896551724 0.03125
2 0.8717672413793104 0.1609375 0.028017241379310345 0.034375