3 0.04575892857142857 0.06774193548387097 0.08705357142857142 0.13548387096774195
2 0.12834821428571427 0.8580645161290322 0.029017857142857144 0.03870967741935484
2 0.09263392857142858 0.8016129032258065 0.029017857142857144 0.035483870967741936
2 0.13616071428571427 0.7709677419354839 0.03125 0.03870967741935484
2 0.19754464285714285 0.6967741935483871 0.024553571428571428 0.03225806451612903
2 0.31919642857142855 0.6645161290322581 0.026785714285714284 0.03870967741935484
5 0.18861607142857142 0.7354838709677419 0.024553571428571428 0.03225806451612903
5 0.17075892857142858 0.7112903225806452 0.024553571428571428 0.035483870967741936
0 0.3716517857142857 0.8048387096774193 0.024553571428571428 0.035483870967741936
0 0.14955357142857142 0.7387096774193549 0.026785714285714284 0.03225806451612903
1 0.2622767857142857 0.6403225806451613 0.024553571428571428 0.035483870967741936
1 0.25223214285714285 0.7338709677419355 0.026785714285714284 0.035483870967741936
1 0.234375 0.7516129032258064 0.022321428571428572 0.03225806451612903
1 0.22433035714285715 0.7870967741935484 0.029017857142857144 0.03870967741935484
1 0.14732142857142858 0.8225806451612904 0.03125 0.04516129032258064
4 0.16741071428571427 0.7338709677419355 0.008928571428571428 0.00967741935483871
3 0.04352678571428571 0.5887096774193549 0.08258928571428571 0.8161290322580645