3 0.9527027027027027 0.6666666666666666 0.09009009009009009 0.6601307189542484
2 0.8626126126126126 0.8431372549019608 0.02702702702702703 0.0392156862745098
2 0.8682432432432432 0.7908496732026143 0.02927927927927928 0.0392156862745098
2 0.8997747747747747 0.7859477124183006 0.02927927927927928 0.042483660130718956
2 0.6711711711711712 0.6470588235294118 0.02702702702702703 0.0392156862745098
5 0.8671171171171171 0.6715686274509803 0.02702702702702703 0.03594771241830065
5 0.8243243243243243 0.7189542483660131 0.02702702702702703 0.032679738562091505
2 0.8220720720720721 0.684640522875817 0.02702702702702703 0.03594771241830065
0 0.8130630630630631 0.7483660130718954 0.02252252252252252 0.032679738562091505
0 0.9099099099099099 0.7075163398692811 0.02702702702702703 0.029411764705882353
1 0.7995495495495496 0.7026143790849673 0.02702702702702703 0.032679738562091505
1 0.7387387387387387 0.7173202614379085 0.02702702702702703 0.03594771241830065
1 0.8029279279279279 0.7794117647058824 0.024774774774774775 0.03594771241830065
1 0.8445945945945946 0.8088235294117647 0.02702702702702703 0.042483660130718956
1 0.8175675675675675 0.9019607843137255 0.02702702702702703 0.0392156862745098
4 0.8434684684684685 0.7663398692810458 0.01126126126126126 0.016339869281045753