3 0.9826086956521739 0.5 0.030434782608695653 1
3 0.0391304347826087 0.6693037974683544 0.07391304347826087 0.6550632911392406
2 0.11956521739130435 0.8322784810126582 0.02608695652173913 0.0379746835443038
2 0.11413043478260869 0.7816455696202531 0.02826086956521739 0.0379746835443038
2 0.08369565217391305 0.7768987341772152 0.02826086956521739 0.04113924050632911
2 0.30434782608695654 0.6424050632911392 0.02608695652173913 0.0379746835443038
5 0.11521739130434783 0.6661392405063291 0.02608695652173913 0.03481012658227848
5 0.1565217391304348 0.7120253164556962 0.02608695652173913 0.03164556962025317
2 0.15869565217391304 0.6787974683544303 0.02608695652173913 0.03481012658227848
0 0.1673913043478261 0.740506329113924 0.021739130434782608 0.03164556962025317
0 0.07391304347826087 0.7009493670886076 0.02608695652173913 0.028481012658227847
1 0.18043478260869567 0.6962025316455697 0.02608695652173913 0.03164556962025317
1 0.2391304347826087 0.7104430379746836 0.02608695652173913 0.03481012658227848
1 0.17717391304347826 0.7705696202531646 0.02391304347826087 0.03481012658227848
1 0.13695652173913042 0.7990506329113924 0.02608695652173913 0.04113924050632911
1 0.16304347826086957 0.8892405063291139 0.02608695652173913 0.0379746835443038
4 0.13804347826086957 0.7579113924050633 0.010869565217391304 0.015822784810126583