3 0.00847457627118644 0.49846625766871167 0.01694915254237288 0.9969325153374233
3 0.9417372881355932 0.6901840490797546 0.11228813559322035 0.6134969325153374
2 0.8432203389830508 0.8588957055214724 0.025423728813559324 0.03680981595092025
2 0.8485169491525424 0.8098159509202454 0.02754237288135593 0.03680981595092025
2 0.878177966101695 0.8052147239263804 0.02754237288135593 0.03987730061349693
2 0.663135593220339 0.6748466257668712 0.025423728813559324 0.03680981595092025
5 0.847457627118644 0.6978527607361963 0.025423728813559324 0.03374233128834356
5 0.8072033898305084 0.7423312883435583 0.025423728813559324 0.03067484662576687
2 0.8050847457627118 0.7101226993865031 0.025423728813559324 0.03374233128834356
0 0.7966101694915254 0.7699386503067485 0.0211864406779661 0.03067484662576687
0 0.8877118644067796 0.7315950920245399 0.025423728813559324 0.027607361963190184
1 0.7838983050847458 0.7269938650306749 0.025423728813559324 0.03067484662576687
1 0.7266949152542372 0.74079754601227 0.025423728813559324 0.03374233128834356
1 0.7870762711864406 0.799079754601227 0.023305084745762712 0.03374233128834356
1 0.826271186440678 0.8266871165644172 0.025423728813559324 0.03987730061349693
1 0.8008474576271186 0.9141104294478528 0.025423728813559324 0.03680981595092025
4 0.8252118644067796 0.7868098159509203 0.01059322033898305 0.015337423312883436