3 0.01569506726457399 0.49837662337662336 0.03139013452914798 0.9967532467532467
3 0.9742152466367713 0.6185064935064936 0.04708520179372197 0.7564935064935064
4 0.9069506726457399 0.8035714285714286 0.006726457399103139 0.016233766233766232
1 0.8430493273542601 0.737012987012987 0.02242152466367713 0.032467532467532464
1 0.8542600896860987 0.7808441558441559 0.02242152466367713 0.02922077922077922
1 0.8452914798206278 0.8116883116883117 0.02242152466367713 0.032467532467532464
1 0.8890134529147982 0.8392857142857143 0.02466367713004484 0.03571428571428571
1 0.8598654708520179 0.9366883116883117 0.02466367713004484 0.03571428571428571
0 0.9506726457399103 0.7386363636363636 0.02242152466367713 0.02922077922077922
0 0.8923766816143498 0.801948051948052 0.02242152466367713 0.032467532467532464
5 0.9114349775784754 0.7045454545454546 0.02466367713004484 0.032467532467532464
5 0.8665919282511211 0.7532467532467533 0.02466367713004484 0.032467532467532464
2 0.8665919282511211 0.7175324675324676 0.02466367713004484 0.032467532467532464
2 0.9136771300448431 0.8246753246753247 0.02466367713004484 0.032467532467532464
2 0.9439461883408071 0.8165584415584416 0.026905829596412557 0.03571428571428571
2 0.7152466367713004 0.6818181818181818 0.02242152466367713 0.03896103896103896
2 0.905829596412556 0.8766233766233766 0.026905829596412557 0.03896103896103896