3 0.061936936936936936 0.49836601307189543 0.11936936936936937 0.9967320261437909
2 0.6801801801801802 0.6944444444444444 0.02252252252252252 0.03594771241830065
2 0.40765765765765766 0.45098039215686275 0.02702702702702703 0.0392156862745098
2 0.26463963963963966 0.2107843137254902 0.024774774774774775 0.042483660130718956
2 0.5709459459459459 0.37745098039215685 0.024774774774774775 0.03594771241830065
2 0.6644144144144144 0.272875816993464 0.02702702702702703 0.042483660130718956
5 0.8175675675675675 0.08823529411764706 0.02252252252252252 0.0392156862745098
5 0.5945945945945946 0.35294117647058826 0.02252252252252252 0.032679738562091505
0 0.5518018018018018 0.4493464052287582 0.02252252252252252 0.03594771241830065
0 0.5157657657657657 0.45588235294117646 0.02252252252252252 0.03594771241830065
1 0.5653153153153153 0.6372549019607843 0.02252252252252252 0.0392156862745098
1 0.7443693693693694 0.6274509803921569 0.024774774774774775 0.0392156862745098
1 0.26463963963963966 0.5588235294117647 0.024774774774774775 0.0392156862745098
1 0.1891891891891892 0.630718954248366 0.02702702702702703 0.0392156862745098
1 0.6542792792792793 0.33169934640522875 0.024774774774774775 0.03594771241830065
4 0.5968468468468469 0.4084967320261438 0.009009009009009009 0.013071895424836602