3 0.02301255230125523 0.5 0.04602510460251046 0.9939393939393939
3 0.9424686192468619 0.6757575757575758 0.11506276150627615 0.6424242424242425
2 0.641213389121339 0.19090909090909092 0.027196652719665274 0.03636363636363636
2 0.6830543933054394 0.3196969696969697 0.02301255230125523 0.03333333333333333
2 0.7583682008368201 0.2803030303030303 0.02301255230125523 0.03939393939393939
2 0.7813807531380753 0.3 0.02301255230125523 0.03636363636363636
2 0.9048117154811716 0.22121212121212122 0.027196652719665274 0.04242424242424243
5 0.803347280334728 0.3015151515151515 0.02092050209205021 0.03333333333333333
5 0.6642259414225942 0.3787878787878788 0.02301255230125523 0.03636363636363636
0 0.6778242677824268 0.35 0.02092050209205021 0.03333333333333333
0 0.6516736401673641 0.3212121212121212 0.02301255230125523 0.03636363636363636
1 0.6893305439330544 0.37272727272727274 0.02301255230125523 0.03636363636363636
1 0.7447698744769874 0.31212121212121213 0.02510460251046025 0.03636363636363636
1 0.7845188284518828 0.2545454545454545 0.02510460251046025 0.03636363636363636
1 0.8964435146443515 0.1606060606060606 0.027196652719665274 0.04242424242424243
1 0.9048117154811716 0.3409090909090909 0.027196652719665274 0.03939393939393939
4 0.6276150627615062 0.22575757575757577 0.012552301255230125 0.015151515151515152
3 0.9476987447698745 0.2787878787878788 0.100418410041841 0.08484848484848485
3 0.9435146443514645 0.0696969696969697 0.1087866108786611 0.13333333333333333