3 0.012658227848101266 0.49847560975609756 0.02531645569620253 0.9969512195121951
3 0.9409282700421941 0.14329268292682926 0.11392405063291139 0.2865853658536585
2 0.6508438818565401 0.774390243902439 0.023206751054852322 0.03048780487804878
2 0.6476793248945147 0.7301829268292683 0.02531645569620253 0.03353658536585366
2 0.6972573839662447 0.7088414634146342 0.023206751054852322 0.03353658536585366
2 0.679324894514768 0.6844512195121951 0.02531645569620253 0.03353658536585366
2 0.6761603375527426 0.5640243902439024 0.023206751054852322 0.036585365853658534
5 0.7172995780590717 0.6753048780487805 0.02109704641350211 0.03353658536585366
5 0.6466244725738397 0.698170731707317 0.023206751054852322 0.03048780487804878
0 0.6381856540084389 0.6112804878048781 0.023206751054852322 0.03353658536585366
0 0.7383966244725738 0.6707317073170732 0.02109704641350211 0.03048780487804878
1 0.6592827004219409 0.5853658536585366 0.023206751054852322 0.03048780487804878
1 0.7257383966244726 0.6280487804878049 0.02531645569620253 0.03048780487804878
1 0.7447257383966245 0.6402439024390244 0.02109704641350211 0.03048780487804878
1 0.6740506329113924 0.7210365853658537 0.023206751054852322 0.03353658536585366
1 0.6276371308016878 0.8734756097560976 0.023206751054852322 0.03353658536585366
4 0.7278481012658228 0.649390243902439 0.008438818565400843 0.012195121951219513
3 0.9440928270042194 0.6783536585365854 0.10759493670886076 0.6371951219512195