3 0.01970954356846473 0.49849397590361444 0.03941908713692946 0.9969879518072289
3 0.9356846473029046 0.3192771084337349 0.12448132780082988 0.6385542168674698
2 0.6317427385892116 0.8012048192771084 0.026970954356846474 0.03614457831325301
2 0.6732365145228216 0.6731927710843374 0.022821576763485476 0.03313253012048193
2 0.7479253112033195 0.7123493975903614 0.022821576763485476 0.0391566265060241
2 0.770746887966805 0.6927710843373494 0.022821576763485476 0.03614457831325301
2 0.8931535269709544 0.7710843373493976 0.026970954356846474 0.04216867469879518
5 0.7925311203319502 0.6912650602409639 0.02074688796680498 0.03313253012048193
5 0.6545643153526971 0.6144578313253012 0.022821576763485476 0.03614457831325301
0 0.6680497925311203 0.6430722891566265 0.02074688796680498 0.03313253012048193
0 0.6421161825726142 0.6716867469879518 0.022821576763485476 0.03614457831325301
1 0.6794605809128631 0.6204819277108434 0.022821576763485476 0.03614457831325301
1 0.7344398340248963 0.6807228915662651 0.024896265560165973 0.03614457831325301
1 0.7738589211618258 0.7379518072289156 0.024896265560165973 0.03614457831325301
1 0.8848547717842323 0.8313253012048193 0.026970954356846474 0.04216867469879518
1 0.8931535269709544 0.6521084337349398 0.026970954356846474 0.0391566265060241
4 0.6182572614107884 0.766566265060241 0.012448132780082987 0.015060240963855422
3 0.941908713692946 0.713855421686747 0.11203319502074689 0.08433734939759036
3 0.9377593360995851 0.9262048192771084 0.12033195020746888 0.14156626506024098