3 0.016163793103448277 0.5 0.032327586206896554 0.99375
3 0.9515086206896551 0.5 0.09698275862068965 0.99375
2 0.6853448275862069 0.309375 0.02586206896551724 0.0375
2 0.7381465517241379 0.23125 0.023706896551724137 0.03125
2 0.7618534482758621 0.103125 0.023706896551724137 0.0375
2 0.8717672413793104 0.0671875 0.028017241379310345 0.040625
2 0.8922413793103449 0.0921875 0.02586206896551724 0.040625
5 0.634698275862069 0.246875 0.023706896551724137 0.03125
5 0.8728448275862069 0.2859375 0.02586206896551724 0.034375
0 0.6422413793103449 0.1890625 0.021551724137931036 0.034375
0 0.9137931034482759 0.2515625 0.02586206896551724 0.034375
1 0.7068965517241379 0.2375 0.021551724137931036 0.0375
1 0.7198275862068966 0.2640625 0.021551724137931036 0.034375
1 0.7844827586206896 0.1984375 0.021551724137931036 0.034375
1 0.8200431034482759 0.0359375 0.023706896551724137 0.034375
1 0.6896551724137931 0.1734375 0.021551724137931036 0.034375
4 0.7413793103448276 0.0859375 0.008620689655172414 0.015625