3 0.05921052631578947 0.5 0.11403508771929824 0.9936708860759493
2 0.3355263157894737 0.3227848101265823 0.02631578947368421 0.0379746835443038
2 0.2817982456140351 0.24367088607594936 0.02412280701754386 0.03164556962025317
2 0.2576754385964912 0.11392405063291139 0.02412280701754386 0.0379746835443038
2 0.14583333333333334 0.07753164556962025 0.02850877192982456 0.04113924050632911
2 0.125 0.10284810126582279 0.02631578947368421 0.04113924050632911
5 0.38706140350877194 0.25949367088607594 0.02412280701754386 0.03164556962025317
5 0.14473684210526316 0.2990506329113924 0.02631578947368421 0.03481012658227848
0 0.3793859649122807 0.20094936708860758 0.021929824561403508 0.03481012658227848
0 0.10307017543859649 0.26424050632911394 0.02631578947368421 0.03481012658227848
1 0.31359649122807015 0.25 0.021929824561403508 0.0379746835443038
1 0.30043859649122806 0.27689873417721517 0.021929824561403508 0.03481012658227848
1 0.23464912280701755 0.21044303797468356 0.021929824561403508 0.03481012658227848
1 0.19846491228070176 0.04588607594936709 0.02412280701754386 0.03481012658227848
1 0.33114035087719296 0.185126582278481 0.021929824561403508 0.03481012658227848
4 0.27850877192982454 0.09651898734177215 0.008771929824561403 0.015822784810126583