3 0.9890350877192983 0.5 0.017543859649122806 0.9936708860759493
3 0.05043859649122807 0.5 0.09649122807017543 0.9936708860759493
2 0.5098684210526315 0.0981012658227848 0.02412280701754386 0.0379746835443038
2 0.3782894736842105 0.5379746835443038 0.02412280701754386 0.0379746835443038
2 0.5350877192982456 0.6107594936708861 0.02631578947368421 0.0379746835443038
2 0.23793859649122806 0.7705696202531646 0.02412280701754386 0.04113924050632911
2 0.6173245614035088 0.7341772151898734 0.02412280701754386 0.0379746835443038
5 0.43859649122807015 0.9003164556962026 0.021929824561403508 0.03481012658227848
5 0.5581140350877193 0.634493670886076 0.02412280701754386 0.03481012658227848
0 0.5175438596491229 0.5411392405063291 0.021929824561403508 0.0379746835443038
0 0.4824561403508772 0.5348101265822784 0.021929824561403508 0.0379746835443038
1 0.23793859649122806 0.435126582278481 0.02412280701754386 0.04113924050632911
1 0.16337719298245615 0.3623417721518987 0.02412280701754386 0.03481012658227848
1 0.5307017543859649 0.35917721518987344 0.021929824561403508 0.03481012658227848
1 0.7072368421052632 0.3670886075949367 0.02412280701754386 0.0379746835443038
1 0.6589912280701754 0.8291139240506329 0.02412280701754386 0.03164556962025317
4 0.5614035087719298 0.5791139240506329 0.008771929824561403 0.012658227848101266