3 0.9850917431192661 0.5 0.02522935779816514 0.9933333333333333
3 0.026376146788990827 0.5 0.0481651376146789 0.9933333333333333
2 0.4805045871559633 0.07 0.02522935779816514 0.04
2 0.34288990825688076 0.5333333333333333 0.02522935779816514 0.04
2 0.5068807339449541 0.61 0.027522935779816515 0.04
2 0.19610091743119265 0.7783333333333333 0.02522935779816514 0.043333333333333335
2 0.5928899082568807 0.74 0.02522935779816514 0.04
5 0.4059633027522936 0.915 0.022935779816513763 0.03666666666666667
5 0.5309633027522935 0.635 0.02522935779816514 0.03666666666666667
0 0.48853211009174313 0.5366666666666666 0.022935779816513763 0.04
0 0.4518348623853211 0.53 0.022935779816513763 0.04
1 0.19610091743119265 0.425 0.02522935779816514 0.043333333333333335
1 0.11811926605504587 0.34833333333333333 0.02522935779816514 0.03666666666666667
1 0.5022935779816514 0.345 0.022935779816513763 0.03666666666666667
1 0.6869266055045872 0.35333333333333333 0.02522935779816514 0.04
1 0.6364678899082569 0.84 0.02522935779816514 0.03333333333333333
4 0.5344036697247706 0.5766666666666667 0.009174311926605505 0.013333333333333334