3 0.014767932489451477 0.49847560975609756 0.029535864978902954 0.9969512195121951
3 0.9419831223628692 0.49847560975609756 0.11181434599156118 0.9969512195121951
4 0.7278481012658228 0.8917682926829268 0.008438818565400843 0.01524390243902439
1 0.770042194092827 0.7804878048780488 0.02109704641350211 0.03048780487804878
1 0.6761603375527426 0.8048780487804879 0.023206751054852322 0.03048780487804878
1 0.6940928270042194 0.7454268292682927 0.02531645569620253 0.03353658536585366
1 0.7056962025316456 0.7195121951219512 0.023206751054852322 0.03048780487804878
1 0.8037974683544303 0.9375 0.02531645569620253 0.03353658536585366
0 0.630801687763713 0.7911585365853658 0.02109704641350211 0.027439024390243903
0 0.8966244725738397 0.7301829268292683 0.02109704641350211 0.027439024390243903
5 0.8565400843881856 0.6951219512195121 0.02531645569620253 0.03048780487804878
5 0.6234177215189873 0.7347560975609756 0.0189873417721519 0.03048780487804878
2 0.6729957805907173 0.6737804878048781 0.02531645569620253 0.03048780487804878
2 0.7257383966244726 0.7515243902439024 0.02109704641350211 0.027439024390243903
2 0.7468354430379747 0.8765243902439024 0.02531645569620253 0.03353658536585366
2 0.8765822784810127 0.8841463414634146 0.023206751054852322 0.03048780487804878
2 0.8554852320675106 0.9085365853658537 0.023206751054852322 0.036585365853658534