3 0.01141552511415525 0.5 0.0228310502283105 0.9933774834437086
3 0.973744292237443 0.5 0.05251141552511415 0.9933774834437086
2 0.6769406392694064 0.10927152317880795 0.02511415525114155 0.039735099337748346
2 0.8401826484018264 0.059602649006622516 0.0273972602739726 0.039735099337748346
2 0.8618721461187214 0.12086092715231789 0.02968036529680365 0.03642384105960265
2 0.8184931506849316 0.25496688741721857 0.02511415525114155 0.033112582781456956
2 0.7146118721461188 0.3344370860927152 0.0228310502283105 0.039735099337748346
5 0.91324200913242 0.31125827814569534 0.0273972602739726 0.039735099337748346
5 0.769406392694064 0.271523178807947 0.0273972602739726 0.039735099337748346
0 0.9554794520547946 0.2731788079470199 0.02511415525114155 0.029801324503311258
0 0.728310502283105 0.31125827814569534 0.0228310502283105 0.033112582781456956
1 0.6997716894977168 0.1291390728476821 0.02511415525114155 0.033112582781456956
1 0.821917808219178 0.18874172185430463 0.0273972602739726 0.039735099337748346
1 0.8047945205479452 0.23013245033112584 0.02511415525114155 0.03642384105960265
1 0.7602739726027398 0.23841059602649006 0.0273972602739726 0.039735099337748346
1 0.8184931506849316 0.29635761589403975 0.02511415525114155 0.03642384105960265
4 0.7545662100456622 0.06788079470198675 0.01141552511415525 0.016556291390728478