3 0.9393939393939394 0.49842767295597484 0.11688311688311688 0.9968553459119497
2 0.6244588744588745 0.8616352201257862 0.023809523809523808 0.03773584905660377
2 0.7792207792207793 0.9088050314465409 0.025974025974025976 0.03773584905660377
2 0.7997835497835498 0.85062893081761 0.02813852813852814 0.03459119496855346
2 0.7586580086580087 0.7232704402515723 0.023809523809523808 0.031446540880503145
2 0.6601731601731602 0.6477987421383647 0.021645021645021644 0.03773584905660377
5 0.8484848484848485 0.6698113207547169 0.025974025974025976 0.03773584905660377
5 0.7121212121212122 0.7075471698113207 0.025974025974025976 0.03773584905660377
0 0.8885281385281385 0.7059748427672956 0.023809523809523808 0.02830188679245283
0 0.6731601731601732 0.6698113207547169 0.021645021645021644 0.031446540880503145
1 0.6461038961038961 0.8427672955974843 0.023809523809523808 0.031446540880503145
1 0.7619047619047619 0.7861635220125787 0.025974025974025976 0.03773584905660377
1 0.7456709956709957 0.7468553459119497 0.023809523809523808 0.03459119496855346
1 0.7034632034632035 0.7389937106918238 0.025974025974025976 0.03773584905660377
1 0.7586580086580087 0.6839622641509434 0.023809523809523808 0.03459119496855346
4 0.698051948051948 0.9009433962264151 0.010822510822510822 0.015723270440251572