3 0.06502242152466367 0.5 0.12556053811659193 0.9935064935064936
2 0.4125560538116592 0.6006493506493507 0.026905829596412557 0.03896103896103896
2 0.5751121076233184 0.6737012987012987 0.02466367713004484 0.04220779220779221
2 0.2701793721973094 0.8392857142857143 0.02466367713004484 0.04220779220779221
2 0.5493273542600897 0.702922077922078 0.026905829596412557 0.04220779220779221
5 0.5986547085201793 0.6834415584415584 0.02242152466367713 0.03571428571428571
0 0.5560538116591929 0.6022727272727273 0.02242152466367713 0.04220779220779221
0 0.5201793721973094 0.5941558441558441 0.02242152466367713 0.03896103896103896
1 0.726457399103139 0.5487012987012987 0.02242152466367713 0.032467532467532464
1 0.7488789237668162 0.42694805194805197 0.026905829596412557 0.04220779220779221
1 0.5695067264573991 0.4172077922077922 0.02242152466367713 0.03571428571428571
1 0.26905829596412556 0.4935064935064935 0.026905829596412557 0.045454545454545456
1 0.19394618834080718 0.41883116883116883 0.02466367713004484 0.03896103896103896
4 0.5997757847533632 0.6428571428571429 0.011210762331838564 0.012987012987012988