3 0.9771784232365145 0.5 0.04149377593360996 0.9939759036144579
3 0.06224066390041494 0.5 0.12033195020746888 0.9939759036144579
2 0.38589211618257263 0.5602409638554217 0.024896265560165973 0.03614457831325301
2 0.5363070539419087 0.6280120481927711 0.022821576763485476 0.0391566265060241
2 0.254149377593361 0.7816265060240963 0.022821576763485476 0.0391566265060241
2 0.7012448132780082 0.9457831325301205 0.02074688796680498 0.03614457831325301
2 0.5124481327800829 0.6551204819277109 0.024896265560165973 0.0391566265060241
5 0.558091286307054 0.6370481927710844 0.02074688796680498 0.03313253012048193
5 0.38589211618257263 0.9819277108433735 0.024896265560165973 0.030120481927710843
0 0.5186721991701245 0.5617469879518072 0.02074688796680498 0.0391566265060241
0 0.4854771784232365 0.5542168674698795 0.02074688796680498 0.03614457831325301
1 0.6763485477178424 0.5120481927710844 0.02074688796680498 0.030120481927710843
1 0.6970954356846473 0.3990963855421687 0.024896265560165973 0.0391566265060241
1 0.5311203319502075 0.39006024096385544 0.02074688796680498 0.03313253012048193
1 0.25311203319502074 0.4608433734939759 0.024896265560165973 0.04216867469879518
1 0.18360995850622408 0.39156626506024095 0.022821576763485476 0.03614457831325301
4 0.5591286307053942 0.5993975903614458 0.01037344398340249 0.012048192771084338