3 0.018085106382978722 0.4984567901234568 0.036170212765957444 0.9969135802469136
3 0.95 0.4984567901234568 0.09574468085106383 0.9969135802469136
2 0.65 0.8734567901234568 0.023404255319148935 0.037037037037037035
2 0.7361702127659574 0.7237654320987654 0.02127659574468085 0.027777777777777776
2 0.7382978723404255 0.7854938271604939 0.02553191489361702 0.033950617283950615
2 0.6234042553191489 0.6990740740740741 0.02553191489361702 0.033950617283950615
2 0.5840425531914893 0.5864197530864198 0.023404255319148935 0.037037037037037035
5 0.6478723404255319 0.7515432098765432 0.023404255319148935 0.033950617283950615
5 0.75 0.7469135802469136 0.023404255319148935 0.030864197530864196
0 0.7968085106382978 0.7700617283950617 0.023404255319148935 0.033950617283950615
0 0.6446808510638298 0.7885802469135802 0.02553191489361702 0.033950617283950615
1 0.7170212765957447 0.7654320987654321 0.02553191489361702 0.037037037037037035
1 0.7861702127659574 0.7978395061728395 0.023404255319148935 0.033950617283950615
1 0.7627659574468085 0.8194444444444444 0.023404255319148935 0.033950617283950615
1 0.6723404255319149 0.8564814814814815 0.02127659574468085 0.033950617283950615
4 0.7691489361702127 0.8379629629629629 0.010638297872340425 0.015432098765432098
1 0.6095744680851064 0.5879629629629629 0.023404255319148935 0.033950617283950615