3 0.061946902654867256 0.5 0.11946902654867257 0.9935897435897436
2 0.38163716814159293 0.08653846153846154 0.024336283185840708 0.038461538461538464
2 0.2920353982300885 0.2419871794871795 0.022123893805309734 0.028846153846153848
2 0.28982300884955753 0.1778846153846154 0.02654867256637168 0.035256410256410256
2 0.4092920353982301 0.2676282051282051 0.02654867256637168 0.035256410256410256
2 0.4502212389380531 0.38461538461538464 0.024336283185840708 0.038461538461538464
5 0.3838495575221239 0.21314102564102563 0.024336283185840708 0.035256410256410256
5 0.2776548672566372 0.21794871794871795 0.024336283185840708 0.03205128205128205
0 0.22898230088495575 0.19391025641025642 0.024336283185840708 0.035256410256410256
0 0.38716814159292035 0.17467948717948717 0.02654867256637168 0.035256410256410256
1 0.31194690265486724 0.1987179487179487 0.02654867256637168 0.038461538461538464
1 0.24004424778761063 0.16506410256410256 0.024336283185840708 0.035256410256410256
1 0.2643805309734513 0.14262820512820512 0.024336283185840708 0.035256410256410256
1 0.3584070796460177 0.10416666666666667 0.022123893805309734 0.035256410256410256
4 0.2577433628318584 0.1233974358974359 0.011061946902654867 0.016025641025641024
1 0.42367256637168144 0.38301282051282054 0.024336283185840708 0.035256410256410256