3 0.9770833333333333 0.5 0.041666666666666664 1
3 0.05625 0.4984848484848485 0.10833333333333334 0.996969696969697
2 0.2875 0.9090909090909091 0.025 0.03636363636363636
2 0.278125 0.95 0.027083333333333334 0.03939393939393939
2 0.253125 0.8 0.027083333333333334 0.03636363636363636
2 0.23854166666666668 0.7363636363636363 0.022916666666666665 0.03636363636363636
2 0.2708333333333333 0.6984848484848485 0.025 0.03939393939393939
5 0.28541666666666665 0.7772727272727272 0.025 0.03333333333333333
5 0.23854166666666668 0.7757575757575758 0.022916666666666665 0.030303030303030304
0 0.2125 0.7742424242424243 0.025 0.03333333333333333
0 0.25104166666666666 0.853030303030303 0.022916666666666665 0.03333333333333333
1 0.20208333333333334 0.8212121212121212 0.025 0.03636363636363636
1 0.22291666666666668 0.8378787878787879 0.025 0.03333333333333333
1 0.25625 0.759090909090909 0.025 0.03333333333333333
1 0.259375 0.7272727272727273 0.022916666666666665 0.030303030303030304
1 0.2604166666666667 0.9242424242424242 0.025 0.03636363636363636
4 0.23229166666666667 0.8590909090909091 0.010416666666666666 0.015151515151515152