3 0.021784232365145227 0.5 0.043568464730290454 0.9939759036144579
3 0.941908713692946 0.5 0.11618257261410789 0.9939759036144579
2 0.7074688796680498 0.09939759036144578 0.024896265560165973 0.03614457831325301
2 0.716804979253112 0.058734939759036146 0.026970954356846474 0.0391566265060241
2 0.741701244813278 0.20783132530120482 0.026970954356846474 0.03614457831325301
2 0.7562240663900415 0.2710843373493976 0.022821576763485476 0.03614457831325301
2 0.7240663900414938 0.30873493975903615 0.024896265560165973 0.0391566265060241
5 0.7095435684647303 0.23042168674698796 0.024896265560165973 0.03313253012048193
5 0.7562240663900415 0.2319277108433735 0.022821576763485476 0.030120481927710843
0 0.7821576763485477 0.23343373493975902 0.024896265560165973 0.03313253012048193
0 0.7437759336099585 0.15512048192771086 0.022821576763485476 0.03313253012048193
1 0.7925311203319502 0.18674698795180722 0.024896265560165973 0.03614457831325301
1 0.7717842323651453 0.17018072289156627 0.024896265560165973 0.03313253012048193
1 0.7385892116182573 0.24849397590361447 0.024896265560165973 0.03313253012048193
1 0.7354771784232366 0.28012048192771083 0.022821576763485476 0.030120481927710843
1 0.7344398340248963 0.08433734939759036 0.024896265560165973 0.03614457831325301
4 0.7624481327800829 0.14909638554216867 0.01037344398340249 0.015060240963855422