3 0.020089285714285716 0.49838709677419357 0.04017857142857143 0.9967741935483871
3 0.96875 0.49838709677419357 0.05803571428571429 0.9967741935483871
2 0.6551339285714286 0.45 0.024553571428571428 0.035483870967741936
2 0.49330357142857145 0.3774193548387097 0.026785714285714284 0.03870967741935484
2 0.7633928571428571 0.2967741935483871 0.022321428571428572 0.03870967741935484
2 0.796875 0.21451612903225806 0.026785714285714284 0.041935483870967745
2 0.5680803571428571 0.017741935483870968 0.024553571428571428 0.035483870967741936
5 0.46875 0.36612903225806454 0.022321428571428572 0.035483870967741936
5 0.6551339285714286 0.0064516129032258064 0.024553571428571428 0.012903225806451613
0 0.5111607142857143 0.44516129032258067 0.022321428571428572 0.03870967741935484
0 0.5982142857142857 0.646774193548387 0.022321428571428572 0.035483870967741936
1 0.49776785714285715 0.6338709677419355 0.022321428571428572 0.035483870967741936
1 0.31919642857142855 0.617741935483871 0.026785714285714284 0.041935483870967745
1 0.34151785714285715 0.49838709677419357 0.022321428571428572 0.035483870967741936
1 0.796875 0.5548387096774193 0.026785714285714284 0.03870967741935484
1 0.8705357142857143 0.6258064516129033 0.026785714285714284 0.04516129032258064
4 0.46651785714285715 0.40483870967741936 0.008928571428571428 0.016129032258064516