3 0.9484304932735426 0.41233766233766234 0.09865470852017937 0.8181818181818182
2 0.7163677130044843 0.2012987012987013 0.020179372197309416 0.032467532467532464
2 0.8172645739910314 0.2012987012987013 0.02466367713004484 0.03896103896103896
2 0.7488789237668162 0.16233766233766234 0.026905829596412557 0.03896103896103896
2 0.6647982062780269 0.32954545454545453 0.02466367713004484 0.03571428571428571
5 0.8105381165919282 0.2418831168831169 0.02466367713004484 0.03571428571428571
5 0.6939461883408071 0.12175324675324675 0.02466367713004484 0.03571428571428571
0 0.7914798206278026 0.1444805194805195 0.02242152466367713 0.02922077922077922
0 0.8307174887892377 0.22727272727272727 0.020179372197309416 0.032467532467532464
1 0.8632286995515696 0.12987012987012986 0.02242152466367713 0.032467532467532464
1 0.8374439461883408 0.1590909090909091 0.02466367713004484 0.032467532467532464
1 0.8408071748878924 0.19155844155844157 0.02242152466367713 0.032467532467532464
1 0.6939461883408071 0.26136363636363635 0.02466367713004484 0.03571428571428571
1 0.6905829596412556 0.31655844155844154 0.02242152466367713 0.03571428571428571
4 0.7679372197309418 0.1314935064935065 0.011210762331838564 0.016233766233766232