3 0.013771186440677966 0.5 0.02754237288135593 0.9938650306748467
3 0.9438559322033898 0.39723926380368096 0.10805084745762712 0.7883435582822086
2 0.7319915254237288 0.012269938650306749 0.02754237288135593 0.018404907975460124
2 0.7171610169491526 0.20552147239263804 0.019067796610169493 0.03067484662576687
2 0.8125 0.20552147239263804 0.023305084745762712 0.03680981595092025
2 0.7478813559322034 0.1687116564417178 0.025423728813559324 0.03680981595092025
2 0.6684322033898306 0.3266871165644172 0.023305084745762712 0.03374233128834356
5 0.8061440677966102 0.24386503067484663 0.023305084745762712 0.03374233128834356
5 0.6959745762711864 0.1303680981595092 0.023305084745762712 0.03374233128834356
0 0.788135593220339 0.15184049079754602 0.0211864406779661 0.027607361963190184
0 0.8252118644067796 0.23006134969325154 0.019067796610169493 0.03067484662576687
1 0.8559322033898306 0.13803680981595093 0.0211864406779661 0.03067484662576687
1 0.8315677966101694 0.1656441717791411 0.023305084745762712 0.03067484662576687
1 0.8347457627118644 0.19631901840490798 0.0211864406779661 0.03067484662576687
1 0.6959745762711864 0.26226993865030673 0.023305084745762712 0.03374233128834356
1 0.6927966101694916 0.31441717791411045 0.0211864406779661 0.03374233128834356
4 0.7658898305084746 0.13957055214723926 0.01059322033898305 0.015337423312883436