3 0.9428251121076233 0.5 0.11434977578475336 0.9935064935064936
2 0.4383408071748879 0.6201298701298701 0.02466367713004484 0.03896103896103896
2 0.4899103139013453 0.586038961038961 0.02466367713004484 0.05519480519480519
2 0.600896860986547 0.547077922077922 0.026905829596412557 0.04220779220779221
2 0.7096412556053812 0.702922077922078 0.02466367713004484 0.03571428571428571
2 0.7443946188340808 0.7840909090909091 0.026905829596412557 0.04220779220779221
5 0.6031390134529148 0.9918831168831169 0.026905829596412557 0.00974025974025974
5 0.41591928251121074 0.6314935064935064 0.02466367713004484 0.03571428571428571
0 0.45739910313901344 0.5503246753246753 0.02242152466367713 0.04220779220779221
0 0.5459641255605381 0.349025974025974 0.02466367713004484 0.04220779220779221
1 0.2645739910313901 0.3717532467532468 0.026905829596412557 0.04220779220779221
1 0.4439461883408072 0.36363636363636365 0.02242152466367713 0.03896103896103896
1 0.2858744394618834 0.4967532467532468 0.02466367713004484 0.03896103896103896
1 0.7432735426008968 0.44155844155844154 0.02466367713004484 0.03896103896103896
1 0.8195067264573991 0.3685064935064935 0.02466367713004484 0.03571428571428571
4 0.413677130044843 0.5909090909090909 0.011210762331838564 0.012987012987012988