3 0.9770833333333333 0.5 0.041666666666666664 0.9939393939393939
3 0.06145833333333333 0.5 0.11875 0.9939393939393939
2 0.534375 0.6212121212121212 0.022916666666666665 0.03636363636363636
2 0.4864583333333333 0.5893939393939394 0.022916666666666665 0.051515151515151514
2 0.38333333333333336 0.553030303030303 0.025 0.03939393939393939
2 0.28229166666666666 0.6984848484848485 0.022916666666666665 0.03333333333333333
2 0.25 0.7742424242424243 0.025 0.03939393939393939
5 0.384375 0.9818181818181818 0.022916666666666665 0.030303030303030304
5 0.5552083333333333 0.6318181818181818 0.022916666666666665 0.03333333333333333
0 0.5166666666666667 0.556060606060606 0.020833333333333332 0.03939393939393939
0 0.434375 0.36818181818181817 0.022916666666666665 0.03939393939393939
1 0.6958333333333333 0.3893939393939394 0.025 0.03939393939393939
1 0.5291666666666667 0.38181818181818183 0.020833333333333332 0.03636363636363636
1 0.6760416666666667 0.5060606060606061 0.022916666666666665 0.03636363636363636
1 0.25104166666666666 0.45454545454545453 0.022916666666666665 0.03636363636363636
1 0.18020833333333333 0.38636363636363635 0.022916666666666665 0.03333333333333333
4 0.5572916666666666 0.593939393939394 0.010416666666666666 0.012121212121212121