3 0.9799107142857143 0.5 0.03571428571428571 1
3 0.026785714285714284 0.043548387096774194 0.049107142857142856 0.08709677419354839
3 0.024553571428571428 0.6290322580645161 0.044642857142857144 0.7354838709677419
4 0.17857142857142858 0.9048387096774193 0.008928571428571428 0.016129032258064516
1 0.2578125 0.717741935483871 0.020089285714285716 0.02903225806451613
1 0.2544642857142857 0.7758064516129032 0.026785714285714284 0.035483870967741936
1 0.11383928571428571 0.8758064516129033 0.022321428571428572 0.02903225806451613
1 0.10714285714285714 0.8451612903225807 0.022321428571428572 0.03225806451612903
0 0.1171875 0.8064516129032258 0.020089285714285716 0.03225806451612903
0 0.15513392857142858 0.8919354838709678 0.020089285714285716 0.02903225806451613
5 0.2544642857142857 0.9129032258064517 0.022321428571428572 0.03225806451612903
5 0.13839285714285715 0.7967741935483871 0.022321428571428572 0.03225806451612903
2 0.23214285714285715 0.8338709677419355 0.022321428571428572 0.02903225806451613
2 0.19866071428571427 0.8725806451612903 0.026785714285714284 0.035483870967741936
2 0.28236607142857145 0.7080645161290322 0.024553571428571428 0.035483870967741936
2 0.13169642857142858 0.8338709677419355 0.026785714285714284 0.035483870967741936