3 0.9838362068965517 0.5 0.028017241379310345 0.99375
3 0.05387931034482758 0.5 0.10344827586206896 0.99375
2 0.5334051724137931 0.628125 0.023706896551724137 0.0375
2 0.4838362068965517 0.5953125 0.023706896551724137 0.053125
2 0.3771551724137931 0.5578125 0.02586206896551724 0.040625
2 0.27262931034482757 0.7078125 0.023706896551724137 0.034375
2 0.23922413793103448 0.7859375 0.02586206896551724 0.040625
5 0.3771551724137931 0.9890625 0.02586206896551724 0.015625
5 0.5549568965517241 0.6390625 0.023706896551724137 0.034375
0 0.5150862068965517 0.5609375 0.021551724137931036 0.040625
0 0.42995689655172414 0.3671875 0.023706896551724137 0.040625
1 0.7004310344827587 0.3890625 0.02586206896551724 0.040625
1 0.5280172413793104 0.38125 0.021551724137931036 0.0375
1 0.6799568965517241 0.509375 0.023706896551724137 0.0375
1 0.24030172413793102 0.45625 0.023706896551724137 0.0375
1 0.16702586206896552 0.3859375 0.023706896551724137 0.034375
4 0.5571120689655172 0.6 0.010775862068965518 0.0125