3 0.952433628318584 0.5 0.09513274336283185 0.9935897435897436
2 0.7212389380530974 0.1955128205128205 0.02654867256637168 0.038461538461538464
2 0.745575221238938 0.2724358974358974 0.02654867256637168 0.038461538461538464
2 0.7256637168141593 0.2932692307692308 0.02654867256637168 0.041666666666666664
2 0.8396017699115044 0.21474358974358973 0.028761061946902654 0.038461538461538464
5 0.8185840707964602 0.23076923076923078 0.02654867256637168 0.03205128205128205
5 0.7688053097345132 0.32211538461538464 0.024336283185840708 0.035256410256410256
0 0.8904867256637168 0.32051282051282054 0.024336283185840708 0.03205128205128205
0 0.8241150442477876 0.16025641025641027 0.024336283185840708 0.038461538461538464
1 0.7289823008849557 0.4166666666666667 0.01991150442477876 0.03205128205128205
1 0.7035398230088495 0.2483974358974359 0.02654867256637168 0.035256410256410256
1 0.8451327433628318 0.14743589743589744 0.022123893805309734 0.03205128205128205
1 0.8561946902654868 0.009615384615384616 0.030973451327433628 0.01282051282051282
1 0.8484513274336283 0.1778846153846154 0.024336283185840708 0.028846153846153848
4 0.7278761061946902 0.26282051282051283 0.008849557522123894 0.01282051282051282