3 0.018318965517241378 0.4984375 0.036637931034482756 0.996875
3 0.9568965517241379 0.4984375 0.08189655172413793 0.996875
2 0.7370689655172413 0.803125 0.02586206896551724 0.0375
2 0.7607758620689655 0.728125 0.02586206896551724 0.0375
2 0.7413793103448276 0.7078125 0.02586206896551724 0.040625
2 0.8523706896551724 0.784375 0.028017241379310345 0.0375
5 0.8318965517241379 0.76875 0.02586206896551724 0.03125
5 0.7834051724137931 0.6796875 0.023706896551724137 0.034375
0 0.9019396551724138 0.68125 0.023706896551724137 0.03125
0 0.8372844827586207 0.8375 0.023706896551724137 0.0375
1 0.7446120689655172 0.5875 0.01939655172413793 0.03125
1 0.7198275862068966 0.7515625 0.02586206896551724 0.034375
1 0.8577586206896551 0.85 0.021551724137931036 0.03125
1 0.8685344827586207 0.9875 0.03017241379310345 0.01875
1 0.8609913793103449 0.8203125 0.023706896551724137 0.028125
4 0.7435344827586207 0.7375 0.008620689655172414 0.0125