3 0.05941704035874439 0.07792207792207792 0.11434977578475336 0.15584415584415584
2 0.35650224215246634 0.7548701298701299 0.026905829596412557 0.03571428571428571
2 0.33408071748878926 0.7418831168831169 0.026905829596412557 0.03571428571428571
2 0.3217488789237668 0.8116883116883117 0.02466367713004484 0.032467532467532464
2 0.2836322869955157 0.7678571428571429 0.02914798206278027 0.03571428571428571
2 0.3374439461883408 0.6136363636363636 0.02466367713004484 0.03896103896103896
5 0.29260089686098656 0.7305194805194806 0.02466367713004484 0.032467532467532464
5 0.3609865470852018 0.711038961038961 0.02242152466367713 0.032467532467532464
0 0.3778026905829596 0.663961038961039 0.02466367713004484 0.03571428571428571
0 0.26905829596412556 0.7305194805194806 0.02242152466367713 0.032467532467532464
1 0.3531390134529148 0.637987012987013 0.02466367713004484 0.03571428571428571
1 0.3430493273542601 0.672077922077922 0.026905829596412557 0.032467532467532464
1 0.3352017937219731 0.7045454545454546 0.02466367713004484 0.032467532467532464
1 0.3060538116591928 0.7824675324675324 0.02466367713004484 0.03896103896103896
1 0.4517937219730942 0.8814935064935064 0.02466367713004484 0.03571428571428571
4 0.34977578475336324 0.6915584415584416 0.008968609865470852 0.012987012987012988
3 0.05493273542600897 0.685064935064935 0.10538116591928251 0.6233766233766234