3 0.9803719008264463 0.5 0.03512396694214876 1
3 0.06198347107438017 0.07634730538922156 0.11983471074380166 0.15269461077844312
2 0.34297520661157027 0.7050898203592815 0.024793388429752067 0.03293413173652695
2 0.32231404958677684 0.6931137724550899 0.024793388429752067 0.03293413173652695
2 0.3109504132231405 0.7574850299401198 0.022727272727272728 0.029940119760479042
2 0.27582644628099173 0.7170658682634731 0.026859504132231406 0.03293413173652695
2 0.32541322314049587 0.5748502994011976 0.022727272727272728 0.03592814371257485
5 0.2840909090909091 0.6826347305389222 0.022727272727272728 0.029940119760479042
5 0.34710743801652894 0.6646706586826348 0.02066115702479339 0.029940119760479042
0 0.36260330578512395 0.6212574850299402 0.022727272727272728 0.03293413173652695
0 0.26239669421487605 0.6826347305389222 0.02066115702479339 0.029940119760479042
1 0.33987603305785125 0.5973053892215568 0.022727272727272728 0.03293413173652695
1 0.3305785123966942 0.6287425149700598 0.024793388429752067 0.029940119760479042
1 0.32334710743801653 0.6586826347305389 0.022727272727272728 0.029940119760479042
1 0.2964876033057851 0.7305389221556886 0.022727272727272728 0.03592814371257485
1 0.43078512396694213 0.8218562874251497 0.022727272727272728 0.03293413173652695
4 0.3367768595041322 0.6467065868263473 0.008264462809917356 0.011976047904191617
3 0.05785123966942149 0.6751497005988024 0.1115702479338843 0.6437125748502994