3 0.007608695652173913 0.5 0.015217391304347827 0.9936708860759493
3 0.9489130434782609 0.5 0.10217391304347827 0.9936708860759493
2 0.6445652173913043 0.21835443037974683 0.02391304347826087 0.0379746835443038
2 0.5413043478260869 0.3575949367088608 0.021739130434782608 0.03164556962025317
2 0.5978260869565217 0.37816455696202533 0.021739130434782608 0.03481012658227848
2 0.5815217391304348 0.45569620253164556 0.02391304347826087 0.03164556962025317
2 0.6597826086956522 0.37341772151898733 0.02391304347826087 0.0379746835443038
5 0.7597826086956522 0.3670886075949367 0.02391304347826087 0.03164556962025317
5 0.7391304347826086 0.22784810126582278 0.021739130434782608 0.03164556962025317
0 0.7793478260869565 0.23575949367088608 0.02391304347826087 0.03481012658227848
0 0.575 0.379746835443038 0.01956521739130435 0.03164556962025317
1 0.5652173913043478 0.40822784810126583 0.021739130434782608 0.0379746835443038
1 0.6423913043478261 0.4541139240506329 0.02391304347826087 0.03481012658227848
1 0.6706521739130434 0.4050632911392405 0.01956521739130435 0.03164556962025317
1 0.5597826086956522 0.2974683544303797 0.01956521739130435 0.03164556962025317
1 0.6684782608695652 0.1962025316455696 0.02391304347826087 0.0379746835443038
4 0.5543478260869565 0.34968354430379744 0.008695652173913044 0.015822784810126583