3 0.01859504132231405 0.49850299401197606 0.0371900826446281 0.9970059880239521
3 0.9380165289256198 0.49850299401197606 0.11983471074380166 0.9970059880239521
2 0.637396694214876 0.7724550898203593 0.022727272727272728 0.03592814371257485
2 0.5392561983471075 0.6407185628742516 0.02066115702479339 0.029940119760479042
2 0.5929752066115702 0.6212574850299402 0.02066115702479339 0.03293413173652695
2 0.5774793388429752 0.5479041916167665 0.022727272727272728 0.029940119760479042
2 0.6518595041322314 0.625748502994012 0.022727272727272728 0.03592814371257485
5 0.746900826446281 0.6317365269461078 0.022727272727272728 0.029940119760479042
5 0.7272727272727273 0.7634730538922155 0.02066115702479339 0.029940119760479042
0 0.765495867768595 0.7559880239520959 0.022727272727272728 0.03293413173652695
0 0.5712809917355371 0.6197604790419161 0.01859504132231405 0.029940119760479042
1 0.5619834710743802 0.592814371257485 0.02066115702479339 0.03592814371257485
1 0.6353305785123967 0.5494011976047904 0.022727272727272728 0.03293413173652695
1 0.6621900826446281 0.5958083832335329 0.01859504132231405 0.029940119760479042
1 0.5568181818181818 0.6976047904191617 0.01859504132231405 0.029940119760479042
1 0.6601239669421488 0.7934131736526946 0.022727272727272728 0.03592814371257485
4 0.5516528925619835 0.6482035928143712 0.008264462809917356 0.014970059880239521