3 0.9925531914893617 0.5 0.010638297872340425 0.9938271604938271
3 0.06702127659574468 0.5 0.12978723404255318 0.9938271604938271
2 0.4340425531914894 0.6882716049382716 0.02553191489361702 0.037037037037037035
2 0.2968085106382979 0.6867283950617284 0.023404255319148935 0.033950617283950615
2 0.26595744680851063 0.7654320987654321 0.02553191489361702 0.043209876543209874
2 0.41914893617021276 0.5925925925925926 0.02553191489361702 0.043209876543209874
2 0.5553191489361702 0.6064814814814815 0.02127659574468085 0.040123456790123455
5 0.5776595744680851 0.6188271604938271 0.023404255319148935 0.033950617283950615
5 0.4031914893617021 0.9768518518518519 0.023404255319148935 0.033950617283950615
0 0.3404255319148936 0.5324074074074074 0.02127659574468085 0.033950617283950615
0 0.5382978723404256 0.5416666666666666 0.02127659574468085 0.040123456790123455
1 0.2670212765957447 0.4382716049382716 0.023404255319148935 0.037037037037037035
1 0.19574468085106383 0.36882716049382713 0.02553191489361702 0.033950617283950615
1 0.551063829787234 0.36419753086419754 0.02127659574468085 0.037037037037037035
1 0.7212765957446808 0.375 0.02553191489361702 0.040123456790123455
1 0.701063829787234 0.49228395061728397 0.023404255319148935 0.033950617283950615
4 0.5808510638297872 0.5802469135802469 0.00851063829787234 0.012345679012345678