3 0.021784232365145227 0.49849397590361444 0.043568464730290454 0.9969879518072289
3 0.9387966804979253 0.49849397590361444 0.11825726141078838 0.9969879518072289
2 0.58298755186722 0.29819277108433734 0.024896265560165973 0.03614457831325301
2 0.716804979253112 0.2996987951807229 0.022821576763485476 0.03313253012048193
2 0.7468879668049793 0.22289156626506024 0.024896265560165973 0.04216867469879518
2 0.5975103734439834 0.39156626506024095 0.024896265560165973 0.04216867469879518
2 0.46473029045643155 0.37801204819277107 0.02074688796680498 0.0391566265060241
5 0.4429460580912863 0.36596385542168675 0.022821576763485476 0.03313253012048193
5 0.6130705394190872 0.016566265060240965 0.022821576763485476 0.03313253012048193
0 0.6742738589211619 0.4503012048192771 0.02074688796680498 0.03313253012048193
0 0.48132780082987553 0.44126506024096385 0.02074688796680498 0.0391566265060241
1 0.745850622406639 0.5421686746987951 0.022821576763485476 0.03614457831325301
1 0.8153526970954357 0.6099397590361446 0.024896265560165973 0.03313253012048193
1 0.46887966804979253 0.6144578313253012 0.02074688796680498 0.03614457831325301
1 0.3029045643153527 0.6039156626506024 0.024896265560165973 0.0391566265060241
1 0.32261410788381745 0.4894578313253012 0.022821576763485476 0.03313253012048193
4 0.43983402489626555 0.4036144578313253 0.008298755186721992 0.012048192771084338