3 0.051535087719298246 0.49841772151898733 0.09868421052631579 0.9968354430379747
2 0.26096491228070173 0.9699367088607594 0.02631578947368421 0.04113924050632911
2 0.20942982456140352 0.8006329113924051 0.02412280701754386 0.03164556962025317
2 0.18640350877192982 0.7768987341772152 0.02631578947368421 0.03481012658227848
2 0.19298245614035087 0.9778481012658228 0.02631578947368421 0.0379746835443038
2 0.18201754385964913 0.5727848101265823 0.02631578947368421 0.0379746835443038
5 0.16557017543859648 0.7674050632911392 0.02412280701754386 0.03481012658227848
5 0.22039473684210525 0.7357594936708861 0.02412280701754386 0.03481012658227848
0 0.13815789473684212 0.8306962025316456 0.02631578947368421 0.03481012658227848
0 0.11293859649122807 0.634493670886076 0.02412280701754386 0.028481012658227847
1 0.18201754385964913 0.8860759493670886 0.02631578947368421 0.0379746835443038
1 0.13048245614035087 0.7009493670886076 0.02412280701754386 0.028481012658227847
1 0.17763157894736842 0.7262658227848101 0.02631578947368421 0.03481012658227848
1 0.1962719298245614 0.6740506329113924 0.02412280701754386 0.03164556962025317
1 0.1611842105263158 0.6518987341772152 0.02412280701754386 0.03164556962025317
4 0.1962719298245614 0.7357594936708861 0.010964912280701754 0.015822784810126583