3 0.9851694915254238 0.5 0.025423728813559324 1
3 0.0614406779661017 0.49846625766871167 0.11864406779661017 0.9969325153374233
2 0.451271186440678 0.5705521472392638 0.025423728813559324 0.04294478527607362
2 0.5434322033898306 0.3895705521472393 0.023305084745762712 0.03680981595092025
2 0.4216101694915254 0.30828220858895705 0.025423728813559324 0.03987730061349693
2 0.2870762711864407 0.3128834355828221 0.023305084745762712 0.03680981595092025
2 0.2552966101694915 0.23466257668711657 0.02754237288135593 0.03987730061349693
5 0.565677966101695 0.37883435582822084 0.0211864406779661 0.03374233128834356
5 0.388771186440678 0.023006134969325152 0.023305084745762712 0.03374233128834356
0 0.5254237288135594 0.4539877300613497 0.0211864406779661 0.03680981595092025
0 0.3294491525423729 0.46319018404907975 0.023305084745762712 0.03680981595092025
1 0.2542372881355932 0.558282208588957 0.025423728813559324 0.03680981595092025
1 0.1832627118644068 0.6288343558282209 0.023305084745762712 0.03680981595092025
1 0.5370762711864406 0.6303680981595092 0.023305084745762712 0.03374233128834356
1 0.7065677966101694 0.6211656441717791 0.023305084745762712 0.03987730061349693
1 0.6875 0.504601226993865 0.023305084745762712 0.03374233128834356
4 0.5677966101694916 0.4156441717791411 0.012711864406779662 0.015337423312883436