3 0.013598326359832637 0.5 0.027196652719665274 0.9939393939393939
3 0.9382845188284519 0.9666666666666667 0.12343096234309624 0.06060606060606061
2 0.7238493723849372 0.02878787878787879 0.02510460251046025 0.03939393939393939
2 0.7918410041841004 0.06515151515151515 0.027196652719665274 0.051515151515151514
2 0.7719665271966527 0.19242424242424241 0.02510460251046025 0.03333333333333333
2 0.7730125523012552 0.25757575757575757 0.027196652719665274 0.03636363636363636
2 0.8002092050209205 0.4090909090909091 0.027196652719665274 0.03636363636363636
5 0.8253138075313807 0.22727272727272727 0.02301255230125523 0.030303030303030304
5 0.752092050209205 0.27121212121212124 0.02301255230125523 0.03333333333333333
0 0.8420502092050209 0.1621212121212121 0.027196652719665274 0.03333333333333333
0 0.8661087866108786 0.35 0.02510460251046025 0.03333333333333333
1 0.8253138075313807 0.3712121212121212 0.02301255230125523 0.03333333333333333
1 0.7845188284518828 0.3151515151515151 0.02510460251046025 0.030303030303030304
1 0.8221757322175732 0.3151515151515151 0.02510460251046025 0.030303030303030304
1 0.8483263598326359 0.28484848484848485 0.027196652719665274 0.03636363636363636
1 0.7960251046025104 0.19393939393939394 0.02301255230125523 0.03636363636363636
4 0.8127615062761506 0.35 0.010460251046025104 0.015151515151515152
3 0.9403765690376569 0.35909090909090907 0.11506276150627615 0.7121212121212122