3 0.051535087719298246 0.9778481012658228 0.09868421052631579 0.0379746835443038
2 0.2576754385964912 0.01740506329113924 0.02850877192982456 0.028481012658227847
2 0.1875 0.0490506329113924 0.02850877192982456 0.05379746835443038
2 0.20833333333333334 0.1819620253164557 0.02631578947368421 0.03481012658227848
2 0.20723684210526316 0.25 0.02850877192982456 0.0379746835443038
2 0.1787280701754386 0.40822784810126583 0.02850877192982456 0.0379746835443038
5 0.1524122807017544 0.21835443037974683 0.02412280701754386 0.03164556962025317
5 0.22916666666666666 0.26424050632911394 0.02412280701754386 0.03481012658227848
0 0.13486842105263158 0.15031645569620253 0.02850877192982456 0.03481012658227848
0 0.10964912280701754 0.34651898734177217 0.02631578947368421 0.03481012658227848
1 0.1524122807017544 0.3686708860759494 0.02412280701754386 0.03481012658227848
1 0.19517543859649122 0.310126582278481 0.02631578947368421 0.03164556962025317
1 0.15570175438596492 0.310126582278481 0.02631578947368421 0.03164556962025317
1 0.12828947368421054 0.27848101265822783 0.02850877192982456 0.0379746835443038
1 0.18311403508771928 0.18354430379746836 0.02412280701754386 0.0379746835443038
4 0.16557017543859648 0.34651898734177217 0.010964912280701754 0.015822784810126583
3 0.047149122807017545 0.36550632911392406 0.08991228070175439 0.7246835443037974