3 0.9372294372294372 0.9764150943396226 0.12554112554112554 0.040880503144654086
2 0.7142857142857143 0.02358490566037736 0.025974025974025976 0.040880503144654086
2 0.7640692640692641 0.19339622641509435 0.021645021645021644 0.03459119496855346
2 0.8982683982683982 0.2531446540880503 0.030303030303030304 0.040880503144654086
2 0.7651515151515151 0.29245283018867924 0.02813852813852814 0.03773584905660377
2 0.7922077922077922 0.4166666666666667 0.025974025974025976 0.040880503144654086
5 0.6266233766233766 0.389937106918239 0.023809523809523808 0.031446540880503145
5 0.816017316017316 0.24213836477987422 0.025974025974025976 0.031446540880503145
0 0.8603896103896104 0.35691823899371067 0.023809523809523808 0.03459119496855346
0 0.8365800865800865 0.1619496855345912 0.023809523809523808 0.03459119496855346
1 0.8430735930735931 0.28773584905660377 0.023809523809523808 0.03459119496855346
1 0.816017316017316 0.28144654088050314 0.025974025974025976 0.03459119496855346
1 0.7770562770562771 0.3223270440251572 0.021645021645021644 0.03459119496855346
1 0.8203463203463204 0.37735849056603776 0.025974025974025976 0.03773584905660377
1 0.8246753246753247 0.34276729559748426 0.025974025974025976 0.031446540880503145
4 0.8051948051948052 0.35691823899371067 0.008658008658008658 0.015723270440251572
3 0.9393939393939394 0.49842767295597484 0.11688311688311688 0.46226415094339623
3 0.9383116883116883 0.11635220125786164 0.11904761904761904 0.22641509433962265