3 0.016304347826086956 0.49841772151898733 0.03260869565217391 0.9968354430379747
3 0.9586956521739131 0.04272151898734177 0.0782608695652174 0.08544303797468354
2 0.808695652173913 0.8528481012658228 0.021739130434782608 0.03481012658227848
2 0.9434782608695652 0.7927215189873418 0.030434782608695653 0.04113924050632911
2 0.8097826086956522 0.7531645569620253 0.02826086956521739 0.0379746835443038
2 0.8369565217391305 0.6281645569620253 0.02608695652173913 0.04113924050632911
5 0.6706521739130434 0.6550632911392406 0.02391304347826087 0.03164556962025317
5 0.8608695652173913 0.8037974683544303 0.02608695652173913 0.03164556962025317
0 0.9054347826086957 0.6882911392405063 0.02391304347826087 0.03481012658227848
0 0.8815217391304347 0.884493670886076 0.02391304347826087 0.03481012658227848
1 0.8880434782608696 0.7579113924050633 0.02391304347826087 0.03481012658227848
1 0.8608695652173913 0.7642405063291139 0.02608695652173913 0.03481012658227848
1 0.8217391304347826 0.7231012658227848 0.021739130434782608 0.03481012658227848
1 0.8652173913043478 0.6677215189873418 0.02608695652173913 0.0379746835443038
1 0.8695652173913043 0.7025316455696202 0.02608695652173913 0.03164556962025317
4 0.85 0.6882911392405063 0.008695652173913044 0.015822784810126583
3 0.9619565217391305 0.5458860759493671 0.07173913043478261 0.4651898734177215
3 0.9608695652173913 0.9066455696202531 0.07391304347826087 0.18037974683544303