3 0.9782157676348547 0.5 0.03941908713692946 1
3 0.06224066390041494 0.5210843373493976 0.12033195020746888 0.9518072289156626
2 0.5383817427385892 0.3795180722891566 0.022821576763485476 0.03614457831325301
2 0.4657676348547718 0.1716867469879518 0.022821576763485476 0.03614457831325301
2 0.2863070539419087 0.30271084337349397 0.02074688796680498 0.03313253012048193
2 0.25622406639004147 0.22439759036144577 0.022821576763485476 0.0391566265060241
2 0.11721991701244813 0.030120481927710843 0.026970954356846474 0.03614457831325301
5 0.5601659751037344 0.3689759036144578 0.02074688796680498 0.03313253012048193
5 0.3879668049792531 0.018072289156626505 0.02074688796680498 0.03614457831325301
0 0.3288381742738589 0.45180722891566266 0.022821576763485476 0.03614457831325301
0 0.520746887966805 0.4442771084337349 0.02074688796680498 0.0391566265060241
1 0.6991701244813278 0.608433734939759 0.024896265560165973 0.03614457831325301
1 0.6804979253112033 0.4939759036144578 0.02074688796680498 0.030120481927710843
1 0.533195020746888 0.6159638554216867 0.02074688796680498 0.03313253012048193
1 0.2572614107883817 0.5436746987951807 0.024896265560165973 0.0391566265060241
1 0.18568464730290457 0.6144578313253012 0.022821576763485476 0.03614457831325301
4 0.5622406639004149 0.40512048192771083 0.008298755186721992 0.015060240963855422