3 0.9380530973451328 0.4983974358974359 0.11946902654867257 0.9967948717948718
2 0.43473451327433627 0.3525641025641026 0.024336283185840708 0.038461538461538464
2 0.5121681415929203 0.13141025641025642 0.024336283185840708 0.038461538461538464
2 0.7035398230088495 0.2708333333333333 0.022123893805309734 0.035256410256410256
2 0.7356194690265486 0.1875 0.024336283185840708 0.041666666666666664
5 0.41150442477876104 0.34134615384615385 0.022123893805309734 0.035256410256410256
0 0.6581858407079646 0.42948717948717946 0.024336283185840708 0.038461538461538464
0 0.45353982300884954 0.421474358974359 0.022123893805309734 0.041666666666666664
1 0.26327433628318586 0.5961538461538461 0.02654867256637168 0.038461538461538464
1 0.2831858407079646 0.47435897435897434 0.022123893805309734 0.03205128205128205
1 0.44026548672566373 0.6041666666666666 0.022123893805309734 0.035256410256410256
1 0.7345132743362832 0.5272435897435898 0.02654867256637168 0.041666666666666664
1 0.8108407079646017 0.6025641025641025 0.024336283185840708 0.038461538461538464
4 0.4092920353982301 0.3798076923076923 0.008849557522123894 0.016025641025641024