3 0.9893617021276596 0.5 0.01702127659574468 1
3 0.05851063829787234 0.041666666666666664 0.1127659574468085 0.08333333333333333
2 0.23191489361702128 0.8873456790123457 0.02553191489361702 0.033950617283950615
2 0.22234042553191488 0.7253086419753086 0.027659574468085105 0.037037037037037035
2 0.23404255319148937 0.6743827160493827 0.02553191489361702 0.033950617283950615
2 0.14680851063829786 0.6882716049382716 0.029787234042553193 0.037037037037037035
2 0.10957446808510639 0.6620370370370371 0.027659574468085105 0.033950617283950615
5 0.1702127659574468 0.7685185185185185 0.02553191489361702 0.030864197530864196
0 0.2074468085106383 0.7901234567901234 0.023404255319148935 0.030864197530864196
0 0.15106382978723404 0.8472222222222222 0.02553191489361702 0.033950617283950615
1 0.23085106382978723 0.8225308641975309 0.023404255319148935 0.033950617283950615
1 0.1425531914893617 0.7530864197530864 0.02553191489361702 0.037037037037037035
1 0.17127659574468085 0.7283950617283951 0.027659574468085105 0.037037037037037035
1 0.2127659574468085 0.6882716049382716 0.02127659574468085 0.030864197530864196
1 0.30531914893617024 0.6867283950617284 0.023404255319148935 0.033950617283950615
5 0.3776595744680851 0.5787037037037037 0.023404255319148935 0.033950617283950615
4 0.19680851063829788 0.683641975308642 0.010638297872340425 0.015432098765432098
3 0.05425531914893617 0.6759259259259259 0.10425531914893617 0.6419753086419753