3 0.023760330578512397 0.5 0.047520661157024795 0.9940119760479041
2 0.46384297520661155 0.6212574850299402 0.022727272727272728 0.038922155688622756
2 0.5361570247933884 0.8263473053892215 0.022727272727272728 0.03592814371257485
2 0.7458677685950413 0.7724550898203593 0.024793388429752067 0.041916167664670656
2 0.7076446280991735 0.9760479041916168 0.022727272727272728 0.03592814371257485
2 0.8832644628099173 0.9670658682634731 0.026859504132231406 0.041916167664670656
5 0.4431818181818182 0.6302395209580839 0.022727272727272728 0.03293413173652695
5 0.6983471074380165 0.16167664670658682 0.02066115702479339 0.03592814371257485
0 0.48140495867768596 0.5553892215568862 0.02066115702479339 0.03293413173652695
0 0.6735537190082644 0.5479041916167665 0.02066115702479339 0.029940119760479042
1 0.7995867768595041 0.4550898203592814 0.024793388429752067 0.03592814371257485
1 0.4690082644628099 0.38323353293413176 0.02066115702479339 0.03592814371257485
1 0.3037190082644628 0.39221556886227543 0.024793388429752067 0.03592814371257485
1 0.3243801652892562 0.5074850299401198 0.02066115702479339 0.03293413173652695
1 0.6539256198347108 0.8008982035928144 0.01859504132231405 0.03293413173652695
4 0.44008264462809915 0.592814371257485 0.008264462809917356 0.011976047904191617
3 0.9390495867768595 0.4745508982035928 0.11776859504132231 0.9431137724550899