2 0.5608974358974359 0.6257763975155279 0.023504273504273504 0.040372670807453416
2 0.4861111111111111 0.8385093167701864 0.023504273504273504 0.037267080745341616
2 0.2692307692307692 0.782608695652174 0.02564102564102564 0.043478260869565216
2 0.3087606837606838 0.984472049689441 0.027777777777777776 0.024844720496894408
2 0.12713675213675213 0.9782608695652174 0.03205128205128205 0.037267080745341616
5 0.5822649572649573 0.6350931677018633 0.023504273504273504 0.034161490683229816
5 0.31837606837606836 0.14906832298136646 0.021367521367521368 0.037267080745341616
0 0.5427350427350427 0.5574534161490683 0.021367521367521368 0.034161490683229816
0 0.344017094017094 0.5496894409937888 0.021367521367521368 0.031055900621118012
1 0.21367521367521367 0.453416149068323 0.02564102564102564 0.037267080745341616
1 0.5555555555555556 0.37888198757763975 0.021367521367521368 0.037267080745341616
1 0.7264957264957265 0.38819875776397517 0.02564102564102564 0.037267080745341616
1 0.7051282051282052 0.5077639751552795 0.021367521367521368 0.034161490683229816
1 0.3643162393162393 0.812111801242236 0.019230769230769232 0.034161490683229816
4 0.5854700854700855 0.5962732919254659 0.008547008547008548 0.012422360248447204
3 0.06623931623931624 0.4829192546583851 0.1282051282051282 0.9596273291925466