3 0.02109704641350211 0.49847560975609756 0.04219409282700422 0.9969512195121951
2 0.4694092827004219 0.3856707317073171 0.023206751054852322 0.039634146341463415
2 0.5432489451476793 0.17682926829268292 0.023206751054852322 0.036585365853658534
2 0.7573839662447257 0.23170731707317074 0.02531645569620253 0.042682926829268296
2 0.7183544303797469 0.024390243902439025 0.023206751054852322 0.036585365853658534
2 0.8976793248945147 0.03353658536585366 0.027426160337552744 0.042682926829268296
5 0.44831223628691985 0.37652439024390244 0.023206751054852322 0.03353658536585366
5 0.7088607594936709 0.8536585365853658 0.02109704641350211 0.036585365853658534
0 0.4873417721518987 0.4527439024390244 0.02109704641350211 0.03353658536585366
0 0.6835443037974683 0.4603658536585366 0.02109704641350211 0.03048780487804878
1 0.8122362869198312 0.5548780487804879 0.02531645569620253 0.036585365853658534
1 0.47468354430379744 0.6280487804878049 0.02109704641350211 0.036585365853658534
1 0.3059071729957806 0.6189024390243902 0.02531645569620253 0.036585365853658534
1 0.3270042194092827 0.5015243902439024 0.02109704641350211 0.03353658536585366
1 0.6635021097046413 0.2027439024390244 0.0189873417721519 0.03353658536585366
4 0.4451476793248945 0.4146341463414634 0.008438818565400843 0.012195121951219513
3 0.9462025316455697 0.5259146341463414 0.10337552742616034 0.9420731707317073