3 0.9462719298245614 0.5 0.1074561403508772 0.9936708860759493
2 0.45285087719298245 0.6518987341772152 0.02412280701754386 0.0379746835443038
2 0.5307017543859649 0.870253164556962 0.02631578947368421 0.0379746835443038
2 0.7521929824561403 0.8132911392405063 0.02631578947368421 0.04430379746835443
5 0.4298245614035088 0.6629746835443038 0.021929824561403508 0.03481012658227848
5 0.7006578947368421 0.16772151898734178 0.02412280701754386 0.04430379746835443
0 0.47149122807017546 0.5822784810126582 0.021929824561403508 0.0379746835443038
0 0.6743421052631579 0.5743670886075949 0.02412280701754386 0.03481012658227848
1 0.6392543859649122 0.9256329113924051 0.02412280701754386 0.04113924050632911
1 0.8103070175438597 0.47943037974683544 0.02412280701754386 0.04113924050632911
1 0.4583333333333333 0.40348101265822783 0.021929824561403508 0.03481012658227848
1 0.28289473684210525 0.41139240506329117 0.021929824561403508 0.0379746835443038
1 0.3026315789473684 0.5316455696202531 0.021929824561403508 0.03164556962025317
4 0.4276315789473684 0.6234177215189873 0.008771929824561403 0.012658227848101266