3 0.015690376569037656 0.4984848484848485 0.03138075313807531 0.996969696969697
3 0.9361924686192469 0.5242424242424243 0.12343096234309624 0.9454545454545454
2 0.45502092050209203 0.38484848484848483 0.02301255230125523 0.03636363636363636
2 0.5292887029288703 0.17575757575757575 0.02510460251046025 0.03636363636363636
2 0.7405857740585774 0.23030303030303031 0.02510460251046025 0.04242424242424243
2 0.8797071129707112 0.03484848484848485 0.027196652719665274 0.03939393939393939
5 0.4330543933054393 0.37424242424242427 0.02092050209205021 0.03333333333333333
5 0.6914225941422594 0.8484848484848485 0.02301255230125523 0.04242424242424243
0 0.47280334728033474 0.45151515151515154 0.02092050209205021 0.03636363636363636
0 0.6663179916317992 0.4590909090909091 0.02301255230125523 0.03333333333333333
1 0.6328451882845189 0.12272727272727273 0.02301255230125523 0.03939393939393939
1 0.7960251046025104 0.55 0.02301255230125523 0.03939393939393939
1 0.4602510460251046 0.6227272727272727 0.02092050209205021 0.03333333333333333
1 0.2928870292887029 0.6151515151515151 0.02092050209205021 0.03636363636363636
1 0.3117154811715481 0.5 0.02092050209205021 0.030303030303030304
4 0.4309623430962343 0.4121212121212121 0.008368200836820083 0.012121212121212121