3 0.012552301255230125 0.4984848484848485 0.02510460251046025 0.996969696969697
3 0.9372384937238494 0.4984848484848485 0.12133891213389121 0.996969696969697
2 0.5523012552301255 0.7712121212121212 0.02510460251046025 0.03333333333333333
2 0.5679916317991632 0.8636363636363636 0.02301255230125523 0.03636363636363636
2 0.6872384937238494 0.8863636363636364 0.02301255230125523 0.03333333333333333
2 0.7374476987447699 0.8121212121212121 0.02301255230125523 0.030303030303030304
2 0.8807531380753139 0.6712121212121213 0.02510460251046025 0.03333333333333333
5 0.7981171548117155 0.706060606060606 0.02301255230125523 0.030303030303030304
5 0.752092050209205 0.7439393939393939 0.02301255230125523 0.03333333333333333
0 0.8650627615062761 0.8545454545454545 0.02301255230125523 0.030303030303030304
0 0.694560669456067 0.8287878787878787 0.02092050209205021 0.02727272727272727
1 0.5774058577405857 0.9257575757575758 0.02092050209205021 0.03333333333333333
1 0.6757322175732218 0.8469696969696969 0.02510460251046025 0.03333333333333333
1 0.7343096234309623 0.8560606060606061 0.02510460251046025 0.03333333333333333
1 0.7405857740585774 0.7787878787878788 0.02092050209205021 0.030303030303030304
1 0.7782426778242678 0.7393939393939394 0.02092050209205021 0.030303030303030304
4 0.6244769874476988 0.7893939393939394 0.010460251046025104 0.015151515151515152