3 0.9858695652173913 0.5 0.02391304347826087 0.9936708860759493
3 0.04673913043478261 0.9493670886075949 0.0891304347826087 0.0949367088607595
2 0.23804347826086958 0.06645569620253164 0.02826086956521739 0.0379746835443038
2 0.23478260869565218 0.17405063291139242 0.02608695652173913 0.0379746835443038
2 0.3119565217391304 0.31170886075949367 0.02391304347826087 0.03481012658227848
2 0.08369565217391305 0.31170886075949367 0.02826086956521739 0.03481012658227848
2 0.2902173913043478 0.2199367088607595 0.02826086956521739 0.04113924050632911
5 0.21195652173913043 0.25 0.02391304347826087 0.03164556962025317
5 0.16847826086956522 0.27531645569620256 0.02391304347826087 0.03164556962025317
0 0.20434782608695654 0.189873417721519 0.021739130434782608 0.03164556962025317
0 0.2532608695652174 0.2199367088607595 0.02391304347826087 0.028481012658227847
1 0.18804347826086956 0.24050632911392406 0.02391304347826087 0.0379746835443038
1 0.22934782608695653 0.2088607594936709 0.02391304347826087 0.03164556962025317
1 0.19456521739130433 0.11234177215189874 0.02391304347826087 0.03481012658227848
1 0.23478260869565218 0.10443037974683544 0.02608695652173913 0.0379746835443038
1 0.30978260869565216 0.07278481012658228 0.02391304347826087 0.0379746835443038
4 0.08043478260869565 0.2911392405063291 0.013043478260869565 0.012658227848101266
3 0.041304347826086954 0.3227848101265823 0.0782608695652174 0.6392405063291139