3 0.023127753303964757 0.5 0.046255506607929514 0.9936305732484076
3 0.9702643171806168 0.9570063694267515 0.05947136563876652 0.07961783439490445
2 0.789647577092511 0.07643312101910828 0.028634361233480177 0.03821656050955414
2 0.7929515418502202 0.18471337579617833 0.02643171806167401 0.03821656050955414
2 0.7147577092511013 0.3232484076433121 0.024229074889867842 0.03503184713375796
2 0.9460352422907489 0.3232484076433121 0.028634361233480177 0.03503184713375796
2 0.736784140969163 0.23089171974522293 0.028634361233480177 0.041401273885350316
5 0.816079295154185 0.2611464968152866 0.024229074889867842 0.03184713375796178
5 0.8601321585903083 0.28662420382165604 0.024229074889867842 0.03184713375796178
0 0.8237885462555066 0.20063694267515925 0.022026431718061675 0.03184713375796178
0 0.7742290748898678 0.23089171974522293 0.024229074889867842 0.028662420382165606
1 0.8403083700440529 0.2515923566878981 0.024229074889867842 0.03821656050955414
1 0.7984581497797357 0.2197452229299363 0.024229074889867842 0.03184713375796178
1 0.8337004405286343 0.12261146496815287 0.024229074889867842 0.03503184713375796
1 0.7929515418502202 0.11464968152866242 0.02643171806167401 0.03821656050955414
1 0.7169603524229075 0.08280254777070063 0.024229074889867842 0.03821656050955414
4 0.9493392070484582 0.30254777070063693 0.013215859030837005 0.012738853503184714
3 0.973568281938326 0.32961783439490444 0.048458149779735685 0.6528662420382165