3 0.9861111111111112 0.5 0.023504273504273504 0.9937888198757764
3 0.05448717948717949 0.9518633540372671 0.1047008547008547 0.09006211180124224
2 0.25106837606837606 0.08695652173913043 0.027777777777777776 0.037267080745341616
2 0.24786324786324787 0.19254658385093168 0.02564102564102564 0.037267080745341616
2 0.32371794871794873 0.327639751552795 0.023504273504273504 0.034161490683229816
2 0.09935897435897435 0.327639751552795 0.027777777777777776 0.034161490683229816
2 0.30235042735042733 0.2375776397515528 0.027777777777777776 0.040372670807453416
5 0.22542735042735043 0.2670807453416149 0.023504273504273504 0.031055900621118012
5 0.18269230769230768 0.2919254658385093 0.023504273504273504 0.031055900621118012
0 0.21794871794871795 0.2080745341614907 0.021367521367521368 0.031055900621118012
0 0.266025641025641 0.2375776397515528 0.023504273504273504 0.027950310559006212
1 0.20192307692307693 0.2577639751552795 0.023504273504273504 0.037267080745341616
1 0.24252136752136752 0.2267080745341615 0.023504273504273504 0.031055900621118012
1 0.20833333333333334 0.13198757763975155 0.023504273504273504 0.034161490683229816
1 0.24786324786324787 0.12422360248447205 0.02564102564102564 0.037267080745341616
1 0.3215811965811966 0.09316770186335403 0.023504273504273504 0.037267080745341616
4 0.09615384615384616 0.30745341614906835 0.01282051282051282 0.012422360248447204
3 0.049145299145299144 0.327639751552795 0.09401709401709402 0.6490683229813664