3 0.979253112033195 0.5 0.03734439834024896 0.9939759036144579
3 0.06224066390041494 0.48042168674698793 0.12033195020746888 0.9548192771084337
2 0.4336099585062241 0.5030120481927711 0.029045643153526972 0.04216867469879518
2 0.2572614107883817 0.7816265060240963 0.024896265560165973 0.045180722891566265
2 0.32468879668049794 0.9804216867469879 0.022821576763485476 0.03313253012048193
2 0.12033195020746888 0.9774096385542169 0.024896265560165973 0.03313253012048193
2 0.4678423236514523 0.8343373493975904 0.026970954356846474 0.04216867469879518
5 0.5653526970954357 0.46686746987951805 0.022821576763485476 0.03614457831325301
5 0.3070539419087137 0.16566265060240964 0.024896265560165973 0.03614457831325301
0 0.4948132780082988 0.32680722891566266 0.022821576763485476 0.0391566265060241
0 0.3309128630705394 0.5542168674698795 0.022821576763485476 0.03614457831325301
1 0.2033195020746888 0.4608433734939759 0.024896265560165973 0.04216867469879518
1 0.5363070539419087 0.3885542168674699 0.022821576763485476 0.03614457831325301
1 0.7012448132780082 0.39759036144578314 0.024896265560165973 0.03614457831325301
1 0.6815352697095436 0.5105421686746988 0.022821576763485476 0.03313253012048193
1 0.36410788381742737 0.8780120481927711 0.022821576763485476 0.0391566265060241
4 0.6047717842323651 0.3825301204819277 0.01037344398340249 0.018072289156626505