3 0.9783057851239669 0.5 0.03925619834710744 1
2 0.5599173553719008 0.9161676646706587 0.024793388429752067 0.041916167664670656
2 0.5919421487603306 0.7859281437125748 0.026859504132231406 0.038922155688622756
2 0.5495867768595041 0.7350299401197605 0.02066115702479339 0.038922155688622756
2 0.3884297520661157 0.5763473053892215 0.024793388429752067 0.038922155688622756
2 0.10743801652892562 0.7679640718562875 0.028925619834710745 0.038922155688622756
5 0.2964876033057851 0.561377245508982 0.022727272727272728 0.03293413173652695
5 0.36673553719008267 0.5134730538922155 0.022727272727272728 0.03293413173652695
0 0.503099173553719 0.5898203592814372 0.022727272727272728 0.03592814371257485
0 0.5847107438016529 0.6272455089820359 0.024793388429752067 0.038922155688622756
1 0.35537190082644626 0.5374251497005988 0.02066115702479339 0.038922155688622756
1 0.3181818181818182 0.5389221556886228 0.024793388429752067 0.03592814371257485
1 0.31611570247933884 0.5074850299401198 0.024793388429752067 0.03293413173652695
1 0.10950413223140495 0.6467065868263473 0.028925619834710745 0.041916167664670656
1 0.11673553719008264 0.8263473053892215 0.026859504132231406 0.041916167664670656
4 0.5258264462809917 0.7035928143712575 0.010330578512396695 0.017964071856287425
3 0.0640495867768595 0.3158682634730539 0.12396694214876033 0.6317365269461078
3 0.058884297520661155 0.7110778443113772 0.11363636363636363 0.08682634730538923
3 0.06198347107438017 0.9221556886227545 0.11983471074380166 0.1497005988023952