2 0.3984375 0.9774193548387097 0.029017857142857144 0.03870967741935484
2 0.3627232142857143 0.8403225806451613 0.029017857142857144 0.041935483870967745
2 0.40848214285714285 0.785483870967742 0.022321428571428572 0.041935483870967745
2 0.5825892857142857 0.614516129032258 0.026785714285714284 0.041935483870967745
2 0.8861607142857143 0.8209677419354838 0.03125 0.041935483870967745
5 0.6819196428571429 0.5983870967741935 0.024553571428571428 0.035483870967741936
5 0.6060267857142857 0.5467741935483871 0.024553571428571428 0.035483870967741936
0 0.45870535714285715 0.6290322580645161 0.024553571428571428 0.03870967741935484
0 0.3705357142857143 0.6693548387096774 0.026785714285714284 0.041935483870967745
1 0.6183035714285714 0.5725806451612904 0.022321428571428572 0.041935483870967745
1 0.6584821428571429 0.5741935483870968 0.026785714285714284 0.03870967741935484
1 0.6607142857142857 0.5403225806451613 0.026785714285714284 0.035483870967741936
1 0.8839285714285714 0.6903225806451613 0.03125 0.04516129032258064
1 0.8761160714285714 0.8838709677419355 0.029017857142857144 0.04516129032258064
4 0.4341517857142857 0.7516129032258064 0.011160714285714286 0.01935483870967742
3 0.9319196428571429 0.3370967741935484 0.13169642857142858 0.6741935483870968
3 0.9375 0.7596774193548387 0.12053571428571429 0.0935483870967742
3 0.9341517857142857 0.9516129032258065 0.12723214285714285 0.09032258064516129