3 0.013157894736842105 0.5 0.02631578947368421 0.9936708860759493
2 0.4473684210526316 0.06962025316455696 0.02631578947368421 0.04430379746835443
2 0.4133771929824561 0.20727848101265822 0.02850877192982456 0.04113924050632911
2 0.4583333333333333 0.2610759493670886 0.021929824561403508 0.04113924050632911
2 0.6293859649122807 0.4287974683544304 0.02631578947368421 0.04113924050632911
2 0.9276315789473685 0.22626582278481014 0.03070175438596491 0.04113924050632911
5 0.7269736842105263 0.44462025316455694 0.02412280701754386 0.03481012658227848
5 0.6524122807017544 0.495253164556962 0.02412280701754386 0.03481012658227848
0 0.5076754385964912 0.41455696202531644 0.02412280701754386 0.0379746835443038
0 0.42105263157894735 0.375 0.02631578947368421 0.04113924050632911
1 0.6644736842105263 0.4699367088607595 0.021929824561403508 0.04113924050632911
1 0.7039473684210527 0.46835443037974683 0.02631578947368421 0.0379746835443038
1 0.706140350877193 0.5015822784810127 0.02631578947368421 0.03481012658227848
1 0.9254385964912281 0.35443037974683544 0.03070175438596491 0.04430379746835443
1 0.9177631578947368 0.16455696202531644 0.02850877192982456 0.04430379746835443
4 0.48355263157894735 0.29430379746835444 0.010964912280701754 0.0189873417721519
3 0.9539473684210527 0.6835443037974683 0.09210526315789473 0.6265822784810127
3 0.9583333333333334 0.28639240506329117 0.07894736842105263 0.09177215189873418
3 0.9550438596491229 0.07278481012658228 0.08552631578947369 0.13924050632911392