3 0.9341517857142857 0.02258064516129032 0.12723214285714285 0.04516129032258064
2 0.6506696428571429 0.8758064516129033 0.024553571428571428 0.035483870967741936
2 0.6049107142857143 0.8435483870967742 0.022321428571428572 0.035483870967741936
2 0.5881696428571429 0.782258064516129 0.024553571428571428 0.035483870967741936
2 0.703125 0.7387096774193549 0.026785714285714284 0.03870967741935484
2 0.5870535714285714 0.7290322580645161 0.026785714285714284 0.03870967741935484
5 0.6741071428571429 0.7064516129032258 0.022321428571428572 0.03225806451612903
5 0.6964285714285714 0.7064516129032258 0.022321428571428572 0.03225806451612903
0 0.7254464285714286 0.6564516129032258 0.022321428571428572 0.035483870967741936
0 0.7232142857142857 0.7032258064516129 0.022321428571428572 0.03225806451612903
1 0.8113839285714286 0.6306451612903226 0.024553571428571428 0.035483870967741936
1 0.6897321428571429 0.6725806451612903 0.026785714285714284 0.02903225806451613
1 0.6506696428571429 0.6967741935483871 0.024553571428571428 0.03225806451612903
1 0.5870535714285714 0.817741935483871 0.026785714285714284 0.035483870967741936
1 0.625 0.8596774193548387 0.026785714285714284 0.035483870967741936
4 0.8270089285714286 0.635483870967742 0.006696428571428571 0.01935483870967742
3 0.9375 0.6645161290322581 0.12053571428571429 0.6645161290322581