3 0.021784232365145227 0.49849397590361444 0.043568464730290454 0.9969879518072289
3 0.9387966804979253 0.49849397590361444 0.11825726141078838 0.9969879518072289
2 0.6742738589211619 0.5737951807228916 0.024896265560165973 0.0391566265060241
2 0.7468879668049793 0.22590361445783133 0.024896265560165973 0.04216867469879518
2 0.8838174273858921 0.030120481927710843 0.024896265560165973 0.03614457831325301
2 0.6784232365145229 0.025602409638554216 0.02074688796680498 0.03313253012048193
2 0.5352697095435685 0.1716867469879518 0.024896265560165973 0.03614457831325301
5 0.45228215767634855 0.5963855421686747 0.02074688796680498 0.030120481927710843
5 0.6981327800829875 0.8418674698795181 0.022821576763485476 0.03313253012048193
0 0.5964730290456431 0.9879518072289156 0.01867219917012448 0.018072289156626505
0 0.6732365145228216 0.45331325301204817 0.022821576763485476 0.03313253012048193
1 0.6400414937759336 0.1280120481927711 0.022821576763485476 0.0391566265060241
1 0.8008298755186722 0.5436746987951807 0.024896265560165973 0.0391566265060241
1 0.4678423236514523 0.6189759036144579 0.022821576763485476 0.03313253012048193
1 0.3039419087136929 0.608433734939759 0.022821576763485476 0.03614457831325301
1 0.32261410788381745 0.4939759036144578 0.022821576763485476 0.030120481927710843
4 0.3993775933609959 0.7454819277108434 0.01037344398340249 0.015060240963855422