3 0.01778242677824268 0.5 0.03556485355648536 0.9939393939393939
3 0.9424686192468619 0.5 0.11506276150627615 0.9939393939393939
2 0.5198744769874477 0.2 0.02301255230125523 0.03636363636363636
2 0.7071129707112971 0.20303030303030303 0.02510460251046025 0.03636363636363636
2 0.7280334728033473 0.15 0.02510460251046025 0.03939393939393939
2 0.75418410041841 0.2 0.027196652719665274 0.03636363636363636
2 0.6705020920502092 0.3378787878787879 0.02301255230125523 0.03333333333333333
5 0.6317991631799164 0.31666666666666665 0.02092050209205021 0.03333333333333333
5 0.6778242677824268 0.30606060606060603 0.02092050209205021 0.030303030303030304
0 0.6129707112970711 0.2818181818181818 0.02092050209205021 0.030303030303030304
0 0.7625523012552301 0.1606060606060606 0.02301255230125523 0.030303030303030304
1 0.7834728033472803 0.14242424242424243 0.02301255230125523 0.03636363636363636
1 0.8232217573221757 0.19090909090909092 0.027196652719665274 0.03636363636363636
1 0.7071129707112971 0.12272727272727273 0.02510460251046025 0.03939393939393939
1 0.6715481171548117 0.10454545454545454 0.02510460251046025 0.03333333333333333
1 0.6673640167364017 0.1984848484848485 0.02092050209205021 0.03333333333333333
4 0.7583682008368201 0.22272727272727272 0.010460251046025104 0.015151515151515152