3 0.05941704035874439 0.49837662337662336 0.11434977578475336 0.9967532467532467
2 0.33856502242152464 0.5308441558441559 0.026905829596412557 0.04220779220779221
2 0.2600896860986547 0.15584415584415584 0.026905829596412557 0.045454545454545456
2 0.48878923766816146 0.09740259740259741 0.026905829596412557 0.03896103896103896
5 0.57847533632287 0.5551948051948052 0.02242152466367713 0.032467532467532464
5 0.312780269058296 0.8198051948051948 0.02466367713004484 0.03571428571428571
0 0.4226457399103139 0.9821428571428571 0.020179372197309416 0.02922077922077922
0 0.3396860986547085 0.400974025974026 0.02466367713004484 0.03571428571428571
1 0.3755605381165919 0.05032467532467533 0.02466367713004484 0.04220779220779221
1 0.20179372197309417 0.49837662337662336 0.026905829596412557 0.04220779220779221
1 0.5616591928251121 0.5795454545454546 0.02466367713004484 0.03571428571428571
1 0.7387892376681614 0.5681818181818182 0.02466367713004484 0.03896103896103896
1 0.718609865470852 0.4448051948051948 0.02466367713004484 0.032467532467532464
4 0.6356502242152466 0.7159090909090909 0.011210762331838564 0.016233766233766232