3 0.9843096234309623 0.5 0.027196652719665274 1
3 0.060669456066945605 0.4984848484848485 0.11715481171548117 0.996969696969697
2 0.301255230125523 0.8696969696969697 0.02510460251046025 0.03636363636363636
2 0.2625523012552301 0.8712121212121212 0.027196652719665274 0.03939393939393939
2 0.2594142259414226 0.8242424242424242 0.02510460251046025 0.03636363636363636
2 0.24163179916317992 0.7803030303030303 0.02301255230125523 0.03333333333333333
2 0.19351464435146443 0.8272727272727273 0.027196652719665274 0.03636363636363636
5 0.30962343096234307 0.8393939393939394 0.02092050209205021 0.030303030303030304
5 0.28661087866108786 0.8318181818181818 0.02092050209205021 0.03333333333333333
0 0.2384937238493724 0.8318181818181818 0.02092050209205021 0.03333333333333333
0 0.15271966527196654 0.6106060606060606 0.02510460251046025 0.03333333333333333
1 0.33368200836820083 0.8863636363636364 0.02301255230125523 0.03333333333333333
1 0.24790794979079497 0.896969696969697 0.02301255230125523 0.03636363636363636
1 0.15481171548117154 0.7984848484848485 0.02510460251046025 0.03333333333333333
1 0.2217573221757322 0.7212121212121212 0.02092050209205021 0.030303030303030304
1 0.22071129707112971 0.8454545454545455 0.02301255230125523 0.03636363636363636
4 0.2290794979079498 0.7424242424242424 0.010460251046025104 0.012121212121212121