3 0.011603375527426161 0.5 0.023206751054852322 0.9939024390243902
3 0.939873417721519 0.5 0.12025316455696203 0.9939024390243902
2 0.6962025316455697 0.12804878048780488 0.02531645569620253 0.036585365853658534
2 0.7352320675105485 0.12652439024390244 0.027426160337552744 0.039634146341463415
2 0.7383966244725738 0.17378048780487804 0.02531645569620253 0.036585365853658534
2 0.7563291139240507 0.21798780487804878 0.023206751054852322 0.03353658536585366
2 0.8048523206751055 0.17073170731707318 0.027426160337552744 0.036585365853658534
5 0.6877637130801688 0.15853658536585366 0.02109704641350211 0.03048780487804878
5 0.7109704641350211 0.16615853658536586 0.02109704641350211 0.03353658536585366
0 0.759493670886076 0.16615853658536586 0.02109704641350211 0.03353658536585366
0 0.8459915611814346 0.38871951219512196 0.02531645569620253 0.03353658536585366
1 0.6635021097046413 0.11128048780487805 0.023206751054852322 0.03353658536585366
1 0.75 0.10060975609756098 0.023206751054852322 0.036585365853658534
1 0.8438818565400844 0.19969512195121952 0.02531645569620253 0.03353658536585366
1 0.7763713080168776 0.2774390243902439 0.02109704641350211 0.03048780487804878
1 0.7774261603375527 0.1524390243902439 0.023206751054852322 0.036585365853658534
4 0.7689873417721519 0.25609756097560976 0.010548523206751054 0.012195121951219513