3 0.9782608695652174 0.5 0.0391304347826087 1
3 0.03804347826086957 0.49841772151898733 0.07173913043478261 0.9968354430379747
2 0.26304347826086955 0.8924050632911392 0.02608695652173913 0.0379746835443038
2 0.22282608695652173 0.8939873417721519 0.02826086956521739 0.04113924050632911
2 0.21956521739130436 0.8449367088607594 0.02608695652173913 0.0379746835443038
2 0.20108695652173914 0.7990506329113924 0.02391304347826087 0.03481012658227848
2 0.15108695652173912 0.8481012658227848 0.02826086956521739 0.0379746835443038
5 0.2717391304347826 0.8607594936708861 0.021739130434782608 0.03164556962025317
5 0.24782608695652175 0.8528481012658228 0.021739130434782608 0.03481012658227848
0 0.19782608695652174 0.8528481012658228 0.021739130434782608 0.03481012658227848
0 0.10869565217391304 0.6218354430379747 0.02608695652173913 0.03481012658227848
1 0.2967391304347826 0.9098101265822784 0.02391304347826087 0.03481012658227848
1 0.2076086956521739 0.9208860759493671 0.02391304347826087 0.0379746835443038
1 0.1108695652173913 0.8180379746835443 0.02608695652173913 0.03481012658227848
1 0.18043478260869567 0.7373417721518988 0.021739130434782608 0.03164556962025317
1 0.1793478260869565 0.8670886075949367 0.02391304347826087 0.0379746835443038
4 0.18804347826086956 0.759493670886076 0.010869565217391304 0.012658227848101266