3 0.9703196347031964 0.5579470198675497 0.0547945205479452 0.8774834437086093
2 0.8573059360730594 0.8857615894039735 0.02968036529680365 0.04304635761589404
2 0.841324200913242 0.8029801324503312 0.02511415525114155 0.03642384105960265
2 0.7579908675799086 0.6705298013245033 0.0273972602739726 0.04304635761589404
2 0.7922374429223744 0.6374172185430463 0.0273972602739726 0.03642384105960265
2 0.8242009132420092 0.6705298013245033 0.0273972602739726 0.03642384105960265
5 0.8710045662100456 0.5612582781456954 0.02511415525114155 0.03642384105960265
5 0.7317351598173516 0.8625827814569537 0.02511415525114155 0.03642384105960265
0 0.6575342465753424 0.652317880794702 0.0228310502283105 0.033112582781456956
0 0.8595890410958904 0.8360927152317881 0.02511415525114155 0.03642384105960265
1 0.8995433789954338 0.8526490066225165 0.0228310502283105 0.03642384105960265
1 0.8059360730593608 0.9155629139072847 0.0273972602739726 0.03642384105960265
1 0.8356164383561644 0.9056291390728477 0.0228310502283105 0.03642384105960265
1 0.8264840182648402 0.7649006622516556 0.0228310502283105 0.033112582781456956
1 0.7054794520547946 0.9470198675496688 0.0228310502283105 0.033112582781456956
4 0.8207762557077626 0.7864238410596026 0.01141552511415525 0.016556291390728478