3 0.015822784810126583 0.5 0.03164556962025317 0.9939024390243902
3 0.9451476793248945 0.38109756097560976 0.10548523206751055 0.7560975609756098
2 0.8143459915611815 0.14939024390243902 0.02531645569620253 0.036585365853658534
2 0.8111814345991561 0.24085365853658536 0.023206751054852322 0.03048780487804878
2 0.8481012658227848 0.2942073170731707 0.029535864978902954 0.039634146341463415
2 0.7668776371308017 0.3201219512195122 0.027426160337552744 0.036585365853658534
2 0.7215189873417721 0.3475609756097561 0.02531645569620253 0.036585365853658534
5 0.8270042194092827 0.4451219512195122 0.02531645569620253 0.03048780487804878
5 0.6972573839662447 0.16920731707317074 0.023206751054852322 0.03353658536585366
0 0.8154008438818565 0.19359756097560976 0.023206751054852322 0.03353658536585366
0 0.6286919831223629 0.3628048780487805 0.02109704641350211 0.03048780487804878
1 0.7858649789029536 0.25914634146341464 0.0189873417721519 0.03048780487804878
1 0.7668776371308017 0.24085365853658536 0.023206751054852322 0.036585365853658534
1 0.6719409282700421 0.09298780487804878 0.023206751054852322 0.03353658536585366
1 0.7921940928270043 0.12957317073170732 0.023206751054852322 0.03353658536585366
1 0.8512658227848101 0.17835365853658536 0.023206751054852322 0.03353658536585366
4 0.7827004219409283 0.24085365853658536 0.008438818565400843 0.012195121951219513