3 0.022540983606557378 0.5 0.045081967213114756 0.9940652818991098
3 0.9344262295081968 0.4762611275964392 0.12704918032786885 0.9465875370919882
2 0.6680327868852459 0.4317507418397626 0.02459016393442623 0.03857566765578635
2 0.7397540983606558 0.7759643916913946 0.02459016393442623 0.03857566765578635
2 0.673155737704918 0.9718100890207715 0.022540983606557378 0.032640949554896145
2 0.8760245901639344 0.9658753709198813 0.02663934426229508 0.03857566765578635
2 0.5307377049180327 0.8264094955489614 0.02459016393442623 0.03857566765578635
5 0.4487704918032787 0.40801186943620177 0.020491803278688523 0.032640949554896145
5 0.6915983606557377 0.16765578635014836 0.022540983606557378 0.032640949554896145
0 0.5891393442622951 0.019287833827893175 0.018442622950819672 0.032640949554896145
0 0.6659836065573771 0.5504451038575667 0.020491803278688523 0.032640949554896145
1 0.319672131147541 0.5103857566765578 0.020491803278688523 0.02967359050445104
1 0.30020491803278687 0.39762611275964393 0.022540983606557378 0.03560830860534125
1 0.4651639344262295 0.38724035608308605 0.020491803278688523 0.032640949554896145
1 0.7930327868852459 0.46142433234421365 0.02459016393442623 0.03857566765578635
1 0.6342213114754098 0.870919881305638 0.022540983606557378 0.03857566765578635
4 0.4395491803278688 0.3189910979228487 0.010245901639344262 0.026706231454005934