3 0.01293103448275862 0.5 0.02586206896551724 0.99375
3 0.9450431034482759 0.4875 0.10560344827586207 0.96875
2 0.6788793103448276 0.4265625 0.02586206896551724 0.040625
2 0.7543103448275862 0.7890625 0.02586206896551724 0.040625
2 0.6864224137931034 0.9859375 0.028017241379310345 0.021875
2 0.8997844827586207 0.98125 0.032327586206896554 0.03125
2 0.5344827586206896 0.8421875 0.02586206896551724 0.040625
5 0.4482758620689655 0.4015625 0.021551724137931036 0.034375
5 0.7036637931034483 0.1484375 0.023706896551724137 0.034375
0 0.5969827586206896 0.00625 0.021551724137931036 0.00625
0 0.6767241379310345 0.5515625 0.021551724137931036 0.034375
1 0.3125 0.509375 0.021551724137931036 0.03125
1 0.2920258620689655 0.390625 0.023706896551724137 0.0375
1 0.46551724137931033 0.3796875 0.021551724137931036 0.034375
1 0.8103448275862069 0.4578125 0.02586206896551724 0.040625
1 0.6433189655172413 0.8890625 0.023706896551724137 0.040625
4 0.4385775862068966 0.3078125 0.010775862068965518 0.028125