3 0.022916666666666665 0.4984848484848485 0.04583333333333333 0.996969696969697
3 0.9416666666666667 0.5196969696969697 0.1125 0.9545454545454546
2 0.6791666666666667 0.5712121212121212 0.025 0.03939393939393939
2 0.7520833333333333 0.2196969696969697 0.025 0.03939393939393939
2 0.684375 0.019696969696969695 0.022916666666666665 0.03333333333333333
2 0.890625 0.025757575757575757 0.027083333333333334 0.03939393939393939
2 0.5395833333333333 0.16818181818181818 0.025 0.03939393939393939
5 0.45625 0.5954545454545455 0.020833333333333332 0.03333333333333333
5 0.703125 0.8409090909090909 0.022916666666666665 0.03333333333333333
0 0.6 0.9863636363636363 0.020833333333333332 0.021212121212121213
0 0.6770833333333334 0.45 0.020833333333333332 0.03333333333333333
1 0.325 0.4909090909090909 0.020833333333333332 0.030303030303030304
1 0.30520833333333336 0.6060606060606061 0.022916666666666665 0.03636363636363636
1 0.47291666666666665 0.6166666666666667 0.020833333333333332 0.03333333333333333
1 0.80625 0.5409090909090909 0.025 0.03939393939393939
1 0.6447916666666667 0.12272727272727273 0.022916666666666665 0.03939393939393939
4 0.446875 0.6863636363636364 0.010416666666666666 0.02727272727272727