3 0.06584821428571429 0.5 0.12723214285714285 0.9935483870967742
2 0.16852678571428573 0.26129032258064516 0.029017857142857144 0.03870967741935484
2 0.28013392857142855 0.2693548387096774 0.024553571428571428 0.035483870967741936
2 0.26004464285714285 0.29354838709677417 0.029017857142857144 0.03870967741935484
2 0.30691964285714285 0.32903225806451614 0.029017857142857144 0.03870967741935484
5 0.19196428571428573 0.41935483870967744 0.026785714285714284 0.03225806451612903
5 0.32924107142857145 0.12741935483870967 0.024553571428571428 0.035483870967741936
0 0.4017857142857143 0.33064516129032256 0.022321428571428572 0.02903225806451613
0 0.12276785714285714 0.02258064516129032 0.026785714285714284 0.03225806451612903
1 0.22767857142857142 0.08870967741935484 0.026785714285714284 0.035483870967741936
1 0.16517857142857142 0.13870967741935483 0.026785714285714284 0.03225806451612903
1 0.3236607142857143 0.1596774193548387 0.022321428571428572 0.02903225806451613
1 0.37276785714285715 0.23548387096774193 0.026785714285714284 0.03870967741935484
1 0.3046875 0.29354838709677417 0.024553571428571428 0.03225806451612903
4 0.25558035714285715 0.20483870967741935 0.011160714285714286 0.016129032258064516