3 0.014767932489451477 0.5 0.029535864978902954 0.9939024390243902
3 0.9430379746835443 0.5 0.11392405063291139 0.9939024390243902
2 0.8111814345991561 0.018292682926829267 0.03164556962025317 0.03048780487804878
2 0.8470464135021097 0.3018292682926829 0.027426160337552744 0.036585365853658534
2 0.7415611814345991 0.3094512195121951 0.023206751054852322 0.03353658536585366
2 0.760548523206751 0.3323170731707317 0.027426160337552744 0.036585365853658534
2 0.7162447257383966 0.36585365853658536 0.027426160337552744 0.036585365853658534
5 0.8248945147679325 0.45121951219512196 0.02531645569620253 0.03048780487804878
5 0.6951476793248945 0.17530487804878048 0.023206751054852322 0.03353658536585366
0 0.6265822784810127 0.3673780487804878 0.02109704641350211 0.027439024390243903
0 0.890295358649789 0.07621951219512195 0.02531645569620253 0.03048780487804878
1 0.7911392405063291 0.13871951219512196 0.02531645569620253 0.03353658536585366
1 0.8502109704641351 0.18597560975609756 0.02531645569620253 0.03048780487804878
1 0.70042194092827 0.20579268292682926 0.02109704641350211 0.027439024390243903
1 0.6540084388185654 0.2774390243902439 0.02531645569620253 0.036585365853658534
1 0.7183544303797469 0.3323170731707317 0.023206751054852322 0.03048780487804878
4 0.7647679324894515 0.24847560975609756 0.010548523206751054 0.01524390243902439