3 0.9810267857142857 0.5 0.033482142857142856 0.9935483870967742
3 0.030133928571428572 0.8629032258064516 0.05580357142857143 0.267741935483871
2 0.19866071428571427 0.25 0.026785714285714284 0.041935483870967745
2 0.35267857142857145 0.2903225806451613 0.026785714285714284 0.03870967741935484
2 0.34486607142857145 0.36935483870967745 0.024553571428571428 0.035483870967741936
2 0.24107142857142858 0.6161290322580645 0.026785714285714284 0.03870967741935484
2 0.09821428571428571 0.33548387096774196 0.03125 0.03870967741935484
5 0.2578125 0.20161290322580644 0.024553571428571428 0.035483870967741936
5 0.12053571428571429 0.49516129032258066 0.026785714285714284 0.035483870967741936
0 0.33035714285714285 0.40483870967741936 0.022321428571428572 0.035483870967741936
0 0.05133928571428571 0.09838709677419355 0.026785714285714284 0.035483870967741936
1 0.38839285714285715 0.29516129032258065 0.026785714285714284 0.035483870967741936
1 0.32924107142857145 0.2887096774193548 0.020089285714285716 0.035483870967741936
1 0.29017857142857145 0.20161290322580644 0.022321428571428572 0.035483870967741936
1 0.15625 0.16129032258064516 0.026785714285714284 0.03870967741935484
1 0.09375 0.20967741935483872 0.026785714285714284 0.03225806451612903
4 0.2890625 0.22741935483870968 0.011160714285714286 0.016129032258064516
3 0.025669642857142856 0.34838709677419355 0.046875 0.6903225806451613