3 0.990990990990991 0.5 0.013513513513513514 1
3 0.03490990990990991 0.1503267973856209 0.06531531531531531 0.3006535947712418
2 0.21171171171171171 0.7859477124183006 0.02702702702702703 0.042483660130718956
2 0.36711711711711714 0.7450980392156863 0.02702702702702703 0.0392156862745098
2 0.35923423423423423 0.6650326797385621 0.024774774774774775 0.03594771241830065
2 0.2545045045045045 0.4150326797385621 0.02702702702702703 0.0392156862745098
2 0.11036036036036036 0.6993464052287581 0.03153153153153153 0.0392156862745098
5 0.2713963963963964 0.8349673202614379 0.024774774774774775 0.03594771241830065
5 0.13288288288288289 0.5375816993464052 0.02702702702702703 0.03594771241830065
0 0.34459459459459457 0.6290849673202614 0.02252252252252252 0.03594771241830065
0 0.06306306306306306 0.9395424836601307 0.02702702702702703 0.03594771241830065
1 0.40315315315315314 0.7401960784313726 0.02702702702702703 0.03594771241830065
1 0.34346846846846846 0.7467320261437909 0.02027027027027027 0.03594771241830065
1 0.30405405405405406 0.8349673202614379 0.02252252252252252 0.03594771241830065
1 0.16891891891891891 0.8758169934640523 0.02702702702702703 0.0392156862745098
1 0.10585585585585586 0.826797385620915 0.02702702702702703 0.032679738562091505
4 0.30292792792792794 0.8088235294117647 0.01126126126126126 0.016339869281045753
3 0.03153153153153153 0.6666666666666666 0.05855855855855856 0.6601307189542484