3 0.022151898734177215 0.49847560975609756 0.04430379746835443 0.9969512195121951
3 0.9462025316455697 0.5228658536585366 0.10337552742616034 0.948170731707317
2 0.6856540084388185 0.5762195121951219 0.02531645569620253 0.042682926829268296
2 0.759493670886076 0.22408536585365854 0.02531645569620253 0.039634146341463415
2 0.689873417721519 0.022865853658536585 0.02109704641350211 0.03353658536585366
2 0.8976793248945147 0.025914634146341462 0.027426160337552744 0.039634146341463415
2 0.5453586497890295 0.1722560975609756 0.027426160337552744 0.039634146341463415
5 0.4609704641350211 0.5990853658536586 0.023206751054852322 0.03353658536585366
5 0.7088607594936709 0.8475609756097561 0.02531645569620253 0.036585365853658534
0 0.6054852320675106 0.989329268292683 0.02531645569620253 0.01524390243902439
0 0.6856540084388185 0.45426829268292684 0.02109704641350211 0.036585365853658534
1 0.4757383966244726 0.6204268292682927 0.023206751054852322 0.03353658536585366
1 0.8143459915611815 0.5472560975609756 0.029535864978902954 0.039634146341463415
1 0.4810126582278481 0.23323170731707318 0.02109704641350211 0.03353658536585366
1 0.6518987341772152 0.12652439024390244 0.02531645569620253 0.03353658536585366
1 0.26371308016877637 0.2759146341463415 0.02531645569620253 0.039634146341463415
4 0.48417721518987344 0.35060975609756095 0.010548523206751054 0.018292682926829267