3 0.022540983606557378 0.5 0.045081967213114756 0.9940652818991098
3 0.9344262295081968 0.47477744807121663 0.12704918032786885 0.9436201780415431
2 0.6680327868852459 0.4332344213649852 0.02459016393442623 0.04154302670623145
2 0.7397540983606558 0.7759643916913946 0.02459016393442623 0.03857566765578635
2 0.6721311475409836 0.9718100890207715 0.020491803278688523 0.032640949554896145
2 0.8739754098360656 0.9688427299703264 0.02663934426229508 0.03857566765578635
2 0.5317622950819673 0.8264094955489614 0.02663934426229508 0.03857566765578635
5 0.44979508196721313 0.41097922848664686 0.022540983606557378 0.032640949554896145
5 0.6905737704918032 0.16913946587537093 0.02459016393442623 0.03560830860534125
0 0.5891393442622951 0.020771513353115726 0.022540983606557378 0.03560830860534125
0 0.6680327868852459 0.5519287833827893 0.020491803278688523 0.03560830860534125
1 0.4641393442622951 0.39020771513353114 0.022540983606557378 0.032640949554896145
1 0.7930327868852459 0.46142433234421365 0.028688524590163935 0.03857566765578635
1 0.4692622950819672 0.7670623145400594 0.020491803278688523 0.032640949554896145
1 0.6352459016393442 0.870919881305638 0.02459016393442623 0.032640949554896145
1 0.2581967213114754 0.7255192878338279 0.02459016393442623 0.03857566765578635
4 0.4723360655737705 0.6528189910979229 0.010245901639344262 0.017804154302670624