3 0.992152466367713 0.5 0.011210762331838564 0.9935064935064936
3 0.03923766816143498 0.827922077922078 0.07399103139013453 0.33766233766233766
2 0.21748878923766815 0.17694805194805194 0.026905829596412557 0.04220779220779221
2 0.3721973094170404 0.21753246753246752 0.026905829596412557 0.03896103896103896
2 0.36434977578475336 0.29707792207792205 0.02466367713004484 0.03571428571428571
2 0.2600896860986547 0.5454545454545454 0.026905829596412557 0.03896103896103896
2 0.11659192825112108 0.262987012987013 0.03139013452914798 0.03896103896103896
5 0.2769058295964126 0.12824675324675325 0.02466367713004484 0.03571428571428571
5 0.13901345291479822 0.4237012987012987 0.026905829596412557 0.03571428571428571
0 0.34977578475336324 0.3327922077922078 0.02242152466367713 0.03571428571428571
0 0.06950672645739911 0.024350649350649352 0.026905829596412557 0.03571428571428571
1 0.4080717488789238 0.2224025974025974 0.026905829596412557 0.03571428571428571
1 0.3486547085201794 0.2159090909090909 0.020179372197309416 0.03571428571428571
1 0.3094170403587444 0.12824675324675325 0.02242152466367713 0.03571428571428571
1 0.17488789237668162 0.08766233766233766 0.026905829596412557 0.03896103896103896
1 0.11210762331838565 0.13636363636363635 0.026905829596412557 0.032467532467532464
4 0.30829596412556054 0.15422077922077923 0.011210762331838564 0.016233766233766232
3 0.034753363228699555 0.3133116883116883 0.06502242152466367 0.6201298701298701