3 0.02169421487603306 0.49850299401197606 0.04338842975206612 0.9970059880239521
3 0.9369834710743802 0.5239520958083832 0.12190082644628099 0.9461077844311377
2 0.6714876033057852 0.5733532934131736 0.024793388429752067 0.038922155688622756
2 0.743801652892562 0.2275449101796407 0.024793388429752067 0.03592814371257485
2 0.8801652892561983 0.03293413173652695 0.024793388429752067 0.03592814371257485
2 0.6756198347107438 0.02844311377245509 0.02066115702479339 0.03293413173652695
2 0.5340909090909091 0.1751497005988024 0.022727272727272728 0.03293413173652695
5 0.45041322314049587 0.5958083832335329 0.02066115702479339 0.029940119760479042
5 0.6952479338842975 0.8398203592814372 0.022727272727272728 0.03293413173652695
0 0.59400826446281 0.9835329341317365 0.022727272727272728 0.02694610778443114
0 0.6694214876033058 0.4535928143712575 0.02066115702479339 0.03293413173652695
1 0.4669421487603306 0.6182634730538922 0.02066115702479339 0.03293413173652695
1 0.7985537190082644 0.5434131736526946 0.022727272727272728 0.038922155688622756
1 0.637396694214876 0.12874251497005987 0.022727272727272728 0.03592814371257485
1 0.512396694214876 0.1721556886227545 0.02066115702479339 0.03293413173652695
1 0.30888429752066116 0.31736526946107785 0.022727272727272728 0.03592814371257485
4 0.47417355371900827 0.3502994011976048 0.010330578512396695 0.011976047904191617