3 0.048863636363636366 0.5 0.09318181818181819 0.993421052631579
2 0.3181818181818182 0.4555921052631579 0.02727272727272727 0.04276315789473684
2 0.23863636363636365 0.8355263157894737 0.02727272727272727 0.039473684210526314
2 0.4693181818181818 0.8930921052631579 0.025 0.03618421052631579
5 0.5613636363636364 0.4309210526315789 0.022727272727272728 0.03289473684210526
5 0.29204545454545455 0.16282894736842105 0.025 0.03618421052631579
0 0.4034090909090909 0.011513157894736841 0.025 0.01644736842105263
0 0.32045454545454544 0.587171052631579 0.022727272727272728 0.03618421052631579
1 0.5431818181818182 0.40625 0.022727272727272728 0.03618421052631579
1 0.1784090909090909 0.48848684210526316 0.025 0.04276315789473684
1 0.35568181818181815 0.944078947368421 0.025 0.039473684210526314
1 0.49318181818181817 0.8963815789473685 0.022727272727272728 0.03618421052631579
1 0.7170454545454545 0.7368421052631579 0.025 0.039473684210526314
4 0.5352272727272728 0.7006578947368421 0.011363636363636364 0.013157894736842105