3 0.9893162393162394 0.5 0.017094017094017096 1
3 0.056623931623931624 0.017080745341614908 0.10897435897435898 0.034161490683229816
2 0.24893162393162394 0.7608695652173914 0.027777777777777776 0.037267080745341616
2 0.39636752136752135 0.7204968944099379 0.023504273504273504 0.037267080745341616
2 0.3888888888888889 0.6444099378881988 0.021367521367521368 0.034161490683229816
2 0.25213675213675213 0.6288819875776398 0.02564102564102564 0.034161490683229816
2 0.15064102564102563 0.6770186335403726 0.027777777777777776 0.037267080745341616
5 0.17307692307692307 0.5248447204968945 0.02564102564102564 0.031055900621118012
5 0.30448717948717946 0.8059006211180124 0.023504273504273504 0.034161490683229816
0 0.37393162393162394 0.610248447204969 0.021367521367521368 0.027950310559006212
0 0.10683760683760683 0.906832298136646 0.02564102564102564 0.037267080745341616
1 0.33547008547008544 0.8043478260869565 0.021367521367521368 0.031055900621118012
1 0.20726495726495728 0.84472049689441 0.02564102564102564 0.037267080745341616
1 0.14743589743589744 0.796583850931677 0.02564102564102564 0.034161490683229816
1 0.37393162393162394 0.7204968944099379 0.021367521367521368 0.031055900621118012
1 0.42948717948717946 0.7158385093167702 0.02564102564102564 0.034161490683229816
4 0.3344017094017094 0.781055900621118 0.010683760683760684 0.015527950310559006
3 0.05235042735042735 0.6754658385093167 0.10042735042735043 0.6428571428571429