3 0.9778481012658228 0.5 0.04008438818565401 0.9939024390243902
3 0.05485232067510549 0.4878048780487805 0.10548523206751055 0.9695121951219512
2 0.31645569620253167 0.4405487804878049 0.02531645569620253 0.039634146341463415
2 0.24261603375527427 0.7926829268292683 0.02531645569620253 0.036585365853658534
2 0.10337552742616034 0.9832317073170732 0.029535864978902954 0.027439024390243903
2 0.31223628691983124 0.9862804878048781 0.02531645569620253 0.021341463414634148
2 0.45675105485232065 0.8460365853658537 0.023206751054852322 0.03353658536585366
5 0.5421940928270043 0.4176829268292683 0.02109704641350211 0.03048780487804878
5 0.2921940928270042 0.16920731707317074 0.023206751054852322 0.03353658536585366
0 0.39662447257383965 0.019817073170731708 0.02109704641350211 0.03353658536585366
0 0.31856540084388185 0.5625 0.02109704641350211 0.03353658536585366
1 0.5253164556962026 0.3948170731707317 0.02109704641350211 0.03353658536585366
1 0.18670886075949367 0.47103658536585363 0.023206751054852322 0.039634146341463415
1 0.3512658227848101 0.8932926829268293 0.023206751054852322 0.036585365853658534
1 0.47890295358649787 0.8490853658536586 0.02109704641350211 0.03353658536585366
1 0.6867088607594937 0.7012195121951219 0.023206751054852322 0.036585365853658534
4 0.5179324894514767 0.6676829268292683 0.010548523206751054 0.012195121951219513