3 0.9811715481171548 0.5 0.03347280334728033 1
3 0.056485355648535567 0.10757575757575757 0.1087866108786611 0.21515151515151515
2 0.38389121338912136 0.6590909090909091 0.02301255230125523 0.03333333333333333
2 0.2384937238493724 0.759090909090909 0.02510460251046025 0.03333333333333333
2 0.20815899581589958 0.7515151515151515 0.027196652719665274 0.03636363636363636
2 0.151673640167364 0.6909090909090909 0.027196652719665274 0.03636363636363636
2 0.2196652719665272 0.8378787878787879 0.029288702928870293 0.03939393939393939
5 0.3043933054393305 0.7833333333333333 0.02301255230125523 0.03333333333333333
5 0.24790794979079497 0.6848484848484848 0.02301255230125523 0.030303030303030304
0 0.3702928870292887 0.6257575757575757 0.02092050209205021 0.02727272727272727
0 0.10774058577405858 0.9151515151515152 0.027196652719665274 0.03636363636363636
1 0.14748953974895398 0.8090909090909091 0.02301255230125523 0.030303030303030304
1 0.19142259414225943 0.8651515151515151 0.02301255230125523 0.03333333333333333
1 0.2688284518828452 0.7681818181818182 0.02301255230125523 0.03333333333333333
1 0.2813807531380753 0.7318181818181818 0.02301255230125523 0.03333333333333333
1 0.4246861924686193 0.7287878787878788 0.02510460251046025 0.03333333333333333
4 0.32217573221757323 0.7818181818181819 0.008368200836820083 0.012121212121212121
3 0.053347280334728034 0.696969696969697 0.10251046025104603 0.6