3 0.9811715481171548 0.5 0.03347280334728033 0.9939393939393939
3 0.05753138075313807 0.8924242424242425 0.1108786610878661 0.20909090909090908
2 0.38389121338912136 0.34393939393939393 0.02301255230125523 0.03333333333333333
2 0.2384937238493724 0.24393939393939393 0.02510460251046025 0.03333333333333333
2 0.20815899581589958 0.2515151515151515 0.027196652719665274 0.03636363636363636
2 0.151673640167364 0.31212121212121213 0.027196652719665274 0.03636363636363636
2 0.2196652719665272 0.16515151515151516 0.029288702928870293 0.03939393939393939
5 0.3043933054393305 0.2196969696969697 0.02301255230125523 0.03333333333333333
5 0.24790794979079497 0.3181818181818182 0.02301255230125523 0.030303030303030304
0 0.3702928870292887 0.37727272727272726 0.02092050209205021 0.02727272727272727
0 0.10774058577405858 0.08787878787878788 0.027196652719665274 0.03636363636363636
1 0.14748953974895398 0.19393939393939394 0.02301255230125523 0.030303030303030304
1 0.19142259414225943 0.13787878787878788 0.02301255230125523 0.03333333333333333
1 0.2688284518828452 0.23484848484848486 0.02301255230125523 0.03333333333333333
1 0.2813807531380753 0.27121212121212124 0.02301255230125523 0.03333333333333333
1 0.4246861924686193 0.27424242424242423 0.02510460251046025 0.03333333333333333
4 0.32217573221757323 0.22121212121212122 0.008368200836820083 0.012121212121212121
3 0.053347280334728034 0.30454545454545456 0.10251046025104603 0.603030303030303