3 0.045454545454545456 0.10361842105263158 0.08636363636363636 0.20723684210526316
2 0.38522727272727275 0.6891447368421053 0.025 0.03618421052631579
2 0.22727272727272727 0.7976973684210527 0.02727272727272727 0.03618421052631579
2 0.1943181818181818 0.7894736842105263 0.029545454545454545 0.039473684210526314
2 0.13295454545454546 0.7236842105263158 0.029545454545454545 0.039473684210526314
2 0.20681818181818182 0.8832236842105263 0.031818181818181815 0.04276315789473684
5 0.2988636363636364 0.8240131578947368 0.025 0.03618421052631579
5 0.2375 0.7171052631578947 0.025 0.03289473684210526
0 0.3704545454545455 0.6529605263157895 0.022727272727272728 0.029605263157894735
0 0.08522727272727272 0.9671052631578947 0.029545454545454545 0.039473684210526314
1 0.12840909090909092 0.8519736842105263 0.025 0.03289473684210526
1 0.17613636363636365 0.912828947368421 0.025 0.03618421052631579
1 0.26022727272727275 0.8075657894736842 0.025 0.03618421052631579
1 0.27386363636363636 0.7680921052631579 0.025 0.03618421052631579
1 0.42954545454545456 0.7648026315789473 0.02727272727272727 0.03618421052631579
4 0.3181818181818182 0.8223684210526315 0.00909090909090909 0.013157894736842105
3 0.042045454545454546 0.7006578947368421 0.07954545454545454 0.5921052631578947