3 0.930365296803653 0.5 0.13926940639269406 0.9933774834437086
2 0.4360730593607306 0.5066225165562914 0.0273972602739726 0.039735099337748346
2 0.478310502283105 0.5728476821192053 0.02511415525114155 0.039735099337748346
2 0.341324200913242 0.6208609271523179 0.02511415525114155 0.03642384105960265
5 0.3926940639269406 0.4503311258278146 0.0228310502283105 0.033112582781456956
0 0.3824200913242009 0.5695364238410596 0.02054794520547945 0.033112582781456956
0 0.13812785388127855 0.6109271523178808 0.02511415525114155 0.03642384105960265
1 0.0958904109589041 0.5960264900662252 0.0228310502283105 0.039735099337748346
1 0.4075342465753425 0.42549668874172186 0.02054794520547945 0.03642384105960265
1 0.5114155251141552 0.6970198675496688 0.0228310502283105 0.03642384105960265
1 0.4417808219178082 0.7516556291390728 0.02511415525114155 0.039735099337748346
1 0.4851598173515982 0.7698675496688742 0.02511415525114155 0.04304635761589404
4 0.4166666666666667 0.7201986754966887 0.01141552511415525 0.016556291390728478