3 0.02066115702479339 0.49850299401197606 0.04132231404958678 0.9970059880239521
3 0.9359504132231405 0.49850299401197606 0.12396694214876033 0.9970059880239521
2 0.4896694214876033 0.5389221556886228 0.024793388429752067 0.03592814371257485
2 0.5289256198347108 0.47604790419161674 0.024793388429752067 0.03592814371257485
2 0.5547520661157025 0.33682634730538924 0.022727272727272728 0.03293413173652695
2 0.8791322314049587 0.025449101796407185 0.026859504132231406 0.038922155688622756
2 0.4049586776859504 0.4356287425149701 0.024793388429752067 0.03293413173652695
5 0.44834710743801653 0.5913173652694611 0.02066115702479339 0.03293413173652695
5 0.8543388429752066 0.019461077844311378 0.026859504132231406 0.03293413173652695
0 0.44111570247933884 0.4820359281437126 0.022727272727272728 0.03592814371257485
0 0.22107438016528927 0.44610778443113774 0.024793388429752067 0.03592814371257485
1 0.18181818181818182 0.4565868263473054 0.024793388429752067 0.038922155688622756
1 0.46487603305785125 0.6122754491017964 0.02066115702479339 0.03293413173652695
1 0.5444214876033058 0.4251497005988024 0.022727272727272728 0.03592814371257485
1 0.5320247933884298 0.3008982035928144 0.022727272727272728 0.038922155688622756
1 0.493801652892562 0.3158682634730539 0.024793388429752067 0.038922155688622756
4 0.47210743801652894 0.344311377245509 0.010330578512396695 0.011976047904191617