3 0.9342105263157895 0.08544303797468354 0.12719298245614036 0.17088607594936708
2 0.7796052631578947 0.7958860759493671 0.02850877192982456 0.04113924050632911
2 0.8530701754385965 0.7167721518987342 0.03070175438596491 0.04113924050632911
2 0.8179824561403509 0.6661392405063291 0.03070175438596491 0.03481012658227848
2 0.6414473684210527 0.6772151898734177 0.02412280701754386 0.0379746835443038
2 0.5701754385964912 0.6756329113924051 0.02631578947368421 0.03481012658227848
5 0.6337719298245614 0.8291139240506329 0.021929824561403508 0.03164556962025317
5 0.7609649122807017 0.5917721518987342 0.02631578947368421 0.03164556962025317
0 0.6842105263157895 0.694620253164557 0.021929824561403508 0.03481012658227848
0 0.5964912280701754 0.8132911392405063 0.021929824561403508 0.0379746835443038
1 0.6622807017543859 0.6962025316455697 0.021929824561403508 0.0379746835443038
1 0.6831140350877193 0.810126582278481 0.02412280701754386 0.0379746835443038
1 0.6502192982456141 0.8006329113924051 0.02412280701754386 0.03164556962025317
1 0.6052631578947368 0.8560126582278481 0.02631578947368421 0.03481012658227848
1 0.5614035087719298 0.7784810126582279 0.021929824561403508 0.03164556962025317
4 0.5800438596491229 0.8180379746835443 0.010964912280701754 0.015822784810126583
3 0.9375 0.694620253164557 0.1206140350877193 0.6044303797468354