3 0.9776785714285714 0.5 0.04017857142857143 1
3 0.030133928571428572 0.49838709677419357 0.05580357142857143 0.9967741935483871
2 0.4732142857142857 0.5612903225806452 0.026785714285714284 0.03870967741935484
2 0.43080357142857145 0.4935483870967742 0.026785714285714284 0.03870967741935484
2 0.4029017857142857 0.3435483870967742 0.024553571428571428 0.035483870967741936
2 0.05133928571428571 0.016129032258064516 0.03125 0.03225806451612903
2 0.5647321428571429 0.45 0.026785714285714284 0.035483870967741936
5 0.5178571428571429 0.617741935483871 0.022321428571428572 0.035483870967741936
5 0.078125 0.01129032258064516 0.03125 0.02258064516129032
0 0.5256696428571429 0.5 0.024553571428571428 0.03870967741935484
0 0.7633928571428571 0.4612903225806452 0.026785714285714284 0.03870967741935484
1 0.8058035714285714 0.47258064516129034 0.026785714285714284 0.041935483870967745
1 0.5 0.6403225806451613 0.022321428571428572 0.035483870967741936
1 0.4140625 0.43870967741935485 0.024553571428571428 0.03870967741935484
1 0.42745535714285715 0.30483870967741933 0.024553571428571428 0.041935483870967745
1 0.46875 0.3209677419354839 0.026785714285714284 0.041935483870967745
4 0.4921875 0.35161290322580646 0.011160714285714286 0.012903225806451613