3 0.9556818181818182 0.9457236842105263 0.08863636363636364 0.10197368421052631
2 0.8170454545454545 0.2450657894736842 0.029545454545454545 0.04276315789473684
2 0.8931818181818182 0.32730263157894735 0.031818181818181815 0.04276315789473684
2 0.8568181818181818 0.37993421052631576 0.031818181818181815 0.03618421052631579
2 0.6738636363636363 0.3684210526315789 0.025 0.039473684210526314
2 0.6 0.37006578947368424 0.02727272727272727 0.03618421052631579
5 0.6659090909090909 0.21052631578947367 0.022727272727272728 0.03289473684210526
5 0.7977272727272727 0.45723684210526316 0.02727272727272727 0.03289473684210526
0 0.7181818181818181 0.3503289473684211 0.022727272727272728 0.03618421052631579
0 0.6272727272727273 0.22697368421052633 0.022727272727272728 0.039473684210526314
1 0.6954545454545454 0.34868421052631576 0.022727272727272728 0.039473684210526314
1 0.7170454545454545 0.23026315789473684 0.025 0.039473684210526314
1 0.6829545454545455 0.24013157894736842 0.025 0.03289473684210526
1 0.6363636363636364 0.1825657894736842 0.02727272727272727 0.03618421052631579
1 0.5909090909090909 0.2631578947368421 0.022727272727272728 0.03289473684210526
4 0.6102272727272727 0.22203947368421054 0.011363636363636364 0.01644736842105263
3 0.9579545454545455 0.3338815789473684 0.07954545454545454 0.6611842105263158