3 0.9805045871559633 0.5 0.034403669724770644 1
2 0.2545871559633027 0.875 0.027522935779816515 0.03666666666666667
2 0.30045871559633025 0.8433333333333334 0.022935779816513763 0.03333333333333333
2 0.3176605504587156 0.7783333333333333 0.02522935779816514 0.03
2 0.31995412844036697 0.725 0.02522935779816514 0.03666666666666667
2 0.0860091743119266 0.575 0.02981651376146789 0.03666666666666667
5 0.16628440366972477 0.73 0.02522935779816514 0.03333333333333333
5 0.22935779816513763 0.7 0.022935779816513763 0.03333333333333333
0 0.17775229357798164 0.6983333333333334 0.02522935779816514 0.03
0 0.17087155963302753 0.64 0.02522935779816514 0.03333333333333333
1 0.2511467889908257 0.69 0.02522935779816514 0.03333333333333333
1 0.1823394495412844 0.6683333333333333 0.02522935779816514 0.03
1 0.08944954128440367 0.6233333333333333 0.027522935779816515 0.03333333333333333
1 0.31880733944954126 0.815 0.027522935779816515 0.03666666666666667
1 0.2798165137614679 0.8583333333333333 0.027522935779816515 0.03666666666666667
4 0.08830275229357798 0.5983333333333334 0.011467889908256881 0.016666666666666666