3 0.014893617021276596 0.4984567901234568 0.029787234042553193 0.9969135802469136
3 0.9414893617021277 0.31790123456790126 0.1127659574468085 0.6358024691358025
2 0.4074468085106383 0.7932098765432098 0.023404255319148935 0.037037037037037035
2 0.451063829787234 0.7376543209876543 0.02127659574468085 0.030864197530864196
2 0.6170212765957447 0.5725308641975309 0.02553191489361702 0.033950617283950615
2 0.723404255319149 0.5802469135802469 0.02553191489361702 0.037037037037037035
2 0.9053191489361702 0.7685185185185185 0.027659574468085105 0.037037037037037035
5 0.6393617021276595 0.5077160493827161 0.023404255319148935 0.033950617283950615
5 0.7223404255319149 0.5370370370370371 0.023404255319148935 0.030864197530864196
0 0.5 0.5895061728395061 0.02553191489361702 0.037037037037037035
0 0.41382978723404257 0.6265432098765432 0.023404255319148935 0.037037037037037035
1 0.6914893617021277 0.5030864197530864 0.02127659574468085 0.030864197530864196
1 0.6882978723404255 0.5370370370370371 0.023404255319148935 0.037037037037037035
1 0.6510638297872341 0.5354938271604939 0.02127659574468085 0.033950617283950615
1 0.9053191489361702 0.6450617283950617 0.027659574468085105 0.037037037037037035
1 0.8978723404255319 0.8317901234567902 0.02553191489361702 0.040123456790123455
4 0.475531914893617 0.7052469135802469 0.010638297872340425 0.015432098765432098
3 0.9478723404255319 0.7098765432098766 0.1 0.09259259259259259
3 0.9446808510638298 0.9243827160493827 0.10638297872340426 0.14506172839506173