3 0.01882845188284519 0.4984848484848485 0.03765690376569038 0.996969696969697
3 0.9382845188284519 0.3196969696969697 0.1192468619246862 0.6393939393939394
2 0.4089958158995816 0.793939393939394 0.02301255230125523 0.03636363636363636
2 0.45188284518828453 0.7393939393939394 0.02092050209205021 0.030303030303030304
2 0.6150627615062761 0.5772727272727273 0.02510460251046025 0.03333333333333333
2 0.7196652719665272 0.5848484848484848 0.02510460251046025 0.03636363636363636
2 0.8985355648535565 0.7696969696969697 0.027196652719665274 0.03636363636363636
5 0.6370292887029289 0.5136363636363637 0.02301255230125523 0.03333333333333333
5 0.7186192468619247 0.5424242424242425 0.02301255230125523 0.030303030303030304
0 0.5 0.593939393939394 0.02510460251046025 0.03636363636363636
0 0.41527196652719667 0.6303030303030303 0.02301255230125523 0.03636363636363636
1 0.6882845188284519 0.509090909090909 0.02092050209205021 0.030303030303030304
1 0.6851464435146444 0.5424242424242425 0.02301255230125523 0.03636363636363636
1 0.6485355648535565 0.5409090909090909 0.02092050209205021 0.03333333333333333
1 0.8985355648535565 0.6484848484848484 0.027196652719665274 0.03636363636363636
1 0.891213389121339 0.8318181818181818 0.02510460251046025 0.03939393939393939
4 0.47594142259414224 0.7075757575757575 0.010460251046025104 0.015151515151515152
3 0.944560669456067 0.7121212121212122 0.10669456066945607 0.09090909090909091
3 0.9414225941422594 0.9242424242424242 0.11297071129707113 0.14545454545454545