3 0.9892241379310345 0.5 0.017241379310344827 0.99375
3 0.05387931034482758 0.5 0.10344827586206896 0.99375
2 0.3146551724137931 0.1234375 0.02586206896551724 0.034375
2 0.3577586206896552 0.153125 0.021551724137931036 0.03125
2 0.3739224137931034 0.2140625 0.023706896551724137 0.028125
2 0.3760775862068966 0.2640625 0.023706896551724137 0.034375
2 0.15625 0.4046875 0.028017241379310345 0.034375
5 0.23168103448275862 0.259375 0.023706896551724137 0.03125
5 0.29094827586206895 0.2875 0.021551724137931036 0.03125
0 0.24245689655172414 0.2890625 0.023706896551724137 0.028125
0 0.23599137931034483 0.34375 0.023706896551724137 0.03125
1 0.3114224137931034 0.296875 0.023706896551724137 0.03125
1 0.24676724137931033 0.3171875 0.023706896551724137 0.028125
1 0.15948275862068967 0.359375 0.02586206896551724 0.03125
1 0.375 0.1796875 0.02586206896551724 0.034375
1 0.33836206896551724 0.1390625 0.02586206896551724 0.034375
4 0.1584051724137931 0.3828125 0.010775862068965518 0.015625