3 0.9473094170403588 0.18831168831168832 0.10089686098654709 0.37662337662337664
2 0.804932735426009 0.797077922077922 0.03139013452914798 0.04220779220779221
2 0.5896860986547086 0.6737012987012987 0.02242152466367713 0.03571428571428571
2 0.6625560538116592 0.6753246753246753 0.02466367713004484 0.03896103896103896
2 0.8419282511210763 0.663961038961039 0.02914798206278027 0.03571428571428571
2 0.8789237668161435 0.7175324675324676 0.026905829596412557 0.03896103896103896
5 0.7858744394618834 0.5876623376623377 0.02466367713004484 0.032467532467532464
5 0.8721973094170403 0.8863636363636364 0.026905829596412557 0.032467532467532464
0 0.7410313901345291 0.7142857142857143 0.02466367713004484 0.032467532467532464
0 0.7096412556053812 0.6753246753246753 0.02466367713004484 0.032467532467532464
1 0.5795964125560538 0.7808441558441559 0.02466367713004484 0.03571428571428571
1 0.6827354260089686 0.6931818181818182 0.02466367713004484 0.03571428571428571
1 0.7679372197309418 0.7191558441558441 0.02466367713004484 0.03571428571428571
1 0.8105381165919282 0.8376623376623377 0.02466367713004484 0.032467532467532464
1 0.8475336322869955 0.952922077922078 0.026905829596412557 0.03571428571428571
4 0.6423766816143498 0.6834415584415584 0.011210762331838564 0.016233766233766232
3 0.9517937219730942 0.7337662337662337 0.09192825112107623 0.525974025974026