3 0.049107142857142856 0.8290322580645161 0.09375 0.33548387096774196
2 0.18526785714285715 0.2435483870967742 0.03125 0.041935483870967745
2 0.39955357142857145 0.36612903225806454 0.022321428571428572 0.035483870967741936
2 0.32700892857142855 0.36451612903225805 0.024553571428571428 0.03870967741935484
2 0.1484375 0.3758064516129032 0.029017857142857144 0.035483870967741936
2 0.11160714285714286 0.3225806451612903 0.026785714285714284 0.03870967741935484
5 0.20424107142857142 0.45161290322580644 0.024553571428571428 0.03225806451612903
5 0.11830357142857142 0.15483870967741936 0.026785714285714284 0.03225806451612903
0 0.24888392857142858 0.3258064516129032 0.024553571428571428 0.03225806451612903
0 0.28013392857142855 0.36451612903225805 0.024553571428571428 0.03225806451612903
1 0.4095982142857143 0.25967741935483873 0.024553571428571428 0.035483870967741936
1 0.30691964285714285 0.3467741935483871 0.024553571428571428 0.035483870967741936
1 0.22209821428571427 0.3209677419354839 0.024553571428571428 0.035483870967741936
1 0.1796875 0.2032258064516129 0.024553571428571428 0.03225806451612903
1 0.14285714285714285 0.08870967741935484 0.026785714285714284 0.035483870967741936
4 0.3470982142857143 0.3564516129032258 0.011160714285714286 0.016129032258064516
3 0.04352678571428571 0.2854838709677419 0.08258928571428571 0.5645161290322581