3 0.020833333333333332 0.4984848484848485 0.041666666666666664 0.996969696969697
3 0.9427083333333334 0.1893939393939394 0.11041666666666666 0.3787878787878788
2 0.8020833333333334 0.7712121212121212 0.029166666666666667 0.03939393939393939
2 0.6020833333333333 0.656060606060606 0.020833333333333332 0.03333333333333333
2 0.6697916666666667 0.6575757575757576 0.022916666666666665 0.03636363636363636
2 0.8364583333333333 0.646969696969697 0.027083333333333334 0.03333333333333333
2 0.8708333333333333 0.696969696969697 0.025 0.03636363636363636
5 0.784375 0.5757575757575758 0.022916666666666665 0.030303030303030304
5 0.8645833333333334 0.8545454545454545 0.025 0.030303030303030304
0 0.7427083333333333 0.693939393939394 0.022916666666666665 0.030303030303030304
0 0.7135416666666666 0.6575757575757576 0.022916666666666665 0.030303030303030304
1 0.5927083333333333 0.7560606060606061 0.022916666666666665 0.03333333333333333
1 0.6885416666666667 0.6742424242424242 0.022916666666666665 0.03333333333333333
1 0.7677083333333333 0.6984848484848485 0.022916666666666665 0.03333333333333333
1 0.8072916666666666 0.8090909090909091 0.022916666666666665 0.030303030303030304
1 0.8416666666666667 0.9166666666666666 0.025 0.03333333333333333
4 0.6510416666666666 0.6651515151515152 0.010416666666666666 0.015151515151515152
3 0.946875 0.7318181818181818 0.10208333333333333 0.5303030303030303