3 0.023504273504273504 0.5 0.04700854700854701 0.9937888198757764
3 0.9572649572649573 0.9285714285714286 0.08547008547008547 0.13664596273291926
3 0.9594017094017094 0.32142857142857145 0.07692307692307693 0.6366459627329193
4 0.592948717948718 0.2717391304347826 0.010683760683760684 0.015527950310559006
1 0.6538461538461539 0.4922360248447205 0.021367521367521368 0.034161490683229816
1 0.6057692307692307 0.34782608695652173 0.023504273504273504 0.031055900621118012
1 0.6004273504273504 0.2375776397515528 0.021367521367521368 0.034161490683229816
1 0.6217948717948718 0.2080745341614907 0.021367521367521368 0.031055900621118012
1 0.6506410256410257 0.20341614906832298 0.019230769230769232 0.027950310559006212
0 0.6132478632478633 0.30434782608695654 0.021367521367521368 0.031055900621118012
0 0.5801282051282052 0.18012422360248448 0.019230769230769232 0.031055900621118012
5 0.8899572649572649 0.14285714285714285 0.023504273504273504 0.031055900621118012
5 0.6239316239316239 0.42857142857142855 0.021367521367521368 0.031055900621118012
2 0.8600427350427351 0.35714285714285715 0.023504273504273504 0.031055900621118012
2 0.8952991452991453 0.3059006211180124 0.02564102564102564 0.034161490683229816
2 0.6292735042735043 0.34006211180124224 0.023504273504273504 0.034161490683229816
2 0.5726495726495726 0.36645962732919257 0.021367521367521368 0.031055900621118012
2 0.6442307692307693 0.2686335403726708 0.023504273504273504 0.034161490683229816