3 0.0546875 0.49838709677419357 0.10491071428571429 0.9967741935483871
2 0.014508928571428572 0.03870967741935484 0.024553571428571428 0.05161290322580645
2 0.45089285714285715 0.3241935483870968 0.022321428571428572 0.035483870967741936
2 0.48214285714285715 0.4806451612903226 0.026785714285714284 0.03870967741935484
2 0.5223214285714286 0.5435483870967742 0.026785714285714284 0.041935483870967745
2 0.6160714285714286 0.4338709677419355 0.026785714285714284 0.035483870967741936
5 0.171875 0.23709677419354838 0.03125 0.035483870967741936
5 0.5658482142857143 0.6 0.020089285714285716 0.03225806451612903
0 0.5747767857142857 0.482258064516129 0.024553571428571428 0.035483870967741936
0 0.5479910714285714 0.55 0.020089285714285716 0.035483870967741936
1 0.5491071428571429 0.6225806451612903 0.022321428571428572 0.03225806451612903
1 0.6227678571428571 0.4661290322580645 0.022321428571428572 0.035483870967741936
1 0.46651785714285715 0.45161290322580644 0.022321428571428572 0.03225806451612903
1 0.5167410714285714 0.3032258064516129 0.024553571428571428 0.03870967741935484
1 0.4765625 0.2870967741935484 0.024553571428571428 0.03870967741935484
4 0.5412946428571429 0.33548387096774196 0.011160714285714286 0.012903225806451613