3 0.06304347826086956 0.49841772151898733 0.12173913043478261 0.9968354430379747
2 0.029347826086956522 0.020569620253164556 0.03260869565217391 0.04113924050632911
2 0.45869565217391306 0.2958860759493671 0.021739130434782608 0.03481012658227848
2 0.4891304347826087 0.44936708860759494 0.02608695652173913 0.0379746835443038
2 0.5282608695652173 0.5110759493670886 0.02608695652173913 0.04113924050632911
2 0.6195652173913043 0.40348101265822783 0.02608695652173913 0.03481012658227848
5 0.18695652173913044 0.21044303797468356 0.030434782608695653 0.03481012658227848
5 0.5706521739130435 0.5664556962025317 0.01956521739130435 0.03164556962025317
0 0.5793478260869566 0.4509493670886076 0.02391304347826087 0.03481012658227848
0 0.5532608695652174 0.5174050632911392 0.01956521739130435 0.03481012658227848
1 0.5543478260869565 0.5886075949367089 0.021739130434782608 0.03164556962025317
1 0.6260869565217392 0.435126582278481 0.021739130434782608 0.03481012658227848
1 0.47391304347826085 0.4208860759493671 0.021739130434782608 0.03164556962025317
1 0.5228260869565218 0.27531645569620256 0.02391304347826087 0.0379746835443038
1 0.483695652173913 0.25949367088607594 0.02391304347826087 0.0379746835443038
4 0.5467391304347826 0.3069620253164557 0.010869565217391304 0.012658227848101266