3 0.02109704641350211 0.5 0.04219409282700422 0.9939024390243902
3 0.95042194092827 0.5 0.09915611814345991 0.9939024390243902
2 0.8818565400843882 0.3079268292682927 0.02531645569620253 0.036585365853658534
2 0.8470464135021097 0.35823170731707316 0.027426160337552744 0.03353658536585366
2 0.6339662447257384 0.27439024390243905 0.023206751054852322 0.036585365853658534
2 0.6181434599156118 0.3429878048780488 0.02531645569620253 0.03353658536585366
2 0.5643459915611815 0.36585365853658536 0.023206751054852322 0.03048780487804878
5 0.8755274261603375 0.15091463414634146 0.02531645569620253 0.03353658536585366
5 0.5506329113924051 0.39176829268292684 0.02109704641350211 0.03353658536585366
0 0.6044303797468354 0.3079268292682927 0.023206751054852322 0.03048780487804878
0 0.5717299578059072 0.18445121951219512 0.02109704641350211 0.03353658536585366
1 0.5896624472573839 0.2423780487804878 0.023206751054852322 0.03353658536585366
1 0.6118143459915611 0.2149390243902439 0.02109704641350211 0.03353658536585366
1 0.640295358649789 0.20884146341463414 0.023206751054852322 0.03353658536585366
1 0.5959915611814346 0.3475609756097561 0.023206751054852322 0.024390243902439025
1 0.6455696202531646 0.4893292682926829 0.02109704641350211 0.03353658536585366
4 0.5833333333333334 0.2759146341463415 0.010548523206751054 0.01524390243902439