3 0.9802904564315352 0.5 0.035269709543568464 1
3 0.05912863070539419 0.49849397590361444 0.11410788381742738 0.9969879518072289
2 0.13485477178423236 0.6927710843373494 0.024896265560165973 0.03614457831325301
2 0.1690871369294606 0.6430722891566265 0.026970954356846474 0.03313253012048193
2 0.37863070539419086 0.7259036144578314 0.022821576763485476 0.03614457831325301
2 0.3941908713692946 0.6581325301204819 0.024896265560165973 0.03313253012048193
2 0.4470954356846473 0.6355421686746988 0.022821576763485476 0.030120481927710843
5 0.14107883817427386 0.8478915662650602 0.024896265560165973 0.03313253012048193
5 0.4605809128630705 0.6099397590361446 0.02074688796680498 0.03313253012048193
0 0.40767634854771784 0.6927710843373494 0.022821576763485476 0.030120481927710843
0 0.43983402489626555 0.8147590361445783 0.02074688796680498 0.03313253012048193
1 0.4221991701244813 0.7575301204819277 0.022821576763485476 0.03313253012048193
1 0.4004149377593361 0.7846385542168675 0.02074688796680498 0.03313253012048193
1 0.3724066390041494 0.7906626506024096 0.022821576763485476 0.03313253012048193
1 0.41597510373443985 0.6536144578313253 0.022821576763485476 0.024096385542168676
1 0.36721991701244816 0.5135542168674698 0.02074688796680498 0.03313253012048193
4 0.4284232365145228 0.7243975903614458 0.01037344398340249 0.015060240963855422