3 0.022435897435897436 0.5 0.04487179487179487 0.9937888198757764
3 0.9572649572649573 0.5 0.08547008547008547 0.9937888198757764
2 0.8952991452991453 0.2919254658385093 0.02564102564102564 0.037267080745341616
2 0.8600427350427351 0.34316770186335405 0.027777777777777776 0.034161490683229816
2 0.6442307692307693 0.2577639751552795 0.023504273504273504 0.037267080745341616
2 0.6282051282051282 0.327639751552795 0.02564102564102564 0.034161490683229816
2 0.5737179487179487 0.35093167701863354 0.023504273504273504 0.031055900621118012
5 0.8888888888888888 0.13198757763975155 0.02564102564102564 0.034161490683229816
5 0.5598290598290598 0.37732919254658387 0.021367521367521368 0.034161490683229816
0 0.6143162393162394 0.2919254658385093 0.023504273504273504 0.031055900621118012
0 0.5811965811965812 0.16614906832298137 0.021367521367521368 0.034161490683229816
1 0.5993589743589743 0.2251552795031056 0.023504273504273504 0.034161490683229816
1 0.6217948717948718 0.1972049689440994 0.021367521367521368 0.034161490683229816
1 0.6506410256410257 0.19099378881987578 0.023504273504273504 0.034161490683229816
1 0.6057692307692307 0.33229813664596275 0.023504273504273504 0.024844720496894408
1 0.655982905982906 0.4767080745341615 0.021367521367521368 0.034161490683229816
4 0.592948717948718 0.2593167701863354 0.010683760683760684 0.015527950310559006