3 0.9391592920353983 0.5 0.12168141592920353 0.9935897435897436
2 0.5287610619469026 0.36378205128205127 0.022123893805309734 0.035256410256410256
2 0.5862831858407079 0.3349358974358974 0.022123893805309734 0.035256410256410256
2 0.6017699115044248 0.26121794871794873 0.022123893805309734 0.035256410256410256
2 0.8263274336283186 0.34935897435897434 0.024336283185840708 0.03205128205128205
2 0.8606194690265486 0.29967948717948717 0.02654867256637168 0.035256410256410256
5 0.8539823008849557 0.13141025641025642 0.02654867256637168 0.03205128205128205
5 0.5342920353982301 0.266025641025641 0.01991150442477876 0.03205128205128205
0 0.5707964601769911 0.296474358974359 0.022123893805309734 0.028846153846153848
0 0.5353982300884956 0.16987179487179488 0.022123893805309734 0.03205128205128205
1 0.6117256637168141 0.49038461538461536 0.024336283185840708 0.03205128205128205
1 0.6073008849557522 0.19230769230769232 0.01991150442477876 0.03205128205128205
1 0.5785398230088495 0.1971153846153846 0.01991150442477876 0.028846153846153848
1 0.5564159292035398 0.22756410256410256 0.01991150442477876 0.03205128205128205
1 0.5630530973451328 0.34134615384615385 0.01991150442477876 0.028846153846153848
4 0.5486725663716814 0.2644230769230769 0.008849557522123894 0.016025641025641024