3 0.051535087719298246 0.5 0.09868421052631579 0.9936708860759493
2 0.4451754385964912 0.3370253164556962 0.021929824561403508 0.03481012658227848
2 0.3881578947368421 0.30854430379746833 0.021929824561403508 0.03481012658227848
2 0.37280701754385964 0.23575949367088608 0.021929824561403508 0.03481012658227848
2 0.15021929824561403 0.3227848101265823 0.02412280701754386 0.03164556962025317
2 0.1162280701754386 0.2737341772151899 0.02631578947368421 0.03481012658227848
5 0.12280701754385964 0.10759493670886076 0.02631578947368421 0.03164556962025317
5 0.43969298245614036 0.24050632911392406 0.019736842105263157 0.03164556962025317
0 0.40350877192982454 0.27056962025316456 0.021929824561403508 0.028481012658227847
0 0.43859649122807015 0.14556962025316456 0.021929824561403508 0.03164556962025317
1 0.36293859649122806 0.4620253164556962 0.02412280701754386 0.03164556962025317
1 0.3673245614035088 0.16772151898734178 0.019736842105263157 0.03164556962025317
1 0.3958333333333333 0.17246835443037975 0.019736842105263157 0.028481012658227847
1 0.41776315789473684 0.20253164556962025 0.019736842105263157 0.03164556962025317
1 0.41118421052631576 0.314873417721519 0.019736842105263157 0.028481012658227847
4 0.42543859649122806 0.2389240506329114 0.008771929824561403 0.015822784810126583