3 0.021875 0.5 0.04375 0.9939393939393939
3 0.9447916666666667 0.5 0.11041666666666666 0.9939393939393939
2 0.5604166666666667 0.3621212121212121 0.020833333333333332 0.03333333333333333
2 0.6145833333333334 0.33484848484848484 0.020833333333333332 0.03333333333333333
2 0.6291666666666667 0.26515151515151514 0.020833333333333332 0.03333333333333333
2 0.840625 0.3484848484848485 0.022916666666666665 0.030303030303030304
2 0.8729166666666667 0.3015151515151515 0.025 0.03333333333333333
5 0.8666666666666667 0.14242424242424243 0.025 0.030303030303030304
5 0.565625 0.2696969696969697 0.01875 0.030303030303030304
0 0.6 0.29848484848484846 0.020833333333333332 0.02727272727272727
0 0.5666666666666667 0.1787878787878788 0.020833333333333332 0.030303030303030304
1 0.6385416666666667 0.4818181818181818 0.022916666666666665 0.030303030303030304
1 0.634375 0.2 0.01875 0.030303030303030304
1 0.6072916666666667 0.20454545454545456 0.01875 0.02727272727272727
1 0.5864583333333333 0.23333333333333334 0.01875 0.030303030303030304
1 0.5927083333333333 0.3409090909090909 0.01875 0.02727272727272727
4 0.5791666666666667 0.2681818181818182 0.008333333333333333 0.015151515151515152