3 0.021300448430493273 0.5 0.042600896860986545 0.9935064935064936
3 0.9697309417040358 0.5 0.06053811659192825 0.9935064935064936
2 0.5280269058295964 0.41883116883116883 0.02466367713004484 0.03896103896103896
2 0.5683856502242153 0.4805194805194805 0.02466367713004484 0.03896103896103896
2 0.5986547085201793 0.6347402597402597 0.02242152466367713 0.03571428571428571
2 0.4327354260089686 0.5275974025974026 0.026905829596412557 0.03571428571428571
5 0.6390134529147982 0.6396103896103896 0.026905829596412557 0.03896103896103896
5 0.484304932735426 0.36038961038961037 0.02242152466367713 0.032467532467532464
0 0.4742152466367713 0.4788961038961039 0.02466367713004484 0.03571428571428571
0 0.5011210762331838 0.413961038961039 0.02466367713004484 0.04220779220779221
1 0.531390134529148 0.6574675324675324 0.026905829596412557 0.04220779220779221
1 0.5739910313901345 0.6737012987012987 0.026905829596412557 0.04220779220779221
1 0.5818385650224215 0.5097402597402597 0.02466367713004484 0.03896103896103896
1 0.4260089686098655 0.49512987012987014 0.02242152466367713 0.03571428571428571
1 0.49887892376681614 0.336038961038961 0.02466367713004484 0.03571428571428571
4 0.507847533632287 0.6266233766233766 0.011210762331838564 0.012987012987012988