3 0.98125 0.5 0.03333333333333333 1
3 0.065625 0.4984848484848485 0.12708333333333333 0.996969696969697
2 0.5114583333333333 0.5333333333333333 0.022916666666666665 0.03636363636363636
2 0.4739583333333333 0.47575757575757577 0.022916666666666665 0.03636363636363636
2 0.44583333333333336 0.33181818181818185 0.020833333333333332 0.03333333333333333
2 0.6 0.4318181818181818 0.025 0.03333333333333333
2 0.035416666666666666 0.05757575757575758 0.029166666666666667 0.04242424242424243
5 0.4083333333333333 0.32727272727272727 0.025 0.03636363636363636
5 0.5520833333333334 0.5878787878787879 0.020833333333333332 0.030303030303030304
0 0.5614583333333333 0.4772727272727273 0.022916666666666665 0.03333333333333333
0 0.5364583333333334 0.5378787878787878 0.022916666666666665 0.03939393939393939
1 0.5083333333333333 0.3106060606060606 0.025 0.03939393939393939
1 0.46875 0.29545454545454547 0.025 0.03939393939393939
1 0.46145833333333336 0.4484848484848485 0.022916666666666665 0.03636363636363636
1 0.60625 0.4621212121212121 0.020833333333333332 0.03333333333333333
1 0.5385416666666667 0.6106060606060606 0.022916666666666665 0.03333333333333333
4 0.5302083333333333 0.3393939393939394 0.010416666666666666 0.012121212121212121