3 0.9854166666666667 0.5 0.025 0.9939393939393939
3 0.06458333333333334 0.896969696969697 0.125 0.2
2 0.14166666666666666 0.30606060606060603 0.029166666666666667 0.03636363636363636
2 0.175 0.35454545454545455 0.029166666666666667 0.03636363636363636
2 0.16354166666666667 0.396969696969697 0.03125 0.03636363636363636
2 0.4010416666666667 0.3409090909090909 0.022916666666666665 0.03939393939393939
2 0.453125 0.36818181818181817 0.022916666666666665 0.03333333333333333
5 0.44895833333333335 0.27575757575757576 0.022916666666666665 0.030303030303030304
5 0.14791666666666667 0.15 0.025 0.03333333333333333
0 0.2875 0.3696969696969697 0.020833333333333332 0.030303030303030304
0 0.4166666666666667 0.31666666666666665 0.020833333333333332 0.02727272727272727
1 0.41875 0.2818181818181818 0.020833333333333332 0.030303030303030304
1 0.41770833333333335 0.19393939393939394 0.022916666666666665 0.03636363636363636
1 0.30520833333333336 0.2196969696969697 0.022916666666666665 0.03333333333333333
1 0.21145833333333333 0.2924242424242424 0.022916666666666665 0.03333333333333333
1 0.42291666666666666 0.3484848484848485 0.020833333333333332 0.030303030303030304
4 0.434375 0.31363636363636366 0.010416666666666666 0.015151515151515152
3 0.059375 0.30454545454545456 0.11458333333333333 0.603030303030303