3 0.9851063829787234 0.5 0.02553191489361702 1
3 0.05425531914893617 0.09567901234567901 0.10425531914893617 0.19135802469135801
2 0.12340425531914893 0.691358024691358 0.029787234042553193 0.037037037037037035
2 0.1574468085106383 0.6419753086419753 0.029787234042553193 0.037037037037037035
2 0.14574468085106382 0.5987654320987654 0.031914893617021274 0.037037037037037035
2 0.3882978723404255 0.6558641975308642 0.023404255319148935 0.040123456790123455
2 0.44148936170212766 0.6280864197530864 0.023404255319148935 0.033950617283950615
5 0.4372340425531915 0.7222222222222222 0.023404255319148935 0.030864197530864196
5 0.12978723404255318 0.8503086419753086 0.02553191489361702 0.033950617283950615
0 0.2723404255319149 0.6265432098765432 0.02127659574468085 0.030864197530864196
0 0.40425531914893614 0.6805555555555556 0.02127659574468085 0.027777777777777776
1 0.40638297872340423 0.7160493827160493 0.02127659574468085 0.030864197530864196
1 0.4053191489361702 0.8055555555555556 0.023404255319148935 0.037037037037037035
1 0.2904255319148936 0.779320987654321 0.023404255319148935 0.033950617283950615
1 0.1946808510638298 0.7052469135802469 0.023404255319148935 0.033950617283950615
1 0.4106382978723404 0.6481481481481481 0.02127659574468085 0.030864197530864196
4 0.4223404255319149 0.683641975308642 0.010638297872340425 0.015432098765432098
3 0.05 0.691358024691358 0.09574468085106383 0.6111111111111112