3 0.9780334728033473 0.5 0.0397489539748954 1
3 0.0596234309623431 0.4984848484848485 0.11506276150627615 0.996969696969697
2 0.5052301255230126 0.5424242424242425 0.02301255230125523 0.03636363636363636
2 0.4675732217573222 0.4818181818181818 0.02301255230125523 0.03636363636363636
2 0.4320083682008368 0.4727272727272727 0.02301255230125523 0.04242424242424243
2 0.4581589958158996 0.3303030303030303 0.02092050209205021 0.030303030303030304
2 0.5899581589958159 0.43636363636363634 0.02510460251046025 0.03636363636363636
5 0.44037656903765693 0.37424242424242427 0.02301255230125523 0.03333333333333333
5 0.5439330543933054 0.593939393939394 0.02092050209205021 0.030303030303030304
0 0.5292887029288703 0.5454545454545454 0.02092050209205021 0.03636363636363636
0 0.553347280334728 0.48484848484848486 0.02301255230125523 0.03636363636363636
1 0.5292887029288703 0.6151515151515151 0.02092050209205021 0.030303030303030304
1 0.5993723849372385 0.4681818181818182 0.01882845188284519 0.03333333333333333
1 0.45502092050209203 0.45606060606060606 0.01882845188284519 0.03333333333333333
1 0.4989539748953975 0.3151515151515151 0.02301255230125523 0.03636363636363636
1 0.46129707112970714 0.296969696969697 0.02301255230125523 0.03636363636363636
4 0.5219665271966527 0.34545454545454546 0.010460251046025104 0.012121212121212121