3 0.013452914798206279 0.49837662337662336 0.026905829596412557 0.9967532467532467
3 0.9630044843049327 0.49837662337662336 0.06950672645739911 0.9967532467532467
2 0.5123318385650224 0.5357142857142857 0.02466367713004484 0.03896103896103896
2 0.5526905829596412 0.4707792207792208 0.02466367713004484 0.03896103896103896
2 0.5908071748878924 0.461038961038961 0.02466367713004484 0.045454545454545456
2 0.5627802690582959 0.30844155844155846 0.02242152466367713 0.032467532467532464
2 0.42152466367713004 0.42207792207792205 0.026905829596412557 0.03896103896103896
5 0.5818385650224215 0.3555194805194805 0.02466367713004484 0.03571428571428571
5 0.47085201793721976 0.5909090909090909 0.02242152466367713 0.032467532467532464
0 0.48654708520179374 0.538961038961039 0.02242152466367713 0.03896103896103896
0 0.460762331838565 0.474025974025974 0.02466367713004484 0.03896103896103896
1 0.48654708520179374 0.6136363636363636 0.02242152466367713 0.032467532467532464
1 0.41143497757847536 0.45616883116883117 0.020179372197309416 0.03571428571428571
1 0.5661434977578476 0.4431818181818182 0.020179372197309416 0.03571428571428571
1 0.5190582959641256 0.2922077922077922 0.02466367713004484 0.03896103896103896
1 0.5594170403587444 0.2727272727272727 0.02466367713004484 0.03896103896103896
4 0.4943946188340807 0.3246753246753247 0.011210762331838564 0.012987012987012988