3 0.02101769911504425 0.4983974358974359 0.0420353982300885 0.9967948717948718
3 0.9701327433628318 0.4983974358974359 0.05530973451327434 0.9967948717948718
2 0.5940265486725663 0.6538461538461539 0.024336283185840708 0.038461538461538464
2 0.6482300884955752 0.6506410256410257 0.02654867256637168 0.04487179487179487
2 0.6648230088495575 0.4198717948717949 0.028761061946902654 0.038461538461538464
2 0.8053097345132744 0.3717948717948718 0.02654867256637168 0.038461538461538464
2 0.9236725663716814 0.7163461538461539 0.028761061946902654 0.041666666666666664
5 0.6139380530973452 0.7163461538461539 0.024336283185840708 0.035256410256410256
5 0.918141592920354 0.8830128205128205 0.02654867256637168 0.035256410256410256
0 0.37057522123893805 0.8974358974358975 0.024336283185840708 0.038461538461538464
0 0.7688053097345132 0.6506410256410257 0.024336283185840708 0.038461538461538464
1 0.6283185840707964 0.7467948717948718 0.022123893805309734 0.038461538461538464
1 0.6272123893805309 0.6746794871794872 0.024336283185840708 0.035256410256410256
1 0.7511061946902655 0.8092948717948718 0.024336283185840708 0.035256410256410256
1 0.8495575221238938 0.7323717948717948 0.022123893805309734 0.035256410256410256
1 0.6570796460176991 0.7948717948717948 0.02654867256637168 0.038461538461538464
4 0.3561946902654867 0.9022435897435898 0.008849557522123894 0.016025641025641024