3 0.9826839826839827 0.5 0.030303030303030304 0.9937106918238994
3 0.045454545454545456 0.5 0.08658008658008658 0.9937106918238994
2 0.4274891774891775 0.37735849056603776 0.023809523809523808 0.03773584905660377
2 0.37445887445887444 0.3805031446540881 0.025974025974025976 0.0440251572327044
2 0.3582251082251082 0.6069182389937107 0.02813852813852814 0.03773584905660377
2 0.22077922077922077 0.6540880503144654 0.025974025974025976 0.03773584905660377
2 0.10497835497835498 0.3160377358490566 0.02813852813852814 0.040880503144654086
5 0.408008658008658 0.3160377358490566 0.023809523809523808 0.03459119496855346
5 0.11038961038961038 0.15251572327044025 0.025974025974025976 0.03459119496855346
0 0.6461038961038961 0.13836477987421383 0.023809523809523808 0.03773584905660377
0 0.2564935064935065 0.3805031446540881 0.023809523809523808 0.03773584905660377
1 0.3939393939393939 0.2861635220125786 0.021645021645021644 0.03773584905660377
1 0.395021645021645 0.35691823899371067 0.023809523809523808 0.03459119496855346
1 0.27380952380952384 0.2248427672955975 0.023809523809523808 0.03459119496855346
1 0.1774891774891775 0.300314465408805 0.021645021645021644 0.03459119496855346
1 0.3658008658008658 0.2389937106918239 0.025974025974025976 0.03773584905660377
4 0.6601731601731602 0.13364779874213836 0.008658008658008658 0.015723270440251572