3 0.9829059829059829 0.5 0.029914529914529916 0.9937888198757764
3 0.05128205128205128 0.5 0.09829059829059829 0.9937888198757764
2 0.43482905982905984 0.36645962732919257 0.023504273504273504 0.037267080745341616
2 0.38247863247863245 0.3695652173913043 0.02564102564102564 0.043478260869565216
2 0.36645299145299143 0.593167701863354 0.027777777777777776 0.037267080745341616
2 0.23076923076923078 0.639751552795031 0.02564102564102564 0.037267080745341616
2 0.11645299145299146 0.3059006211180124 0.027777777777777776 0.040372670807453416
5 0.4155982905982906 0.3059006211180124 0.023504273504273504 0.034161490683229816
5 0.12179487179487179 0.14440993788819875 0.02564102564102564 0.034161490683229816
0 0.6506410256410257 0.13043478260869565 0.023504273504273504 0.037267080745341616
0 0.266025641025641 0.3695652173913043 0.023504273504273504 0.037267080745341616
1 0.4017094017094017 0.27639751552795033 0.021367521367521368 0.037267080745341616
1 0.4027777777777778 0.34627329192546585 0.023504273504273504 0.034161490683229816
1 0.2831196581196581 0.21583850931677018 0.023504273504273504 0.034161490683229816
1 0.18803418803418803 0.29037267080745344 0.021367521367521368 0.034161490683229816
1 0.37393162393162394 0.22981366459627328 0.02564102564102564 0.037267080745341616
4 0.6645299145299145 0.12577639751552794 0.008547008547008548 0.015527950310559006