3 0.014008620689655173 0.5 0.028017241379310345 0.99375
3 0.9515086206896551 0.5 0.09698275862068965 0.99375
2 0.8825431034482759 0.3078125 0.028017241379310345 0.040625
2 0.6131465517241379 0.371875 0.028017241379310345 0.0375
2 0.5614224137931034 0.3703125 0.023706896551724137 0.034375
2 0.6303879310344828 0.596875 0.028017241379310345 0.0375
2 0.7672413793103449 0.64375 0.02586206896551724 0.0375
5 0.5818965517241379 0.3078125 0.021551724137931036 0.034375
5 0.8771551724137931 0.1453125 0.02586206896551724 0.034375
0 0.7316810344827587 0.3703125 0.023706896551724137 0.034375
0 0.3254310344827586 0.1078125 0.021551724137931036 0.034375
1 0.6239224137931034 0.2296875 0.023706896551724137 0.040625
1 0.5959051724137931 0.2796875 0.023706896551724137 0.034375
1 0.7144396551724138 0.2171875 0.023706896551724137 0.034375
1 0.8103448275862069 0.2921875 0.021551724137931036 0.034375
1 0.59375 0.346875 0.023706896551724137 0.0375
4 0.33189655172413796 0.1296875 0.008620689655172414 0.015625