3 0.9756637168141593 0.5 0.04424778761061947 0.9935897435897436
3 0.028761061946902654 0.5 0.05309734513274336 0.9935897435897436
2 0.07411504424778761 0.328525641025641 0.028761061946902654 0.041666666666666664
2 0.3506637168141593 0.3942307692307692 0.028761061946902654 0.038461538461538464
2 0.40376106194690264 0.3926282051282051 0.024336283185840708 0.035256410256410256
2 0.3329646017699115 0.625 0.028761061946902654 0.038461538461538464
2 0.19247787610619468 0.6730769230769231 0.02654867256637168 0.038461538461538464
5 0.3827433628318584 0.328525641025641 0.022123893805309734 0.035256410256410256
5 0.07964601769911504 0.16185897435897437 0.02654867256637168 0.035256410256410256
0 0.22898230088495575 0.3926282051282051 0.024336283185840708 0.035256410256410256
0 0.6460176991150443 0.1233974358974359 0.022123893805309734 0.035256410256410256
1 0.3396017699115044 0.2483974358974359 0.024336283185840708 0.041666666666666664
1 0.36836283185840707 0.29967948717948717 0.024336283185840708 0.035256410256410256
1 0.24668141592920353 0.23557692307692307 0.024336283185840708 0.035256410256410256
1 0.14823008849557523 0.3125 0.022123893805309734 0.035256410256410256
1 0.37057522123893805 0.3685897435897436 0.024336283185840708 0.038461538461538464
4 0.6393805309734514 0.14583333333333334 0.008849557522123894 0.016025641025641024