3 0.02027027027027027 0.5 0.04054054054054054 0.9934640522875817
3 0.9774774774774775 0.5 0.04504504504504504 0.9934640522875817
2 0.8164414414414415 0.619281045751634 0.024774774774774775 0.03594771241830065
2 0.6722972972972973 0.5702614379084967 0.024774774774774775 0.03594771241830065
2 0.5990990990990991 0.33169934640522875 0.02252252252252252 0.03594771241830065
2 0.6542792792792793 0.3333333333333333 0.024774774774774775 0.0392156862745098
2 0.9358108108108109 0.2647058823529412 0.02927927927927928 0.0392156862745098
5 0.9301801801801802 0.09640522875816994 0.02702702702702703 0.03594771241830065
5 0.6216216216216216 0.26633986928104575 0.02252252252252252 0.03594771241830065
0 0.7792792792792793 0.3333333333333333 0.02252252252252252 0.0392156862745098
1 0.6351351351351351 0.23529411764705882 0.02252252252252252 0.032679738562091505
1 0.6328828828828829 0.30718954248366015 0.02252252252252252 0.032679738562091505
1 0.6644144144144144 0.18627450980392157 0.02252252252252252 0.0392156862745098
1 0.7601351351351351 0.16993464052287582 0.02027027027027027 0.032679738562091505
1 0.8603603603603603 0.25 0.02252252252252252 0.029411764705882353