3 0.061659192825112105 0.49837662337662336 0.11883408071748879 0.9967532467532467
2 0.2589686098654709 0.3847402597402597 0.02466367713004484 0.03571428571428571
2 0.4024663677130045 0.43344155844155846 0.02466367713004484 0.03571428571428571
2 0.47533632286995514 0.6704545454545454 0.02242152466367713 0.03571428571428571
2 0.4204035874439462 0.6688311688311688 0.02466367713004484 0.03896103896103896
2 0.14013452914798205 0.737012987012987 0.02914798206278027 0.03896103896103896
5 0.14573991031390135 0.9042207792207793 0.026905829596412557 0.03571428571428571
5 0.452914798206278 0.7353896103896104 0.02242152466367713 0.03571428571428571
0 0.29596412556053814 0.6688311688311688 0.02242152466367713 0.03896103896103896
1 0.43946188340807174 0.7662337662337663 0.02242152466367713 0.032467532467532464
1 0.44170403587443946 0.6948051948051948 0.02242152466367713 0.032467532467532464
1 0.4103139013452915 0.814935064935065 0.02242152466367713 0.03896103896103896
1 0.3150224215246637 0.8311688311688312 0.020179372197309416 0.032467532467532464
1 0.21524663677130046 0.7516233766233766 0.02242152466367713 0.02922077922077922