3 0.9803719008264463 0.5 0.03512396694214876 1
3 0.06198347107438017 0.49850299401197606 0.11983471074380166 0.9970059880239521
2 0.24896694214876033 0.36976047904191617 0.022727272727272728 0.03293413173652695
2 0.381198347107438 0.41467065868263475 0.022727272727272728 0.03293413173652695
2 0.44834710743801653 0.6332335329341318 0.02066115702479339 0.03293413173652695
2 0.3977272727272727 0.6317365269461078 0.022727272727272728 0.03592814371257485
2 0.13946280991735538 0.6946107784431138 0.026859504132231406 0.03592814371257485
5 0.1446280991735537 0.8488023952095808 0.024793388429752067 0.03293413173652695
5 0.42768595041322316 0.6931137724550899 0.02066115702479339 0.03293413173652695
0 0.2830578512396694 0.6317365269461078 0.02066115702479339 0.03592814371257485
0 0.96900826446281 0.9595808383233533 0.024793388429752067 0.03293413173652695
1 0.4152892561983471 0.7215568862275449 0.02066115702479339 0.029940119760479042
1 0.41735537190082644 0.655688622754491 0.02066115702479339 0.029940119760479042
1 0.3884297520661157 0.7664670658682635 0.02066115702479339 0.03592814371257485
1 0.3006198347107438 0.781437125748503 0.01859504132231405 0.029940119760479042
1 0.20867768595041322 0.7080838323353293 0.02066115702479339 0.02694610778443114
4 0.9659090909090909 0.9790419161676647 0.010330578512396695 0.011976047904191617