3 0.9554794520547946 0.49834437086092714 0.08447488584474885 0.9966887417218543
0 0.7328767123287672 0.5960264900662252 0.0228310502283105 0.033112582781456956
1 0.5844748858447488 0.6192052980132451 0.0228310502283105 0.033112582781456956
1 0.5878995433789954 0.6937086092715232 0.02054794520547945 0.03642384105960265
1 0.6164383561643836 0.7433774834437086 0.0228310502283105 0.03642384105960265
1 0.7123287671232876 0.7582781456953642 0.0228310502283105 0.033112582781456956
1 0.815068493150685 0.6804635761589404 0.0228310502283105 0.03642384105960265
5 0.5730593607305936 0.6622516556291391 0.0228310502283105 0.033112582781456956
2 0.5513698630136986 0.5993377483443708 0.02054794520547945 0.033112582781456956
2 0.6061643835616438 0.597682119205298 0.02511415525114155 0.03642384105960265
5 0.8858447488584474 0.8377483443708609 0.0228310502283105 0.033112582781456956
2 0.8926940639269406 0.6639072847682119 0.0273972602739726 0.03642384105960265
2 0.769406392694064 0.30629139072847683 0.0273972602739726 0.03642384105960265
2 0.6244292237442922 0.35596026490066224 0.02511415525114155 0.03642384105960265