3 0.9789029535864979 0.5 0.0379746835443038 1
3 0.0580168776371308 0.49847560975609756 0.11181434599156118 0.9969512195121951
2 0.5432489451476793 0.7362804878048781 0.023206751054852322 0.04573170731707317
2 0.5021097046413502 0.5320121951219512 0.02531645569620253 0.039634146341463415
2 0.4641350210970464 0.47103658536585363 0.02531645569620253 0.039634146341463415
2 0.5896624472573839 0.42835365853658536 0.027426160337552744 0.039634146341463415
2 0.45675105485232065 0.3201219512195122 0.023206751054852322 0.03048780487804878
5 0.43776371308016876 0.3643292682926829 0.023206751054852322 0.03353658536585366
5 0.5443037974683544 0.586890243902439 0.02109704641350211 0.03353658536585366
0 0.5274261603375527 0.5350609756097561 0.02109704641350211 0.03353658536585366
0 0.5506329113924051 0.4740853658536585 0.02109704641350211 0.03353658536585366
1 0.5970464135021097 0.45884146341463417 0.02109704641350211 0.03353658536585366
1 0.5263713080168776 0.6067073170731707 0.023206751054852322 0.036585365853658534
1 0.4578059071729958 0.2865853658536585 0.02531645569620253 0.036585365853658534
1 0.49683544303797467 0.30640243902439024 0.023206751054852322 0.039634146341463415
1 0.5537974683544303 0.31859756097560976 0.023206751054852322 0.039634146341463415
4 0.5189873417721519 0.3353658536585366 0.012658227848101266 0.018292682926829267