3 0.9793388429752066 0.5 0.0371900826446281 0.9940119760479041
3 0.060950413223140494 0.5 0.11776859504132231 0.9940119760479041
4 0.9669421487603306 0.061377245508982034 0.012396694214876033 0.014970059880239521
0 0.9669421487603306 0.03592814371257485 0.024793388429752067 0.029940119760479042
0 0.2809917355371901 0.3652694610778443 0.02066115702479339 0.029940119760479042
1 0.4152892561983471 0.344311377245509 0.02066115702479339 0.029940119760479042
1 0.4121900826446281 0.27694610778443113 0.01859504132231405 0.03293413173652695
1 0.38636363636363635 0.23203592814371257 0.02066115702479339 0.03293413173652695
1 0.29958677685950413 0.218562874251497 0.02066115702479339 0.029940119760479042
1 0.2066115702479339 0.28892215568862273 0.02066115702479339 0.03293413173652695
5 0.4256198347107438 0.30538922155688625 0.02066115702479339 0.029940119760479042
2 0.4452479338842975 0.36227544910179643 0.01859504132231405 0.029940119760479042
2 0.3956611570247934 0.36377245508982037 0.022727272727272728 0.03293413173652695
5 0.14256198347107438 0.1467065868263473 0.02066115702479339 0.029940119760479042
2 0.13636363636363635 0.30389221556886226 0.024793388429752067 0.03293413173652695
2 0.24793388429752067 0.6272455089820359 0.024793388429752067 0.03293413173652695
2 0.37913223140495866 0.5823353293413174 0.022727272727272728 0.03293413173652695