3 0.9851694915254238 0.5 0.025423728813559324 0.9938650306748467
3 0.05826271186440678 0.5 0.11228813559322035 0.9938650306748467
2 0.4459745762711864 0.36809815950920244 0.023305084745762712 0.03680981595092025
2 0.3940677966101695 0.36809815950920244 0.025423728813559324 0.03680981595092025
2 0.3792372881355932 0.5920245398773006 0.025423728813559324 0.03680981595092025
2 0.24364406779661016 0.6365030674846626 0.025423728813559324 0.03374233128834356
2 0.13029661016949154 0.3052147239263804 0.02754237288135593 0.03987730061349693
5 0.4258474576271186 0.3052147239263804 0.0211864406779661 0.03374233128834356
5 0.13559322033898305 0.147239263803681 0.025423728813559324 0.03680981595092025
0 0.2786016949152542 0.3665644171779141 0.023305084745762712 0.03374233128834356
0 0.9576271186440678 0.45858895705521474 0.025423728813559324 0.03374233128834356
1 0.3845338983050847 0.23006134969325154 0.023305084745762712 0.03680981595092025
1 0.2955508474576271 0.21625766871165644 0.023305084745762712 0.03374233128834356
1 0.20233050847457626 0.2898773006134969 0.023305084745762712 0.03374233128834356
1 0.413135593220339 0.2745398773006135 0.0211864406779661 0.03374233128834356
1 0.4173728813559322 0.34662576687116564 0.0211864406779661 0.03067484662576687
4 0.9713983050847458 0.45858895705521474 0.006355932203389831 0.015337423312883436