3 0.022727272727272728 0.49850299401197606 0.045454545454545456 0.9970059880239521
2 0.6838842975206612 0.9161676646706587 0.024793388429752067 0.041916167664670656
2 0.8409090909090909 0.7874251497005988 0.024793388429752067 0.03592814371257485
2 0.5578512396694215 0.4116766467065868 0.02066115702479339 0.03293413173652695
2 0.6508264462809917 0.37574850299401197 0.024793388429752067 0.038922155688622756
2 0.38016528925619836 0.3323353293413174 0.024793388429752067 0.03592814371257485
5 0.5661157024793388 0.37425149700598803 0.02066115702479339 0.029940119760479042
5 0.2427685950413223 0.38173652694610777 0.022727272727272728 0.03293413173652695
0 0.4535123966942149 0.5523952095808383 0.022727272727272728 0.03293413173652695
0 0.7572314049586777 0.7859281437125748 0.022727272727272728 0.03293413173652695
1 0.6022727272727273 0.8907185628742516 0.026859504132231406 0.038922155688622756
1 0.8553719008264463 0.8143712574850299 0.02066115702479339 0.029940119760479042
1 0.4380165289256198 0.36676646706586824 0.024793388429752067 0.038922155688622756
1 0.12913223140495866 0.09580838323353294 0.022727272727272728 0.03592814371257485
1 0.4059917355371901 0.03592814371257485 0.022727272727272728 0.03592814371257485
4 0.5361570247933884 0.4281437125748503 0.010330578512396695 0.017964071856287425
3 0.9380165289256198 0.36826347305389223 0.11983471074380166 0.7365269461077845
3 0.9421487603305785 0.8862275449101796 0.1115702479338843 0.2215568862275449