3 0.9880952380952381 0.5 0.01948051948051948 1
3 0.050865800865800864 0.49842767295597484 0.09740259740259741 0.9968553459119497
2 0.44047619047619047 0.6477987421383647 0.023809523809523808 0.03773584905660377
2 0.3874458874458874 0.6477987421383647 0.025974025974025976 0.03773584905660377
2 0.3722943722943723 0.41823899371069184 0.025974025974025976 0.03773584905660377
2 0.23376623376623376 0.37264150943396224 0.025974025974025976 0.03459119496855346
2 0.11796536796536797 0.7122641509433962 0.02813852813852814 0.040880503144654086
5 0.4199134199134199 0.7122641509433962 0.021645021645021644 0.03459119496855346
5 0.12337662337662338 0.8742138364779874 0.025974025974025976 0.03773584905660377
0 0.2694805194805195 0.64937106918239 0.023809523809523808 0.03459119496855346
0 0.9632034632034632 0.5550314465408805 0.025974025974025976 0.03459119496855346
1 0.3777056277056277 0.789308176100629 0.023809523809523808 0.03773584905660377
1 0.28679653679653677 0.8034591194968553 0.023809523809523808 0.03459119496855346
1 0.19155844155844157 0.7279874213836478 0.023809523809523808 0.03459119496855346
1 0.4069264069264069 0.7437106918238994 0.021645021645021644 0.03459119496855346
1 0.41125541125541126 0.6698113207547169 0.021645021645021644 0.031446540880503145
4 0.9772727272727273 0.5550314465408805 0.006493506493506494 0.015723270440251572