3 0.00909090909090909 0.5 0.01818181818181818 0.993421052631579
3 0.9704545454545455 0.5 0.05909090909090909 0.993421052631579
2 0.8 0.6463815789473685 0.02727272727272727 0.03618421052631579
2 0.6556818181818181 0.5970394736842105 0.025 0.03618421052631579
2 0.5818181818181818 0.3569078947368421 0.022727272727272728 0.03618421052631579
2 0.6375 0.35855263157894735 0.025 0.039473684210526314
2 0.9227272727272727 0.2894736842105263 0.02727272727272727 0.039473684210526314
5 0.9159090909090909 0.12006578947368421 0.02727272727272727 0.03618421052631579
5 0.6045454545454545 0.2911184210526316 0.022727272727272728 0.03618421052631579
0 0.7636363636363637 0.3569078947368421 0.022727272727272728 0.03618421052631579
0 0.029545454545454545 0.9868421052631579 0.02727272727272727 0.019736842105263157
4 0.013636363636363636 0.9950657894736842 0.013636363636363636 0.003289473684210526
1 0.6147727272727272 0.33223684210526316 0.020454545454545454 0.03289473684210526
1 0.6181818181818182 0.26151315789473684 0.022727272727272728 0.03618421052631579
1 0.6488636363636363 0.21052631578947367 0.025 0.039473684210526314
1 0.7443181818181818 0.19572368421052633 0.020454545454545454 0.03618421052631579
1 0.8454545454545455 0.2746710526315789 0.022727272727272728 0.03618421052631579