3 0.9822916666666667 0.49242424242424243 0.03125 0.9787878787878788
3 0.065625 0.5 0.12708333333333333 0.9939393939393939
2 0.16041666666666668 0.20757575757575758 0.025 0.03939393939393939
2 0.32083333333333336 0.07575757575757576 0.025 0.03636363636363636
2 0.4479166666666667 0.5878787878787879 0.020833333333333332 0.030303030303030304
2 0.3541666666666667 0.6257575757575757 0.025 0.03333333333333333
2 0.6260416666666667 0.6727272727272727 0.027083333333333334 0.03636363636363636
5 0.440625 0.6257575757575757 0.022916666666666665 0.03333333333333333
5 0.765625 0.6196969696969697 0.022916666666666665 0.03333333333333333
0 0.5520833333333334 0.44696969696969696 0.020833333333333332 0.03333333333333333
0 0.246875 0.21212121212121213 0.022916666666666665 0.030303030303030304
1 0.403125 0.10454545454545454 0.022916666666666665 0.03939393939393939
1 0.15 0.18181818181818182 0.020833333333333332 0.030303030303030304
1 0.5697916666666667 0.6318181818181818 0.022916666666666665 0.03939393939393939
1 0.828125 0.9151515151515152 0.027083333333333334 0.03636363636363636
1 0.6010416666666667 0.9696969696969697 0.022916666666666665 0.03636363636363636
4 0.46875 0.5727272727272728 0.0125 0.01818181818181818