3 0.9596412556053812 0.5 0.08071748878923767 0.9935064935064936
2 0.7802690582959642 0.6737012987012987 0.026905829596412557 0.03571428571428571
2 0.6378923766816144 0.625 0.02466367713004484 0.03571428571428571
2 0.5650224215246636 0.387987012987013 0.02242152466367713 0.03571428571428571
2 0.6199551569506726 0.38961038961038963 0.02466367713004484 0.03896103896103896
2 0.9013452914798207 0.32142857142857145 0.026905829596412557 0.03896103896103896
5 0.8946188340807175 0.15422077922077923 0.026905829596412557 0.03571428571428571
5 0.5874439461883408 0.32305194805194803 0.02242152466367713 0.03571428571428571
0 0.7443946188340808 0.387987012987013 0.02242152466367713 0.03571428571428571
1 0.5975336322869955 0.36363636363636365 0.020179372197309416 0.032467532467532464
1 0.600896860986547 0.29383116883116883 0.02242152466367713 0.03571428571428571
1 0.6311659192825112 0.2435064935064935 0.02466367713004484 0.03896103896103896
1 0.7253363228699552 0.2288961038961039 0.020179372197309416 0.03571428571428571
1 0.8251121076233184 0.3068181818181818 0.02242152466367713 0.03571428571428571