3 0.014130434782608696 0.5 0.02826086956521739 0.9936708860759493
3 0.9510869565217391 0.5 0.09782608695652174 0.9936708860759493
2 0.8673913043478261 0.19462025316455697 0.02608695652173913 0.04113924050632911
2 0.7 0.056962025316455694 0.02608695652173913 0.0379746835443038
2 0.5673913043478261 0.5917721518987342 0.021739130434782608 0.03164556962025317
2 0.6652173913043479 0.6313291139240507 0.02608695652173913 0.03481012658227848
2 0.3815217391304348 0.680379746835443 0.02826086956521739 0.0379746835443038
5 0.575 0.6313291139240507 0.02391304347826087 0.03481012658227848
5 0.2358695652173913 0.625 0.02391304347826087 0.03481012658227848
0 0.45869565217391306 0.44462025316455694 0.021739130434782608 0.03481012658227848
0 0.7771739130434783 0.19936708860759494 0.02391304347826087 0.03164556962025317
1 0.6141304347826086 0.08702531645569621 0.02391304347826087 0.04113924050632911
1 0.8782608695652174 0.16772151898734178 0.021739130434782608 0.03164556962025317
1 0.44021739130434784 0.6376582278481012 0.02391304347826087 0.04113924050632911
1 0.17065217391304346 0.9335443037974683 0.02826086956521739 0.0379746835443038
1 0.4097826086956522 0.9825949367088608 0.02826086956521739 0.028481012658227847
4 0.5456521739130434 0.5759493670886076 0.013043478260869565 0.0189873417721519