3 0.06644144144144144 0.49836601307189543 0.12837837837837837 0.9967320261437909
2 0.2702702702702703 0.380718954248366 0.02702702702702703 0.03594771241830065
2 0.4132882882882883 0.4297385620915033 0.024774774774774775 0.03594771241830065
2 0.4864864864864865 0.6683006535947712 0.02252252252252252 0.03594771241830065
2 0.4313063063063063 0.6666666666666666 0.024774774774774775 0.0392156862745098
2 0.14864864864864866 0.7352941176470589 0.02702702702702703 0.0392156862745098
5 0.1554054054054054 0.9035947712418301 0.02702702702702703 0.03594771241830065
5 0.46396396396396394 0.7336601307189542 0.02252252252252252 0.03594771241830065
0 0.3063063063063063 0.6683006535947712 0.02252252252252252 0.03594771241830065
1 0.45382882882882886 0.6928104575163399 0.02027027027027027 0.032679738562091505
1 0.45045045045045046 0.7630718954248366 0.02252252252252252 0.03594771241830065
1 0.42004504504504503 0.8137254901960784 0.024774774774774775 0.0392156862745098
1 0.32545045045045046 0.8284313725490197 0.02027027027027027 0.03594771241830065
1 0.22522522522522523 0.75 0.02252252252252252 0.03594771241830065