3 0.014380530973451327 0.4983974358974359 0.028761061946902654 0.9967948717948718
3 0.9646017699115044 0.4983974358974359 0.06637168141592921 0.9967948717948718
2 0.9103982300884956 0.6810897435897436 0.028761061946902654 0.041666666666666664
2 0.6338495575221239 0.6153846153846154 0.024336283185840708 0.038461538461538464
2 0.5796460176991151 0.6169871794871795 0.022123893805309734 0.035256410256410256
2 0.6515486725663717 0.38301282051282054 0.028761061946902654 0.041666666666666664
2 0.7920353982300885 0.3333333333333333 0.02654867256637168 0.038461538461538464
5 0.6017699115044248 0.6794871794871795 0.022123893805309734 0.03205128205128205
5 0.9048672566371682 0.8477564102564102 0.02654867256637168 0.035256410256410256
0 0.7566371681415929 0.6153846153846154 0.022123893805309734 0.03205128205128205
0 0.04092920353982301 0.00641025641025641 0.028761061946902654 0.01282051282051282
1 0.6139380530973452 0.6410256410256411 0.024336283185840708 0.03205128205128205
1 0.6161504424778761 0.7099358974358975 0.024336283185840708 0.035256410256410256
1 0.6449115044247787 0.7596153846153846 0.024336283185840708 0.038461538461538464
1 0.7367256637168141 0.7756410256410257 0.022123893805309734 0.03205128205128205
1 0.8351769911504425 0.6987179487179487 0.024336283185840708 0.038461538461538464