3 0.9538288288288288 0.49836601307189543 0.08783783783783784 0.9967320261437909
2 0.6970720720720721 0.9820261437908496 0.02927927927927928 0.029411764705882353
2 0.8671171171171171 0.8496732026143791 0.02702702702702703 0.0392156862745098
2 0.5585585585585585 0.4395424836601307 0.02252252252252252 0.03594771241830065
2 0.661036036036036 0.39705882352941174 0.024774774774774775 0.042483660130718956
2 0.36599099099099097 0.35130718954248363 0.024774774774774775 0.03594771241830065
5 0.21509009009009009 0.4084967320261438 0.024774774774774775 0.032679738562091505
5 0.5675675675675675 0.40032679738562094 0.02252252252252252 0.03594771241830065
0 0.44481981981981983 0.5931372549019608 0.024774774774774775 0.03594771241830065
0 0.7759009009009009 0.8464052287581699 0.024774774774774775 0.0392156862745098
1 0.6069819819819819 0.9607843137254902 0.024774774774774775 0.0392156862745098
1 0.7612612612612613 0.39215686274509803 0.02702702702702703 0.0392156862745098
1 0.42792792792792794 0.39052287581699346 0.02702702702702703 0.042483660130718956
1 0.393018018018018 0.027777777777777776 0.02027027027027027 0.03594771241830065
1 0.8828828828828829 0.8790849673202614 0.02252252252252252 0.032679738562091505
4 0.5349099099099099 0.4591503267973856 0.01126126126126126 0.016339869281045753