3 0.06465517241379311 0.5 0.125 0.99375
2 0.25969827586206895 0.6390625 0.023706896551724137 0.034375
2 0.3954741379310345 0.590625 0.023706896551724137 0.0375
2 0.41163793103448276 0.365625 0.02586206896551724 0.0375
2 0.4644396551724138 0.3640625 0.023706896551724137 0.034375
2 0.14331896551724138 0.3015625 0.028017241379310345 0.040625
5 0.14870689655172414 0.1390625 0.02586206896551724 0.040625
5 0.44396551724137934 0.3015625 0.021551724137931036 0.034375
0 0.2941810344827586 0.365625 0.023706896551724137 0.0375
0 0.9924568965517241 0.984375 0.010775862068965518 0.025
1 0.4331896551724138 0.3421875 0.021551724137931036 0.034375
1 0.43103448275862066 0.2703125 0.021551724137931036 0.034375
1 0.4019396551724138 0.2234375 0.023706896551724137 0.040625
1 0.3125 0.209375 0.021551724137931036 0.03125
1 0.21443965517241378 0.284375 0.023706896551724137 0.03125
4 0.9838362068965517 0.9890625 0.015086206896551725 0.015625