3 0.978448275862069 0.5 0.03879310344827586 0.99375
3 0.04310344827586207 0.5 0.08189655172413793 0.99375
2 0.2165948275862069 0.6234375 0.023706896551724137 0.034375
2 0.35237068965517243 0.575 0.023706896551724137 0.0375
2 0.36853448275862066 0.35 0.02586206896551724 0.0375
2 0.4213362068965517 0.3484375 0.023706896551724137 0.034375
2 0.10021551724137931 0.2859375 0.028017241379310345 0.040625
5 0.10560344827586207 0.1234375 0.02586206896551724 0.040625
5 0.40086206896551724 0.2859375 0.021551724137931036 0.034375
0 0.2510775862068966 0.35 0.023706896551724137 0.0375
0 0.9568965517241379 0.9765625 0.021551724137931036 0.034375
1 0.3900862068965517 0.3265625 0.021551724137931036 0.034375
1 0.3879310344827586 0.2546875 0.021551724137931036 0.034375
1 0.3588362068965517 0.2078125 0.023706896551724137 0.040625
1 0.26939655172413796 0.19375 0.021551724137931036 0.03125
1 0.1713362068965517 0.26875 0.023706896551724137 0.03125
4 0.9396551724137931 0.975 0.01293103448275862 0.01875