3 0.06573275862068965 0.4984375 0.1271551724137931 0.996875
2 0.33405172413793105 0.934375 0.02586206896551724 0.04375
2 0.17025862068965517 0.8 0.02586206896551724 0.0375
2 0.46551724137931033 0.4078125 0.021551724137931036 0.034375
2 0.36745689655172414 0.3671875 0.023706896551724137 0.040625
2 0.6497844827586207 0.3234375 0.023706896551724137 0.034375
5 0.7941810344827587 0.378125 0.023706896551724137 0.03125
5 0.45689655172413796 0.3703125 0.021551724137931036 0.034375
0 0.5743534482758621 0.5546875 0.023706896551724137 0.034375
0 0.25754310344827586 0.796875 0.023706896551724137 0.0375
1 0.4191810344827586 0.90625 0.023706896551724137 0.0375
1 0.27155172413793105 0.3625 0.02586206896551724 0.0375
1 0.5905172413793104 0.3609375 0.02586206896551724 0.040625
1 0.6228448275862069 0.0171875 0.021551724137931036 0.034375
1 0.15517241379310345 0.828125 0.021551724137931036 0.03125
4 0.48814655172413796 0.4265625 0.010775862068965518 0.015625