3 0.011956521739130435 0.5 0.02391304347826087 0.9936708860759493
3 0.9532608695652174 0.5 0.09347826086956522 0.9936708860759493
2 0.7706521739130435 0.6566455696202531 0.02391304347826087 0.03481012658227848
2 0.633695652173913 0.6075949367088608 0.02391304347826087 0.0379746835443038
2 0.6173913043478261 0.379746835443038 0.02608695652173913 0.0379746835443038
2 0.5641304347826087 0.37816455696202533 0.02391304347826087 0.03481012658227848
2 0.8880434782608696 0.314873417721519 0.02826086956521739 0.04113924050632911
5 0.8826086956521739 0.15031645569620253 0.02608695652173913 0.04113924050632911
5 0.5847826086956521 0.314873417721519 0.021739130434782608 0.03481012658227848
0 0.7358695652173913 0.379746835443038 0.02391304347826087 0.0379746835443038
0 0.02608695652173913 0.995253164556962 0.02608695652173913 0.0031645569620253164
1 0.5956521739130435 0.3560126582278481 0.021739130434782608 0.03481012658227848
1 0.5978260869565217 0.28322784810126583 0.021739130434782608 0.03481012658227848
1 0.6271739130434782 0.23575949367088608 0.02391304347826087 0.04113924050632911
1 0.717391304347826 0.22151898734177214 0.021739130434782608 0.03164556962025317
1 0.816304347826087 0.2974683544303797 0.02391304347826087 0.03164556962025317