3 0.9353448275862069 0.85 0.12931034482758622 0.29375
2 0.8351293103448276 0.2171875 0.028017241379310345 0.040625
2 0.6702586206896551 0.0796875 0.02586206896551724 0.040625
2 0.5387931034482759 0.6078125 0.021551724137931036 0.034375
2 0.634698275862069 0.646875 0.023706896551724137 0.0375
2 0.3545258620689655 0.69375 0.028017241379310345 0.0375
5 0.5474137931034483 0.6453125 0.021551724137931036 0.034375
5 0.2101293103448276 0.6390625 0.023706896551724137 0.034375
0 0.42995689655172414 0.4609375 0.023706896551724137 0.034375
0 0.7467672413793104 0.21875 0.023706896551724137 0.03125
1 0.8491379310344828 0.1875 0.021551724137931036 0.03125
1 0.5851293103448276 0.1078125 0.023706896551724137 0.040625
1 0.49030172413793105 0.475 0.023706896551724137 0.03125
1 0.41271551724137934 0.653125 0.023706896551724137 0.0375
1 0.38254310344827586 0.9875 0.023706896551724137 0.01875
4 0.5161637931034483 0.590625 0.010775862068965518 0.01875
3 0.9396551724137931 0.3375 0.11637931034482758 0.66875