3 0.9470720720720721 0.8627450980392157 0.10585585585585586 0.2679738562091503
2 0.8569819819819819 0.22058823529411764 0.02927927927927928 0.042483660130718956
2 0.6846846846846847 0.07679738562091504 0.02702702702702703 0.042483660130718956
2 0.5472972972972973 0.6290849673202614 0.02252252252252252 0.03594771241830065
2 0.6475225225225225 0.6699346405228758 0.024774774774774775 0.0392156862745098
2 0.3547297297297297 0.7189542483660131 0.02927927927927928 0.0392156862745098
5 0.5563063063063063 0.6683006535947712 0.02252252252252252 0.03594771241830065
5 0.20382882882882883 0.6617647058823529 0.024774774774774775 0.03594771241830065
0 0.43355855855855857 0.47549019607843135 0.024774774774774775 0.03594771241830065
0 0.7646396396396397 0.2222222222222222 0.024774774774774775 0.032679738562091505
1 0.8716216216216216 0.1895424836601307 0.02252252252252252 0.032679738562091505
1 0.5957207207207207 0.10620915032679738 0.024774774774774775 0.042483660130718956
1 0.4966216216216216 0.49019607843137253 0.024774774774774775 0.032679738562091505
1 0.4155405405405405 0.6764705882352942 0.024774774774774775 0.0392156862745098
4 0.5236486486486487 0.6111111111111112 0.01126126126126126 0.0196078431372549
3 0.9515765765765766 0.34967320261437906 0.09234234234234234 0.6928104575163399