3 0.015350877192982455 0.5 0.03070175438596491 0.9936708860759493
3 0.9594298245614035 0.5 0.08114035087719298 0.9936708860759493
2 0.6666666666666666 0.2911392405063291 0.02631578947368421 0.0379746835443038
2 0.9002192982456141 0.2848101265822785 0.02850877192982456 0.0379746835443038
2 0.643640350877193 0.5791139240506329 0.02412280701754386 0.0379746835443038
2 0.7828947368421053 0.629746835443038 0.02631578947368421 0.0379746835443038
2 0.21271929824561403 0.8591772151898734 0.02631578947368421 0.03481012658227848
4 0.20065789473684212 0.8449367088607594 0.010964912280701754 0.0189873417721519
5 0.5942982456140351 0.28639240506329117 0.021929824561403508 0.03481012658227848
5 0.8947368421052632 0.12183544303797468 0.02631578947368421 0.03481012658227848
0 0.7467105263157895 0.34968354430379744 0.02412280701754386 0.03481012658227848
0 0.6217105263157895 0.37816455696202533 0.02412280701754386 0.03481012658227848
1 0.6052631578947368 0.3275316455696203 0.021929824561403508 0.03481012658227848
1 0.6085526315789473 0.2563291139240506 0.02412280701754386 0.0379746835443038
1 0.6370614035087719 0.2088607594936709 0.02412280701754386 0.0379746835443038
1 0.7291666666666666 0.19462025316455697 0.02412280701754386 0.03481012658227848
1 0.8278508771929824 0.27056962025316456 0.02412280701754386 0.03481012658227848