3 0.9463470319634704 0.49834437086092714 0.10273972602739725 0.9966887417218543
2 0.632420091324201 0.6655629139072847 0.0273972602739726 0.039735099337748346
2 0.8755707762557078 0.6721854304635762 0.02968036529680365 0.039735099337748346
2 0.6084474885844748 0.36423841059602646 0.02511415525114155 0.039735099337748346
2 0.7534246575342466 0.31125827814569534 0.0273972602739726 0.039735099337748346
2 0.1598173515981735 0.07119205298013245 0.0273972602739726 0.03642384105960265
4 0.14726027397260275 0.08609271523178808 0.01141552511415525 0.019867549668874173
5 0.5570776255707762 0.6705298013245033 0.0228310502283105 0.03642384105960265
5 0.8698630136986302 0.8427152317880795 0.0273972602739726 0.03642384105960265
0 0.7157534246575342 0.6043046357615894 0.02511415525114155 0.03642384105960265
0 0.5856164383561644 0.5745033112582781 0.02511415525114155 0.03642384105960265
1 0.5684931506849316 0.6274834437086093 0.0228310502283105 0.03642384105960265
1 0.571917808219178 0.7019867549668874 0.02511415525114155 0.039735099337748346
1 0.6015981735159818 0.7516556291390728 0.02511415525114155 0.039735099337748346
1 0.6974885844748858 0.7665562913907285 0.02511415525114155 0.03642384105960265
1 0.8002283105022832 0.6870860927152318 0.02511415525114155 0.03642384105960265