3 0.008620689655172414 0.5 0.017241379310344827 0.99375
3 0.9461206896551724 0.5 0.10775862068965517 0.99375
2 0.6422413793103449 0.28125 0.02586206896551724 0.0375
2 0.8739224137931034 0.2765625 0.028017241379310345 0.040625
2 0.7586206896551724 0.615625 0.02586206896551724 0.0375
2 0.6217672413793104 0.5671875 0.023706896551724137 0.040625
2 0.17456896551724138 0.825 0.021551724137931036 0.03125
5 0.5732758620689655 0.2765625 0.021551724137931036 0.034375
5 0.8685344827586207 0.1140625 0.02586206896551724 0.034375
0 0.7230603448275862 0.3390625 0.023706896551724137 0.034375
0 0.5991379310344828 0.3671875 0.021551724137931036 0.034375
1 0.615301724137931 0.2 0.023706896551724137 0.0375
1 0.7058189655172413 0.184375 0.023706896551724137 0.03125
1 0.802801724137931 0.2609375 0.023706896551724137 0.034375
1 0.584051724137931 0.3171875 0.02586206896551724 0.034375
1 0.5872844827586207 0.246875 0.023706896551724137 0.03125
4 0.19073275862068967 0.8140625 0.010775862068965518 0.015625