3 0.013541666666666667 0.4984848484848485 0.027083333333333334 0.996969696969697
3 0.9364583333333333 0.4984848484848485 0.12291666666666666 0.996969696969697
2 0.6333333333333333 0.6909090909090909 0.025 0.03636363636363636
2 0.8572916666666667 0.6954545454545454 0.027083333333333334 0.03939393939393939
2 0.7458333333333333 0.36666666666666664 0.025 0.03636363636363636
2 0.6135416666666667 0.41363636363636364 0.022916666666666665 0.03939393939393939
2 0.18125 0.16363636363636364 0.020833333333333332 0.030303030303030304
5 0.5666666666666667 0.6954545454545454 0.020833333333333332 0.03333333333333333
5 0.8520833333333333 0.853030303030303 0.025 0.03333333333333333
0 0.7114583333333333 0.6348484848484849 0.022916666666666665 0.03333333333333333
0 0.5916666666666667 0.6075757575757575 0.020833333333333332 0.03333333333333333
1 0.6072916666666667 0.7696969696969697 0.022916666666666665 0.03636363636363636
1 0.6947916666666667 0.7848484848484848 0.022916666666666665 0.030303030303030304
1 0.7885416666666667 0.7106060606060606 0.022916666666666665 0.03333333333333333
1 0.5770833333333333 0.656060606060606 0.025 0.03333333333333333
1 0.5802083333333333 0.7242424242424242 0.022916666666666665 0.030303030303030304
4 0.196875 0.17424242424242425 0.010416666666666666 0.015151515151515152