3 0.9438325991189427 0.4984076433121019 0.10792951541850221 0.9968152866242038
2 0.6343612334801763 0.6910828025477707 0.02643171806167401 0.03821656050955414
2 0.8711453744493393 0.695859872611465 0.028634361233480177 0.041401273885350316
2 0.7533039647577092 0.3503184713375796 0.02643171806167401 0.03821656050955414
2 0.6134361233480177 0.3996815286624204 0.024229074889867842 0.041401273885350316
2 0.15638766519823788 0.13694267515923567 0.022026431718061675 0.03184713375796178
5 0.5638766519823789 0.695859872611465 0.022026431718061675 0.03503184713375796
5 0.8656387665198237 0.8614649681528662 0.02643171806167401 0.03503184713375796
0 0.7169603524229075 0.6321656050955414 0.024229074889867842 0.03503184713375796
0 0.5903083700440529 0.6035031847133758 0.022026431718061675 0.03503184713375796
1 0.6068281938325991 0.7738853503184714 0.024229074889867842 0.03821656050955414
1 0.6993392070484582 0.7898089171974523 0.024229074889867842 0.03184713375796178
1 0.7984581497797357 0.7117834394904459 0.024229074889867842 0.03503184713375796
1 0.5748898678414097 0.6544585987261147 0.02643171806167401 0.03503184713375796
1 0.5781938325991189 0.7261146496815286 0.024229074889867842 0.03184713375796178
4 0.17290748898678415 0.1480891719745223 0.011013215859030838 0.01592356687898089