3 0.9394977168949772 0.5 0.12100456621004566 0.9933774834437086
2 0.6643835616438356 0.061258278145695365 0.0273972602739726 0.04304635761589404
2 0.8378995433789954 0.2052980132450331 0.0273972602739726 0.039735099337748346
2 0.6278538812785388 0.6622516556291391 0.0273972602739726 0.046357615894039736
2 0.5251141552511416 0.6192052980132451 0.0228310502283105 0.039735099337748346
2 0.3299086757990868 0.7102649006622517 0.02511415525114155 0.03642384105960265
5 0.5399543378995434 0.445364238410596 0.02511415525114155 0.03642384105960265
5 0.5331050228310502 0.6605960264900662 0.02054794520547945 0.03642384105960265
0 0.3356164383561644 0.48841059602649006 0.0273972602739726 0.03642384105960265
0 0.7454337899543378 0.20860927152317882 0.02511415525114155 0.039735099337748346
1 0.5742009132420092 0.08940397350993377 0.02511415525114155 0.039735099337748346
1 0.8538812785388128 0.1771523178807947 0.0228310502283105 0.03642384105960265
1 0.3710045662100457 0.27980132450331124 0.02511415525114155 0.03642384105960265
1 0.5159817351598174 0.8162251655629139 0.0273972602739726 0.04304635761589404
4 0.5011415525114156 0.6026490066225165 0.01141552511415525 0.019867549668874173