3 0.9803719008264463 0.5 0.03512396694214876 0.9940119760479041
3 0.06611570247933884 0.5 0.128099173553719 0.9940119760479041
2 0.32231404958677684 0.08383233532934131 0.024793388429752067 0.03592814371257485
2 0.1652892561983471 0.2125748502994012 0.024793388429752067 0.03592814371257485
2 0.44834710743801653 0.5868263473053892 0.02066115702479339 0.029940119760479042
2 0.35640495867768596 0.625748502994012 0.022727272727272728 0.03592814371257485
2 0.625 0.6691616766467066 0.022727272727272728 0.03293413173652695
5 0.44214876033057854 0.625748502994012 0.02066115702479339 0.029940119760479042
5 0.7758264462809917 0.43263473053892215 0.022727272727272728 0.03293413173652695
0 0.6198347107438017 0.468562874251497 0.024793388429752067 0.038922155688622756
0 0.24896694214876033 0.21107784431137724 0.022727272727272728 0.03293413173652695
1 0.40392561983471076 0.10778443113772455 0.022727272727272728 0.03592814371257485
1 0.15082644628099173 0.18413173652694612 0.024793388429752067 0.03293413173652695
1 0.5878099173553719 0.27994011976047906 0.01859504132231405 0.03293413173652695
1 0.42665289256198347 0.8188622754491018 0.022727272727272728 0.03293413173652695
1 0.6002066115702479 0.9640718562874252 0.022727272727272728 0.03592814371257485
4 0.4690082644628099 0.5718562874251497 0.012396694214876033 0.017964071856287425