3 0.01864035087719298 0.49841772151898733 0.03728070175438596 0.9968354430379747
3 0.9616228070175439 0.49841772151898733 0.07236842105263158 0.9968354430379747
2 0.6721491228070176 0.6693037974683544 0.02412280701754386 0.03481012658227848
2 0.9067982456140351 0.6772151898734177 0.02850877192982456 0.0379746835443038
2 0.6502192982456141 0.3813291139240506 0.02412280701754386 0.03481012658227848
2 0.7894736842105263 0.3338607594936709 0.02631578947368421 0.03481012658227848
2 0.13157894736842105 0.0031645569620253164 0.02631578947368421 0.006329113924050633
5 0.9013157894736842 0.8401898734177216 0.02631578947368421 0.03481012658227848
5 0.6008771929824561 0.6740506329113924 0.021929824561403508 0.03164556962025317
0 0.7543859649122807 0.6123417721518988 0.021929824561403508 0.03481012658227848
0 0.6282894736842105 0.5838607594936709 0.02412280701754386 0.03481012658227848
1 0.6118421052631579 0.6329113924050633 0.021929824561403508 0.03164556962025317
1 0.6151315789473685 0.7041139240506329 0.02412280701754386 0.03481012658227848
1 0.643640350877193 0.7531645569620253 0.02412280701754386 0.0379746835443038
1 0.7346491228070176 0.7705696202531646 0.021929824561403508 0.03481012658227848
1 0.8333333333333334 0.6930379746835443 0.021929824561403508 0.03164556962025317