3 0.06838565022421525 0.49837662337662336 0.13228699551569506 0.9967532467532467
2 0.39349775784753366 0.7126623376623377 0.02466367713004484 0.03571428571428571
2 0.15358744394618834 0.7207792207792207 0.02914798206278027 0.03896103896103896
2 0.41591928251121074 0.4172077922077922 0.02466367713004484 0.03571428571428571
2 0.273542600896861 0.3685064935064935 0.026905829596412557 0.03571428571428571
2 0.9461883408071748 0.016233766233766232 0.026905829596412557 0.032467532467532464
5 0.1591928251121076 0.887987012987013 0.026905829596412557 0.03571428571428571
5 0.4663677130044843 0.7175324675324676 0.02242152466367713 0.032467532467532464
0 0.3094170403587444 0.6542207792207793 0.02242152466367713 0.03571428571428571
0 0.4383408071748879 0.625 0.02466367713004484 0.03571428571428571
1 0.4551569506726457 0.6753246753246753 0.02242152466367713 0.032467532467532464
1 0.4517937219730942 0.7483766233766234 0.02466367713004484 0.03571428571428571
1 0.4226457399103139 0.7987012987012987 0.02466367713004484 0.03896103896103896
1 0.3295964125560538 0.8165584415584416 0.02242152466367713 0.03571428571428571
1 0.22869955156950672 0.737012987012987 0.02242152466367713 0.032467532467532464
4 0.952914798206278 0.003246753246753247 0.008968609865470852 0.006493506493506494