3 0.9783057851239669 0.5 0.03925619834710744 1
3 0.06198347107438017 0.49850299401197606 0.11983471074380166 0.9970059880239521
2 0.3605371900826446 0.687125748502994 0.022727272727272728 0.03293413173652695
2 0.13946280991735538 0.6946107784431138 0.026859504132231406 0.03592814371257485
2 0.381198347107438 0.41467065868263475 0.022727272727272728 0.03293413173652695
2 0.25 0.36976047904191617 0.024793388429752067 0.03293413173652695
2 0.8708677685950413 0.041916167664670656 0.022727272727272728 0.029940119760479042
5 0.1446280991735537 0.8488023952095808 0.024793388429752067 0.03293413173652695
5 0.42768595041322316 0.6916167664670658 0.02066115702479339 0.029940119760479042
0 0.2830578512396694 0.6332335329341318 0.02066115702479339 0.03293413173652695
0 0.4018595041322314 0.6062874251497006 0.022727272727272728 0.03293413173652695
1 0.41735537190082644 0.6526946107784432 0.02066115702479339 0.029940119760479042
1 0.4142561983471074 0.7200598802395209 0.022727272727272728 0.03293413173652695
1 0.38739669421487605 0.7664670658682635 0.022727272727272728 0.03592814371257485
1 0.30165289256198347 0.7829341317365269 0.02066115702479339 0.03293413173652695
1 0.20867768595041322 0.7095808383233533 0.02066115702479339 0.029940119760479042
4 0.8770661157024794 0.02844311377245509 0.006198347107438017 0.008982035928143712