3 0.9822175732217573 0.5 0.03138075313807531 0.9939393939393939
2 0.5523012552301255 0.2515151515151515 0.02092050209205021 0.03636363636363636
2 0.502092050209205 0.04393939393939394 0.02510460251046025 0.03939393939393939
2 0.10460251046025104 0.22272727272727272 0.029288702928870293 0.03939393939393939
2 0.28451882845188287 0.40606060606060607 0.02510460251046025 0.03636363636363636
2 0.38702928870292885 0.41363636363636364 0.02510460251046025 0.03939393939393939
5 0.36715481171548114 0.47878787878787876 0.02301255230125523 0.03636363636363636
5 0.28765690376569036 0.453030303030303 0.02301255230125523 0.03333333333333333
0 0.5052301255230126 0.4015151515151515 0.02301255230125523 0.03333333333333333
0 0.5868200836820083 0.36363636363636365 0.02301255230125523 0.03636363636363636
1 0.35564853556485354 0.45 0.02092050209205021 0.03333333333333333
1 0.3179916317991632 0.45 0.02510460251046025 0.03333333333333333
1 0.3169456066945607 0.48333333333333334 0.02301255230125523 0.03333333333333333
1 0.10564853556485355 0.3424242424242424 0.027196652719665274 0.03636363636363636
1 0.11401673640167365 0.1590909090909091 0.027196652719665274 0.03939393939393939
4 0.5282426778242678 0.2833333333333333 0.010460251046025104 0.015151515151515152
3 0.06380753138075314 0.6772727272727272 0.12343096234309624 0.6393939393939394
3 0.056485355648535567 0.2787878787878788 0.1087866108786611 0.08484848484848485
3 0.060669456066945605 0.07272727272727272 0.11715481171548117 0.1393939393939394