4 0.9252232142857143 0.17903225806451614 0.011160714285714286 0.016129032258064516
1 0.8627232142857143 0.20161290322580644 0.024553571428571428 0.035483870967741936
1 0.8325892857142857 0.2564516129032258 0.022321428571428572 0.02903225806451613
1 0.7667410714285714 0.24838709677419354 0.024553571428571428 0.03225806451612903
1 0.7109375 0.31129032258064515 0.024553571428571428 0.035483870967741936
0 0.8381696428571429 0.2032258064516129 0.024553571428571428 0.03225806451612903
0 0.8225446428571429 0.35 0.024553571428571428 0.02903225806451613
5 0.8627232142857143 0.3532258064516129 0.024553571428571428 0.02903225806451613
5 0.7924107142857143 0.25161290322580643 0.022321428571428572 0.03225806451612903
1 0.8169642857142857 0.13064516129032258 0.026785714285714284 0.035483870967741936
2 0.7622767857142857 0.08870967741935484 0.029017857142857144 0.035483870967741936
2 0.9196428571428571 0.15806451612903225 0.026785714285714284 0.03225806451612903
2 0.7265625 0.035483870967741936 0.024553571428571428 0.03225806451612903
2 0.8638392857142857 0.4032258064516129 0.026785714285714284 0.03225806451612903
2 0.6785714285714286 0.2629032258064516 0.026785714285714284 0.035483870967741936
3 0.9631696428571429 0.5 0.07366071428571429 0.9935483870967742
3 0.012276785714285714 0.5 0.024553571428571428 0.9935483870967742