4 0.09456521739130434 0.7990506329113924 0.010869565217391304 0.015822784810126583
1 0.15543478260869564 0.7768987341772152 0.02391304347826087 0.03481012658227848
1 0.18478260869565216 0.7231012658227848 0.021739130434782608 0.028481012658227847
1 0.24891304347826088 0.7310126582278481 0.02391304347826087 0.03164556962025317
1 0.3032608695652174 0.6693037974683544 0.02391304347826087 0.03481012658227848
0 0.1793478260869565 0.7753164556962026 0.02391304347826087 0.03164556962025317
0 0.19456521739130433 0.6313291139240507 0.02391304347826087 0.028481012658227847
5 0.15543478260869564 0.6281645569620253 0.02391304347826087 0.028481012658227847
5 0.22391304347826088 0.7278481012658228 0.021739130434782608 0.03164556962025317
1 0.2 0.8465189873417721 0.02608695652173913 0.03481012658227848
2 0.2532608695652174 0.8876582278481012 0.02826086956521739 0.03481012658227848
2 0.1 0.819620253164557 0.02608695652173913 0.03164556962025317
2 0.28804347826086957 0.939873417721519 0.02391304347826087 0.03164556962025317
2 0.15434782608695652 0.5791139240506329 0.02608695652173913 0.03164556962025317
2 0.3347826086956522 0.7167721518987342 0.02608695652173913 0.03481012658227848
3 0.04782608695652174 0.49841772151898733 0.09130434782608696 0.9968354430379747
3 0.9858695652173913 0.5 0.02391304347826087 1