3 0.9771689497716894 0.5 0.0410958904109589 1
2 0.5045662100456622 0.8079470198675497 0.0228310502283105 0.039735099337748346
2 0.017123287671232876 0.8410596026490066 0.02968036529680365 0.046357615894039736
2 0.21232876712328766 0.6390728476821192 0.0273972602739726 0.039735099337748346
2 0.3242009132420091 0.6307947019867549 0.0273972602739726 0.04304635761589404
5 0.3025114155251142 0.5596026490066225 0.02511415525114155 0.039735099337748346
5 0.21575342465753425 0.5877483443708609 0.02511415525114155 0.03642384105960265
0 0.4531963470319635 0.6440397350993378 0.02511415525114155 0.03642384105960265
0 0.5422374429223744 0.6854304635761589 0.02511415525114155 0.039735099337748346
1 0.2899543378995434 0.5910596026490066 0.0228310502283105 0.03642384105960265
1 0.24885844748858446 0.5910596026490066 0.0273972602739726 0.03642384105960265
1 0.24771689497716895 0.554635761589404 0.02511415525114155 0.03642384105960265
1 0.017123287671232876 0.7086092715231788 0.02968036529680365 0.039735099337748346
1 0.026255707762557076 0.9089403973509934 0.02968036529680365 0.04304635761589404
4 0.478310502283105 0.7731788079470199 0.01141552511415525 0.016556291390728478
3 0.019406392694063926 0.34602649006622516 0.03424657534246575 0.6920529801324503