3 0.9404761904761905 0.49842767295597484 0.11471861471861472 0.9968553459119497
2 0.6114718614718615 0.4261006289308176 0.02813852813852814 0.040880503144654086
2 0.7489177489177489 0.37735849056603776 0.025974025974025976 0.03773584905660377
2 0.8658008658008658 0.7216981132075472 0.030303030303030304 0.040880503144654086
2 0.6341991341991342 0.7138364779874213 0.025974025974025976 0.03773584905660377
2 0.016233766233766232 0.0330188679245283 0.023809523809523808 0.03459119496855346
5 0.5616883116883117 0.7169811320754716 0.023809523809523808 0.031446540880503145
5 0.8593073593073594 0.8820754716981132 0.025974025974025976 0.03459119496855346
0 0.7132034632034632 0.6556603773584906 0.023809523809523808 0.03459119496855346
0 0.5887445887445888 0.6273584905660378 0.021645021645021644 0.03459119496855346
1 0.5735930735930735 0.6792452830188679 0.025974025974025976 0.031446540880503145
1 0.5757575757575758 0.7484276729559748 0.021645021645021644 0.031446540880503145
1 0.604978354978355 0.7955974842767296 0.023809523809523808 0.03773584905660377
1 0.6958874458874459 0.809748427672956 0.023809523809523808 0.03459119496855346
1 0.7922077922077922 0.7342767295597484 0.021645021645021644 0.03459119496855346
4 0.003246753246753247 0.029874213836477988 0.006493506493506494 0.015723270440251572