3 0.04243119266055046 0.49833333333333335 0.08027522935779817 0.9966666666666667
2 0.3704128440366973 0.4216666666666667 0.02981651376146789 0.043333333333333335
2 0.22477064220183487 0.37 0.027522935779816515 0.04
2 0.10091743119266056 0.735 0.03211009174311927 0.043333333333333335
2 0.3463302752293578 0.7266666666666667 0.027522935779816515 0.04
2 0.9919724770642202 0.015 0.011467889908256881 0.03
5 0.4231651376146789 0.73 0.02522935779816514 0.03333333333333333
5 0.10779816513761468 0.905 0.027522935779816515 0.03666666666666667
0 0.2626146788990826 0.665 0.02522935779816514 0.03666666666666667
0 0.3944954128440367 0.635 0.022935779816513763 0.03666666666666667
1 0.4105504587155963 0.69 0.027522935779816515 0.03333333333333333
1 0.40825688073394495 0.7633333333333333 0.022935779816513763 0.03333333333333333
1 0.37729357798165136 0.8133333333333334 0.02522935779816514 0.04
1 0.2809633027522936 0.8283333333333334 0.02522935779816514 0.03666666666666667
1 0.17889908256880735 0.7483333333333333 0.022935779816513763 0.03666666666666667