3 0.9810126582278481 0.9679878048780488 0.03375527426160337 0.057926829268292686
3 0.05485232067510549 0.5 0.10548523206751055 0.9939024390243902
2 0.9651898734177216 0.9283536585365854 0.023206751054852322 0.03353658536585366
2 0.23628691983122363 0.6295731707317073 0.02531645569620253 0.03353658536585366
2 0.37130801687763715 0.5823170731707317 0.02531645569620253 0.036585365853658534
2 0.34810126582278483 0.3048780487804878 0.02531645569620253 0.036585365853658534
2 0.12341772151898735 0.3003048780487805 0.027426160337552744 0.039634146341463415
5 0.12869198312236288 0.14176829268292682 0.02531645569620253 0.03353658536585366
5 0.4177215189873418 0.3003048780487805 0.02109704641350211 0.03353658536585366
0 0.27109704641350213 0.3628048780487805 0.023206751054852322 0.036585365853658534
0 0.39345991561181437 0.3871951219512195 0.023206751054852322 0.036585365853658534
1 0.1930379746835443 0.2850609756097561 0.023206751054852322 0.039634146341463415
1 0.2890295358649789 0.21189024390243902 0.02109704641350211 0.03353658536585366
1 0.37658227848101267 0.22560975609756098 0.023206751054852322 0.036585365853658534
1 0.4040084388185654 0.27134146341463417 0.023206751054852322 0.036585365853658534
1 0.40717299578059074 0.3384146341463415 0.02531645569620253 0.03048780487804878
4 0.9525316455696202 0.913109756097561 0.010548523206751054 0.01524390243902439
3 0.9820675105485233 0.45884146341463417 0.03164556962025317 0.9115853658536586