2 0.44627192982456143 0.5680379746835443 0.02412280701754386 0.03481012658227848
2 0.34868421052631576 0.6075949367088608 0.02631578947368421 0.0379746835443038
2 0.08552631578947369 0.33860759493670883 0.03070175438596491 0.0379746835443038
2 0.3125 0.03322784810126582 0.02850877192982456 0.04113924050632911
2 0.6359649122807017 0.6518987341772152 0.02631578947368421 0.0379746835443038
5 0.7949561403508771 0.42563291139240506 0.02412280701754386 0.03481012658227848
5 0.43859649122807015 0.6075949367088608 0.021929824561403508 0.03164556962025317
0 0.6304824561403509 0.439873417721519 0.02412280701754386 0.0379746835443038
0 0.23574561403508773 0.17246835443037975 0.02412280701754386 0.03481012658227848
1 0.4243421052631579 0.814873417721519 0.02412280701754386 0.04113924050632911
1 0.6085526315789473 0.9651898734177216 0.02412280701754386 0.0379746835443038
1 0.5942982456140351 0.24208860759493672 0.021929824561403508 0.03481012658227848
1 0.40021929824561403 0.061708860759493674 0.02412280701754386 0.04113924050632911
1 0.4298245614035088 0.3370253164556962 0.02631578947368421 0.028481012658227847
4 0.47039473684210525 0.5490506329113924 0.010964912280701754 0.015822784810126583
3 0.05592105263157895 0.6772151898734177 0.1074561403508772 0.6392405063291139
3 0.046052631578947366 0.29430379746835444 0.08771929824561403 0.05063291139240506
3 0.05043859649122807 0.12658227848101267 0.09649122807017543 0.2468354430379747