2 0.519406392694064 0.36920529801324503 0.02511415525114155 0.03642384105960265
2 0.6210045662100456 0.32781456953642385 0.0273972602739726 0.039735099337748346
2 0.8949771689497716 0.609271523178808 0.0319634703196347 0.039735099337748346
2 0.658675799086758 0.9288079470198676 0.02968036529680365 0.04304635761589404
2 0.3219178082191781 0.2814569536423841 0.0273972602739726 0.039735099337748346
5 0.15639269406392695 0.5182119205298014 0.02511415525114155 0.03642384105960265
5 0.5273972602739726 0.32781456953642385 0.0228310502283105 0.033112582781456956
0 0.3276255707762557 0.5033112582781457 0.02511415525114155 0.039735099337748346
0 0.7385844748858448 0.7831125827814569 0.02511415525114155 0.03642384105960265
1 0.5422374429223744 0.11092715231788079 0.02511415525114155 0.04304635761589404
1 0.365296803652968 0.7102649006622517 0.0228310502283105 0.03642384105960265
1 0.567351598173516 0.8990066225165563 0.02511415525114155 0.04304635761589404
1 0.5365296803652968 0.6109271523178808 0.0273972602739726 0.029801324503311258
4 0.4942922374429224 0.3890728476821192 0.01141552511415525 0.016556291390728478
3 0.934931506849315 0.2947019867549669 0.12557077625570776 0.5894039735099338
3 0.9440639269406392 0.6556291390728477 0.10730593607305935 0.052980132450331126
3 0.9394977168949772 0.8493377483443708 0.11643835616438356 0.2947019867549669