3 0.9811715481171548 0.19242424242424241 0.03347280334728033 0.38484848484848483
3 0.056485355648535567 0.4984848484848485 0.1087866108786611 0.996969696969697
2 0.35251046025104604 0.6848484848484848 0.02301255230125523 0.03636363636363636
2 0.12866108786610878 0.6893939393939394 0.027196652719665274 0.03939393939393939
2 0.9142259414225942 0.5378787878787878 0.02510460251046025 0.03333333333333333
2 0.37343096234309625 0.4075757575757576 0.02301255230125523 0.03333333333333333
2 0.2405857740585774 0.3621212121212121 0.02510460251046025 0.03333333333333333
5 0.4215481171548117 0.6893939393939394 0.02301255230125523 0.03333333333333333
5 0.13493723849372385 0.8469696969696969 0.02301255230125523 0.03333333333333333
0 0.27405857740585776 0.6272727272727273 0.02092050209205021 0.030303030303030304
0 0.39435146443514646 0.6015151515151516 0.02301255230125523 0.03333333333333333
1 0.4100418410041841 0.6484848484848484 0.02092050209205021 0.030303030303030304
1 0.40690376569037656 0.7166666666666667 0.02301255230125523 0.03333333333333333
1 0.3797071129707113 0.7636363636363637 0.02301255230125523 0.03636363636363636
1 0.2928870292887029 0.7772727272727272 0.02092050209205021 0.03333333333333333
1 0.19874476987447698 0.7045454545454546 0.02510460251046025 0.03333333333333333
4 0.8964435146443515 0.5378787878787878 0.010460251046025104 0.015151515151515152
3 0.9843096234309623 0.7075757575757575 0.027196652719665274 0.5848484848484848