3 0.01059322033898305 0.5 0.0211864406779661 0.9938650306748467
3 0.9353813559322034 0.6886503067484663 0.1292372881355932 0.6165644171779141
2 0.673728813559322 0.07515337423312883 0.025423728813559324 0.046012269938650305
2 0.8930084745762712 0.3696319018404908 0.02754237288135593 0.03987730061349693
2 0.6398305084745762 0.6288343558282209 0.025423728813559324 0.03680981595092025
2 0.5444915254237288 0.5904907975460123 0.0211864406779661 0.03374233128834356
2 0.3622881355932203 0.6733128834355828 0.025423728813559324 0.03987730061349693
5 0.2076271186440678 0.45245398773006135 0.025423728813559324 0.03374233128834356
5 0.551906779661017 0.6273006134969326 0.023305084745762712 0.03374233128834356
0 0.3675847457627119 0.4677914110429448 0.023305084745762712 0.03374233128834356
0 0.7478813559322034 0.20705521472392638 0.0211864406779661 0.03374233128834356
1 0.4025423728813559 0.27607361963190186 0.0211864406779661 0.03067484662576687
1 0.590042372881356 0.09815950920245399 0.023305084745762712 0.03680981595092025
1 0.2033898305084746 0.49233128834355827 0.025423728813559324 0.03374233128834356
1 0.565677966101695 0.8266871165644172 0.0211864406779661 0.03374233128834356
1 0.3908898305084746 0.9754601226993865 0.023305084745762712 0.03680981595092025
4 0.5222457627118644 0.5720858895705522 0.01059322033898305 0.015337423312883436
3 0.9396186440677966 0.17638036809815952 0.11652542372881355 0.34662576687116564