3 0.02127659574468085 0.4984567901234568 0.0425531914893617 0.9969135802469136
3 0.9478723404255319 0.31635802469135804 0.1 0.6327160493827161
2 0.7 0.9398148148148148 0.02553191489361702 0.046296296296296294
2 0.9202127659574468 0.6435185185185185 0.027659574468085105 0.040123456790123455
2 0.6659574468085107 0.38271604938271603 0.02553191489361702 0.037037037037037035
2 0.5702127659574469 0.4212962962962963 0.02127659574468085 0.033950617283950615
2 0.3872340425531915 0.33796296296296297 0.02553191489361702 0.040123456790123455
5 0.23191489361702128 0.5601851851851852 0.02553191489361702 0.033950617283950615
5 0.5776595744680851 0.38425925925925924 0.023404255319148935 0.033950617283950615
0 0.3925531914893617 0.5447530864197531 0.023404255319148935 0.033950617283950615
0 0.774468085106383 0.8070987654320988 0.02127659574468085 0.033950617283950615
1 0.4276595744680851 0.7376543209876543 0.02127659574468085 0.030864197530864196
1 0.6159574468085106 0.9166666666666666 0.023404255319148935 0.037037037037037035
1 0.2276595744680851 0.5200617283950617 0.02553191489361702 0.033950617283950615
1 0.5914893617021276 0.18364197530864199 0.02127659574468085 0.033950617283950615
1 0.41595744680851066 0.033950617283950615 0.023404255319148935 0.037037037037037035
4 0.5478723404255319 0.4398148148148148 0.010638297872340425 0.015432098765432098
3 0.9531914893617022 0.8302469135802469 0.08936170212765958 0.3333333333333333