3 0.9795258620689655 0.184375 0.036637931034482756 0.36875
3 0.04202586206896552 0.4984375 0.07974137931034483 0.996875
2 0.3308189655172414 0.678125 0.023706896551724137 0.0375
2 0.10021551724137931 0.6828125 0.028017241379310345 0.040625
2 0.9094827586206896 0.5265625 0.02586206896551724 0.034375
2 0.35237068965517243 0.3921875 0.023706896551724137 0.034375
2 0.21551724137931033 0.3453125 0.02586206896551724 0.034375
5 0.4019396551724138 0.6828125 0.023706896551724137 0.034375
5 0.10668103448275862 0.8453125 0.023706896551724137 0.034375
0 0.25 0.61875 0.021551724137931036 0.03125
0 0.3739224137931034 0.5921875 0.023706896551724137 0.034375
1 0.3900862068965517 0.640625 0.021551724137931036 0.03125
1 0.38685344827586204 0.7109375 0.023706896551724137 0.034375
1 0.3588362068965517 0.759375 0.023706896551724137 0.0375
1 0.26939655172413796 0.7734375 0.021551724137931036 0.034375
1 0.1724137931034483 0.6984375 0.02586206896551724 0.034375
4 0.8911637931034483 0.5265625 0.010775862068965518 0.015625
3 0.9827586206896551 0.7 0.03017241379310345 0.6