3 0.9778481012658228 0.5 0.04008438818565401 0.9939024390243902
3 0.056962025316455694 0.6890243902439024 0.10970464135021098 0.6158536585365854
2 0.3059071729957806 0.07774390243902439 0.02531645569620253 0.04573170731707317
2 0.08755274261603375 0.3704268292682927 0.027426160337552744 0.039634146341463415
2 0.339662447257384 0.6280487804878049 0.02531645569620253 0.036585365853658534
2 0.4345991561181435 0.5899390243902439 0.02109704641350211 0.03353658536585366
2 0.6160337552742616 0.6722560975609756 0.02531645569620253 0.039634146341463415
5 0.770042194092827 0.4527439024390244 0.02531645569620253 0.03353658536585366
5 0.4272151898734177 0.6265243902439024 0.023206751054852322 0.03353658536585366
0 0.6107594936708861 0.4679878048780488 0.023206751054852322 0.03353658536585366
0 0.2320675105485232 0.20884146341463414 0.02109704641350211 0.03353658536585366
1 0.5759493670886076 0.2774390243902439 0.02109704641350211 0.03048780487804878
1 0.38924050632911394 0.10060975609756098 0.023206751054852322 0.036585365853658534
1 0.7742616033755274 0.4923780487804878 0.02531645569620253 0.03353658536585366
1 0.41350210970464135 0.8246951219512195 0.02109704641350211 0.03353658536585366
1 0.5875527426160337 0.9725609756097561 0.023206751054852322 0.036585365853658534
4 0.45675105485232065 0.5716463414634146 0.010548523206751054 0.01524390243902439
3 0.05063291139240506 0.17682926829268292 0.0970464135021097 0.3475609756097561