3 0.007415254237288136 0.49846625766871167 0.014830508474576272 0.9969325153374233
3 0.9375 0.49846625766871167 0.12076271186440678 0.9969325153374233
2 0.011652542372881356 0.5352760736196319 0.023305084745762712 0.03374233128834356
2 0.6101694915254238 0.401840490797546 0.025423728813559324 0.03680981595092025
2 0.7457627118644068 0.3558282208588957 0.025423728813559324 0.03680981595092025
2 0.6313559322033898 0.6809815950920245 0.025423728813559324 0.03680981595092025
2 0.8591101694915254 0.6871165644171779 0.02754237288135593 0.03680981595092025
5 0.5635593220338984 0.6855828220858896 0.0211864406779661 0.03374233128834356
5 0.8538135593220338 0.8450920245398773 0.025423728813559324 0.03374233128834356
0 0.7108050847457628 0.6226993865030674 0.023305084745762712 0.03067484662576687
0 0.590042372881356 0.5950920245398773 0.023305084745762712 0.03680981595092025
1 0.573093220338983 0.6441717791411042 0.023305084745762712 0.03067484662576687
1 0.5773305084745762 0.7147239263803681 0.023305084745762712 0.03680981595092025
1 0.6048728813559322 0.7607361963190185 0.023305084745762712 0.03680981595092025
1 0.6927966101694916 0.7745398773006135 0.0211864406779661 0.03374233128834356
1 0.788135593220339 0.700920245398773 0.0211864406779661 0.03374233128834356
4 0.005296610169491525 0.5138036809815951 0.01059322033898305 0.015337423312883436