3 0.9793388429752066 0.5 0.0371900826446281 1
3 0.060950413223140494 0.49850299401197606 0.11776859504132231 0.9970059880239521
2 0.9669421487603306 0.5449101796407185 0.024793388429752067 0.029940119760479042
2 0.38016528925619836 0.4161676646706587 0.024793388429752067 0.03592814371257485
2 0.24793388429752067 0.3712574850299401 0.024793388429752067 0.03592814371257485
2 0.359504132231405 0.688622754491018 0.024793388429752067 0.03592814371257485
2 0.13739669421487602 0.6946107784431138 0.026859504132231406 0.03592814371257485
5 0.4256198347107438 0.6931137724550899 0.02066115702479339 0.03293413173652695
5 0.14256198347107438 0.8488023952095808 0.024793388429752067 0.03293413173652695
0 0.28202479338842973 0.6317365269461078 0.022727272727272728 0.029940119760479042
0 0.39979338842975204 0.6047904191616766 0.022727272727272728 0.03592814371257485
1 0.41632231404958675 0.6526946107784432 0.022727272727272728 0.029940119760479042
1 0.4121900826446281 0.7215568862275449 0.022727272727272728 0.03592814371257485
1 0.3853305785123967 0.7664670658682635 0.022727272727272728 0.03592814371257485
1 0.29958677685950413 0.7799401197604791 0.02066115702479339 0.03293413173652695
1 0.2066115702479339 0.7080838323353293 0.02066115702479339 0.03293413173652695
4 0.9721074380165289 0.5239520958083832 0.010330578512396695 0.011976047904191617