3 0.9462719298245614 0.49841772151898733 0.10307017543859649 0.9968354430379747
2 0.06140350877192982 0.8465189873417721 0.02631578947368421 0.03481012658227848
2 0.6414473684210527 0.7088607594936709 0.02412280701754386 0.0379746835443038
2 0.6195175438596491 0.41930379746835444 0.02412280701754386 0.04113924050632911
2 0.7576754385964912 0.370253164556962 0.02412280701754386 0.0379746835443038
2 0.8760964912280702 0.7151898734177216 0.02850877192982456 0.0379746835443038
5 0.5701754385964912 0.7136075949367089 0.021929824561403508 0.03481012658227848
5 0.8695175438596491 0.8781645569620253 0.02850877192982456 0.03481012658227848
0 0.7225877192982456 0.6487341772151899 0.02412280701754386 0.03164556962025317
0 0.5964912280701754 0.620253164556962 0.02631578947368421 0.0379746835443038
1 0.5800438596491229 0.6740506329113924 0.02412280701754386 0.03164556962025317
1 0.5844298245614035 0.7420886075949367 0.02412280701754386 0.03481012658227848
1 0.6129385964912281 0.7911392405063291 0.02850877192982456 0.0379746835443038
1 0.7039473684210527 0.805379746835443 0.021929824561403508 0.03481012658227848
1 0.8026315789473685 0.7294303797468354 0.021929824561403508 0.03481012658227848
4 0.05043859649122807 0.8607594936708861 0.008771929824561403 0.012658227848101266