3 0.016597510373443983 0.6656626506024096 0.03319502074688797 0.6626506024096386
3 0.9387966804979253 0.5 0.12240663900414937 0.9939759036144579
2 0.08921161825726141 0.17921686746987953 0.024896265560165973 0.03313253012048193
2 0.6379668049792531 0.3102409638554217 0.022821576763485476 0.03614457831325301
2 0.6172199170124482 0.5858433734939759 0.022821576763485476 0.0391566265060241
2 0.7479253112033195 0.6325301204819277 0.022821576763485476 0.03614457831325301
2 0.8599585062240664 0.3042168674698795 0.026970954356846474 0.03614457831325301
5 0.5705394190871369 0.3057228915662651 0.02074688796680498 0.03313253012048193
5 0.8537344398340249 0.14909638554216867 0.026970954356846474 0.03313253012048193
0 0.7147302904564315 0.3674698795180723 0.022821576763485476 0.030120481927710843
0 0.5954356846473029 0.39457831325301207 0.024896265560165973 0.03614457831325301
1 0.5798755186721992 0.3433734939759036 0.022821576763485476 0.030120481927710843
1 0.5840248962655602 0.2786144578313253 0.022821576763485476 0.03313253012048193
1 0.6109958506224067 0.2319277108433735 0.026970954356846474 0.03614457831325301
1 0.6970954356846473 0.2183734939759036 0.02074688796680498 0.03313253012048193
1 0.7904564315352697 0.29066265060240964 0.02074688796680498 0.03313253012048193
4 0.07883817427385892 0.16566265060240964 0.008298755186721992 0.012048192771084338
3 0.01037344398340249 0.14909638554216867 0.02074688796680498 0.2921686746987952