3 0.9773706896551724 0.5 0.040948275862068964 1
3 0.04525862068965517 0.4984375 0.08620689655172414 0.996875
2 0.29094827586206895 0.94375 0.02586206896551724 0.04375
2 0.10344827586206896 0.7734375 0.02586206896551724 0.040625
2 0.3254310344827586 0.3796875 0.02586206896551724 0.040625
2 0.4213362068965517 0.41875 0.023706896551724137 0.0375
2 0.4644396551724138 0.1125 0.036637931034482756 0.0375
5 0.41487068965517243 0.3796875 0.023706896551724137 0.034375
5 0.7640086206896551 0.55625 0.028017241379310345 0.0375
0 0.6012931034482759 0.54375 0.02586206896551724 0.0375
0 0.21443965517241378 0.809375 0.023706896551724137 0.0375
1 0.3771551724137931 0.9171875 0.02586206896551724 0.040625
1 0.5668103448275862 0.7390625 0.021551724137931036 0.034375
1 0.5172413793103449 0.440625 0.02586206896551724 0.0375
1 0.39978448275862066 0.1734375 0.023706896551724137 0.034375
1 0.5797413793103449 0.025 0.021551724137931036 0.0375
4 0.44504310344827586 0.4359375 0.010775862068965518 0.015625