3 0.9882478632478633 0.5 0.019230769230769232 0.9937888198757764
3 0.056623931623931624 0.5 0.10897435897435898 0.9937888198757764
2 0.9839743589743589 0.024844720496894408 0.023504273504273504 0.037267080745341616
2 0.12713675213675213 0.3105590062111801 0.027777777777777776 0.037267080745341616
2 0.3557692307692308 0.3167701863354037 0.023504273504273504 0.037267080745341616
2 0.3782051282051282 0.6009316770186336 0.02564102564102564 0.040372670807453416
2 0.24252136752136752 0.6459627329192547 0.023504273504273504 0.037267080745341616
5 0.4252136752136752 0.3136645962732919 0.021367521367521368 0.031055900621118012
5 0.13247863247863248 0.15062111801242237 0.02564102564102564 0.034161490683229816
0 0.27564102564102566 0.37422360248447206 0.021367521367521368 0.034161490683229816
0 0.39850427350427353 0.40217391304347827 0.023504273504273504 0.034161490683229816
1 0.1997863247863248 0.29347826086956524 0.023504273504273504 0.034161490683229816
1 0.2948717948717949 0.2220496894409938 0.021367521367521368 0.034161490683229816
1 0.38354700854700857 0.2360248447204969 0.023504273504273504 0.037267080745341616
1 0.4155982905982906 0.35248447204968947 0.023504273504273504 0.034161490683229816
1 0.41239316239316237 0.2857142857142857 0.021367521367521368 0.031055900621118012
4 0.9850427350427351 0.006211180124223602 0.01282051282051282 0.006211180124223602