3 0.9881465517241379 0.5 0.01939655172413793 0.99375
3 0.052801724137931036 0.5 0.10129310344827586 0.99375
2 0.11961206896551724 0.278125 0.028017241379310345 0.0375
2 0.35021551724137934 0.284375 0.023706896551724137 0.0375
2 0.3728448275862069 0.5703125 0.02586206896551724 0.040625
2 0.23599137931034483 0.615625 0.023706896551724137 0.0375
5 0.4202586206896552 0.28125 0.021551724137931036 0.03125
5 0.125 0.1171875 0.02586206896551724 0.034375
0 0.26939655172413796 0.3421875 0.021551724137931036 0.034375
0 0.3933189655172414 0.3703125 0.023706896551724137 0.034375
1 0.19288793103448276 0.2609375 0.023706896551724137 0.034375
1 0.28879310344827586 0.1890625 0.021551724137931036 0.034375
1 0.37823275862068967 0.203125 0.023706896551724137 0.0375
1 0.4105603448275862 0.3203125 0.023706896551724137 0.034375
1 0.4073275862068966 0.253125 0.021551724137931036 0.03125