3 0.9791666666666666 0.5 0.0375 0.9939393939393939
3 0.0625 0.5 0.12083333333333333 0.9939393939393939
2 0.31666666666666665 0.07878787878787878 0.025 0.04242424242424243
2 0.13541666666666666 0.24393939393939393 0.025 0.03939393939393939
2 0.35 0.6257575757575757 0.025 0.03939393939393939
2 0.4427083333333333 0.5878787878787879 0.022916666666666665 0.03636363636363636
2 0.484375 0.8848484848484849 0.035416666666666666 0.03636363636363636
5 0.43645833333333334 0.6257575757575757 0.022916666666666665 0.03333333333333333
5 0.7739583333333333 0.45454545454545453 0.027083333333333334 0.03636363636363636
0 0.6166666666666667 0.4666666666666667 0.025 0.03636363636363636
0 0.24270833333333333 0.20909090909090908 0.022916666666666665 0.03636363636363636
1 0.4 0.10454545454545454 0.025 0.03939393939393939
1 0.5833333333333334 0.2772727272727273 0.020833333333333332 0.03333333333333333
1 0.5354166666666667 0.5666666666666667 0.025 0.03636363636363636
1 0.421875 0.8257575757575758 0.022916666666666665 0.03333333333333333
1 0.5958333333333333 0.9696969696969697 0.020833333333333332 0.03636363636363636
4 0.465625 0.5712121212121212 0.010416666666666666 0.015151515151515152