3 0.9833333333333333 0.5 0.029166666666666667 0.9939393939393939
3 0.0625 0.5 0.12083333333333333 0.9939393939393939
2 0.3614583333333333 0.31212121212121213 0.027083333333333334 0.03636363636363636
2 0.13854166666666667 0.30606060606060603 0.027083333333333334 0.03636363636363636
2 0.26145833333333335 0.5575757575757576 0.022916666666666665 0.030303030303030304
2 0.25 0.6348484848484849 0.025 0.03333333333333333
2 0.38229166666666664 0.5878787878787879 0.027083333333333334 0.03636363636363636
5 0.14375 0.15 0.025 0.03333333333333333
5 0.9697916666666667 0.022727272727272728 0.022916666666666665 0.03333333333333333
0 0.284375 0.3712121212121212 0.022916666666666665 0.03333333333333333
0 0.403125 0.396969696969697 0.022916666666666665 0.03636363636363636
1 0.41770833333333335 0.34545454545454546 0.022916666666666665 0.030303030303030304
1 0.415625 0.2803030303030303 0.022916666666666665 0.03333333333333333
1 0.3885416666666667 0.23333333333333334 0.022916666666666665 0.03636363636363636
1 0.30104166666666665 0.2196969696969697 0.022916666666666665 0.03333333333333333
1 0.20833333333333334 0.2909090909090909 0.020833333333333332 0.030303030303030304
4 0.984375 0.022727272727272728 0.00625 0.015151515151515152