3 0.9823651452282157 0.5 0.03112033195020747 1
3 0.06224066390041494 0.49849397590361444 0.12033195020746888 0.9969879518072289
2 0.3620331950207469 0.6927710843373494 0.026970954356846474 0.03614457831325301
2 0.1400414937759336 0.6987951807228916 0.026970954356846474 0.03614457831325301
2 0.262448132780083 0.44879518072289154 0.022821576763485476 0.030120481927710843
2 0.25103734439834025 0.37198795180722893 0.024896265560165973 0.03313253012048193
2 0.38278008298755184 0.4186746987951807 0.026970954356846474 0.03614457831325301
5 0.14522821576763487 0.8539156626506024 0.024896265560165973 0.03313253012048193
5 0.9678423236514523 0.9804216867469879 0.022821576763485476 0.03313253012048193
0 0.28526970954356845 0.6340361445783133 0.022821576763485476 0.03313253012048193
0 0.40352697095435686 0.608433734939759 0.022821576763485476 0.03614457831325301
1 0.41804979253112035 0.6596385542168675 0.022821576763485476 0.030120481927710843
1 0.41597510373443985 0.7243975903614458 0.022821576763485476 0.03313253012048193
1 0.38900414937759337 0.7710843373493976 0.022821576763485476 0.03614457831325301
1 0.30186721991701243 0.7846385542168675 0.022821576763485476 0.03313253012048193
1 0.2095435684647303 0.713855421686747 0.02074688796680498 0.030120481927710843
4 0.9823651452282157 0.9804216867469879 0.006224066390041493 0.015060240963855422