3 0.06517094017094018 0.5 0.12606837606837606 0.9937888198757764
2 0.37393162393162394 0.3167701863354037 0.02564102564102564 0.037267080745341616
2 0.14423076923076922 0.31211180124223603 0.027777777777777776 0.040372670807453416
2 0.2692307692307692 0.5683229813664596 0.021367521367521368 0.031055900621118012
2 0.25854700854700857 0.6475155279503105 0.02564102564102564 0.034161490683229816
2 0.39316239316239315 0.6009316770186336 0.02564102564102564 0.040372670807453416
5 0.15064102564102563 0.14906832298136646 0.023504273504273504 0.037267080745341616
5 0.9861111111111112 0.03571428571428571 0.023504273504273504 0.040372670807453416
0 0.29273504273504275 0.37732919254658387 0.021367521367521368 0.040372670807453416
0 0.4166666666666667 0.40217391304347827 0.02564102564102564 0.040372670807453416
1 0.21581196581196582 0.296583850931677 0.021367521367521368 0.034161490683229816
1 0.31196581196581197 0.2220496894409938 0.021367521367521368 0.034161490683229816
1 0.4017094017094017 0.2360248447204969 0.021367521367521368 0.037267080745341616
1 0.4284188034188034 0.2826086956521739 0.023504273504273504 0.037267080745341616
1 0.4326923076923077 0.35248447204968947 0.023504273504273504 0.034161490683229816
4 0.9893162393162394 0.013975155279503106 0.01282051282051282 0.009316770186335404