3 0.016163793103448277 0.4984375 0.032327586206896554 0.996875
3 0.9536637931034483 0.4984375 0.08836206896551724 0.996875
2 0.6594827586206896 0.690625 0.02586206896551724 0.0375
2 0.8911637931034483 0.6953125 0.028017241379310345 0.040625
2 0.7650862068965517 0.4375 0.021551724137931036 0.03125
2 0.7758620689655172 0.3578125 0.02586206896551724 0.034375
2 0.6400862068965517 0.4046875 0.02586206896551724 0.040625
5 0.884698275862069 0.859375 0.023706896551724137 0.0375
5 0.03771551724137931 0.9734375 0.028017241379310345 0.034375
0 0.7413793103448276 0.6296875 0.021551724137931036 0.040625
0 0.6163793103448276 0.6046875 0.02586206896551724 0.040625
1 0.8189655172413793 0.7109375 0.021551724137931036 0.034375
1 0.7219827586206896 0.7859375 0.021551724137931036 0.034375
1 0.6314655172413793 0.771875 0.021551724137931036 0.0375
1 0.6045258620689655 0.725 0.023706896551724137 0.0375
1 0.6002155172413793 0.6546875 0.023706896551724137 0.034375
4 0.03987068965517242 0.99375 0.015086206896551725 0.00625