3 0.014644351464435146 0.5 0.029288702928870293 0.9939393939393939
3 0.9393305439330544 0.5 0.12133891213389121 0.9939393939393939
2 0.6359832635983264 0.30606060606060603 0.02510460251046025 0.03636363636363636
2 0.8608786610878661 0.3015151515151515 0.027196652719665274 0.03939393939393939
2 0.7384937238493724 0.5515151515151515 0.02092050209205021 0.030303030303030304
2 0.7489539748953975 0.6287878787878788 0.02510460251046025 0.03333333333333333
2 0.6171548117154811 0.5833333333333334 0.02510460251046025 0.03939393939393939
5 0.854602510460251 0.14242424242424243 0.02301255230125523 0.03636363636363636
5 0.032426778242677826 0.031818181818181815 0.027196652719665274 0.03333333333333333
0 0.7154811715481172 0.36515151515151517 0.02092050209205021 0.03939393939393939
0 0.5941422594142259 0.3893939393939394 0.02510460251046025 0.03939393939393939
1 0.7907949790794979 0.2863636363636364 0.02092050209205021 0.03333333333333333
1 0.696652719665272 0.21363636363636362 0.02092050209205021 0.03333333333333333
1 0.608786610878661 0.22727272727272727 0.02092050209205021 0.03636363636363636
1 0.5826359832635983 0.2727272727272727 0.02301255230125523 0.03636363636363636
1 0.5784518828451883 0.3409090909090909 0.02301255230125523 0.03333333333333333
4 0.03347280334728033 0.010606060606060607 0.012552301255230125 0.00909090909090909