3 0.015690376569037656 0.5 0.03138075313807531 0.9939393939393939
3 0.9351464435146444 0.5 0.1297071129707113 0.9939393939393939
2 0.6746861924686193 0.07424242424242425 0.02301255230125523 0.045454545454545456
2 0.856694560669456 0.23939393939393938 0.027196652719665274 0.04242424242424243
2 0.5481171548117155 0.5818181818181818 0.02092050209205021 0.03636363636363636
2 0.6422594142259415 0.6212121212121212 0.02510460251046025 0.04242424242424243
2 0.3399581589958159 0.7393939393939394 0.0397489539748954 0.048484848484848485
5 0.555439330543933 0.6212121212121212 0.02301255230125523 0.03636363636363636
5 0.21652719665271966 0.4484848484848485 0.027196652719665274 0.03636363636363636
0 0.37343096234309625 0.4621212121212121 0.02301255230125523 0.03939393939393939
0 0.7489539748953975 0.20303030303030303 0.02092050209205021 0.03636363636363636
1 0.40794979079497906 0.2727272727272727 0.02092050209205021 0.03636363636363636
1 0.4560669456066946 0.5636363636363636 0.02092050209205021 0.03636363636363636
1 0.5700836820083682 0.8212121212121212 0.02301255230125523 0.03636363636363636
1 0.39435146443514646 0.9636363636363636 0.02301255230125523 0.03636363636363636
1 0.5930962343096234 0.09848484848484848 0.02301255230125523 0.03939393939393939
4 0.5261506276150628 0.5666666666666667 0.010460251046025104 0.01818181818181818