3 0.05493273542600897 0.5 0.10538116591928251 0.9935064935064936
2 0.31614349775784756 0.030844155844155844 0.026905829596412557 0.04220779220779221
2 0.12219730941704036 0.20941558441558442 0.02466367713004484 0.04220779220779221
2 0.4484304932735426 0.5584415584415584 0.02242152466367713 0.032467532467532464
2 0.3396860986547085 0.6331168831168831 0.02466367713004484 0.03896103896103896
2 0.4248878923766816 0.6038961038961039 0.02466367713004484 0.03896103896103896
5 0.8082959641255605 0.43506493506493504 0.02466367713004484 0.032467532467532464
5 0.3452914798206278 0.5584415584415584 0.026905829596412557 0.03896103896103896
0 0.6401345291479821 0.44805194805194803 0.02466367713004484 0.03896103896103896
0 0.23766816143497757 0.17045454545454544 0.02242152466367713 0.03571428571428571
1 0.6031390134529148 0.24512987012987014 0.02242152466367713 0.03571428571428571
1 0.5515695067264574 0.5568181818181818 0.02242152466367713 0.03571428571428571
1 0.42937219730941706 0.8327922077922078 0.02466367713004484 0.04220779220779221
1 0.6165919282511211 0.9805194805194806 0.026905829596412557 0.032467532467532464
1 0.4047085201793722 0.05844155844155844 0.02466367713004484 0.03896103896103896
4 0.476457399103139 0.560064935064935 0.011210762331838564 0.016233766233766232