3 0.9782157676348547 0.5 0.03941908713692946 0.9939759036144579
3 0.06327800829875518 0.5 0.12240663900414937 0.9939759036144579
2 0.31742738589211617 0.08283132530120482 0.024896265560165973 0.0391566265060241
2 0.13796680497925312 0.24849397590361447 0.022821576763485476 0.0391566265060241
2 0.43983402489626555 0.572289156626506 0.02074688796680498 0.030120481927710843
2 0.3392116182572614 0.641566265060241 0.022821576763485476 0.03614457831325301
2 0.41804979253112035 0.6144578313253012 0.022821576763485476 0.03614457831325301
5 0.7728215767634855 0.4578313253012048 0.022821576763485476 0.030120481927710843
5 0.34439834024896265 0.572289156626506 0.024896265560165973 0.03614457831325301
0 0.6172199170124482 0.46987951807228917 0.022821576763485476 0.03614457831325301
0 0.24481327800829875 0.21234939759036145 0.02074688796680498 0.03313253012048193
1 0.58298755186722 0.2816265060240964 0.02074688796680498 0.03313253012048193
1 0.5352697095435685 0.5707831325301205 0.02074688796680498 0.03313253012048193
1 0.4221991701244813 0.8268072289156626 0.022821576763485476 0.0391566265060241
1 0.5954356846473029 0.9683734939759037 0.02074688796680498 0.03313253012048193
1 0.3993775933609959 0.10843373493975904 0.022821576763485476 0.03614457831325301
4 0.4657676348547718 0.5737951807228916 0.01037344398340249 0.015060240963855422