3 0.978310502283105 0.5 0.03881278538812785 1
2 0.2945205479452055 0.6655629139072847 0.0273972602739726 0.039735099337748346
2 0.04908675799086758 0.6721854304635762 0.02968036529680365 0.039735099337748346
2 0.182648401826484 0.3956953642384106 0.0228310502283105 0.029801324503311258
2 0.3162100456621005 0.36258278145695366 0.02511415525114155 0.03642384105960265
2 0.1723744292237443 0.3129139072847682 0.02511415525114155 0.03642384105960265
5 0.0547945205479452 0.8427152317880795 0.0273972602739726 0.03642384105960265
5 0.9509132420091324 0.9768211920529801 0.02968036529680365 0.039735099337748346
0 0.3401826484018265 0.5728476821192053 0.0228310502283105 0.033112582781456956
0 0.20776255707762556 0.6026490066225165 0.0228310502283105 0.033112582781456956
1 0.12557077625570776 0.6887417218543046 0.0228310502283105 0.033112582781456956
1 0.228310502283105 0.7682119205298014 0.0228310502283105 0.033112582781456956
1 0.3242009132420091 0.7516556291390728 0.0228310502283105 0.039735099337748346
1 0.3527397260273973 0.7019867549668874 0.02054794520547945 0.033112582781456956
1 0.3561643835616438 0.6274834437086093 0.0228310502283105 0.03642384105960265
4 0.9372146118721462 0.9552980132450332 0.01141552511415525 0.016556291390728478