3 0.021966527196652718 0.4984848484848485 0.043933054393305436 0.996969696969697
3 0.9424686192468619 0.4984848484848485 0.1108786610878661 0.996969696969697
2 0.6903765690376569 0.9166666666666666 0.02510460251046025 0.03939393939393939
2 0.8713389121338913 0.75 0.02301255230125523 0.03939393939393939
2 0.5669456066945606 0.42424242424242425 0.02092050209205021 0.030303030303030304
2 0.6684100418410042 0.35454545454545455 0.02301255230125523 0.03636363636363636
2 0.5889121338912134 0.38181818181818183 0.02301255230125523 0.03636363636363636
5 0.23117154811715482 0.5393939393939394 0.02301255230125523 0.030303030303030304
5 0.6631799163179917 0.42424242424242425 0.02510460251046025 0.03636363636363636
0 0.3880753138075314 0.5272727272727272 0.02301255230125523 0.03636363636363636
0 0.7635983263598326 0.7863636363636364 0.02092050209205021 0.03333333333333333
1 0.4225941422594142 0.7166666666666667 0.02092050209205021 0.03333333333333333
1 0.4707112970711297 0.4257575757575758 0.02092050209205021 0.03333333333333333
1 0.5847280334728033 0.16818181818181818 0.02301255230125523 0.03939393939393939
1 0.4100418410041841 0.025757575757575757 0.02092050209205021 0.03333333333333333
1 0.6077405857740585 0.8909090909090909 0.02301255230125523 0.03636363636363636
4 0.5407949790794979 0.42272727272727273 0.010460251046025104 0.015151515151515152