3 0.9330357142857143 0.49838709677419357 0.12946428571428573 0.9967741935483871
2 0.6104910714285714 0.7419354838709677 0.024553571428571428 0.03870967741935484
2 0.7176339285714286 0.4806451612903226 0.024553571428571428 0.03225806451612903
2 0.7299107142857143 0.39838709677419354 0.026785714285714284 0.035483870967741936
2 0.5881696428571429 0.4467741935483871 0.024553571428571428 0.035483870967741936
2 0.8493303571428571 0.7483870967741936 0.029017857142857144 0.03870967741935484
5 0.84375 0.9145161290322581 0.026785714285714284 0.035483870967741936
0 0.6930803571428571 0.682258064516129 0.024553571428571428 0.035483870967741936
0 0.5658482142857143 0.6532258064516129 0.024553571428571428 0.035483870967741936
1 0.5502232142857143 0.7064516129032258 0.024553571428571428 0.03225806451612903
1 0.5524553571428571 0.7758064516129032 0.024553571428571428 0.035483870967741936
1 0.5814732142857143 0.8258064516129032 0.024553571428571428 0.03870967741935484
1 0.6752232142857143 0.8403225806451613 0.024553571428571428 0.035483870967741936
1 0.7756696428571429 0.7629032258064516 0.024553571428571428 0.035483870967741936