3 0.009698275862068966 0.4984375 0.01939655172413793 0.996875
3 0.947198275862069 0.4984375 0.10129310344827586 0.996875
2 0.6476293103448276 0.7125 0.023706896551724137 0.0375
2 0.7510775862068966 0.459375 0.023706896551724137 0.03125
2 0.7629310344827587 0.3796875 0.02586206896551724 0.034375
2 0.6260775862068966 0.4265625 0.023706896551724137 0.034375
2 0.8782327586206896 0.71875 0.028017241379310345 0.0375
5 0.8728448275862069 0.8796875 0.02586206896551724 0.034375
5 0.03125 0.9890625 0.028017241379310345 0.015625
0 0.7273706896551724 0.6546875 0.023706896551724137 0.034375
0 0.6045258620689655 0.6265625 0.023706896551724137 0.034375
1 0.5894396551724138 0.678125 0.023706896551724137 0.03125
1 0.5915948275862069 0.7453125 0.023706896551724137 0.034375
1 0.6196120689655172 0.79375 0.023706896551724137 0.0375
1 0.7101293103448276 0.8078125 0.023706896551724137 0.034375
1 0.8071120689655172 0.7328125 0.023706896551724137 0.034375
4 0.04202586206896552 0.9796875 0.010775862068965518 0.015625