3 0.9752252252252253 0.5 0.04504504504504504 0.9934640522875817
3 0.0259009009009009 0.6535947712418301 0.0472972972972973 0.6862745098039216
2 0.5101351351351351 0.20261437908496732 0.024774774774774775 0.0392156862745098
2 0.36824324324324326 0.31699346405228757 0.024774774774774775 0.0457516339869281
2 0.3333333333333333 0.3758169934640523 0.02702702702702703 0.0392156862745098
2 0.22072072072072071 0.369281045751634 0.02702702702702703 0.0392156862745098
2 0.02927927927927928 0.16830065359477125 0.02702702702702703 0.042483660130718956
5 0.22297297297297297 0.4199346405228758 0.02702702702702703 0.03594771241830065
5 0.3096846846846847 0.4477124183006536 0.024774774774774775 0.032679738562091505
0 0.5484234234234234 0.32189542483660133 0.024774774774774775 0.042483660130718956
0 0.4594594594594595 0.3627450980392157 0.02702702702702703 0.0392156862745098
1 0.2972972972972973 0.4166666666666667 0.02252252252252252 0.03594771241830065
1 0.25788288288288286 0.41830065359477125 0.024774774774774775 0.0392156862745098
1 0.25563063063063063 0.4526143790849673 0.024774774774774775 0.029411764705882353
1 0.028153153153153154 0.3006535947712418 0.02927927927927928 0.0392156862745098
1 0.037162162162162164 0.10294117647058823 0.02927927927927928 0.042483660130718956
4 0.4831081081081081 0.2369281045751634 0.01126126126126126 0.016339869281045753
3 0.019144144144144143 0.23202614379084968 0.033783783783783786 0.09803921568627451