3 0.06140350877192982 0.3370253164556962 0.11842105263157894 0.6740506329113924
2 0.5712719298245614 0.7784810126582279 0.02412280701754386 0.0379746835443038
2 0.4331140350877193 0.6677215189873418 0.02412280701754386 0.04430379746835443
2 0.3991228070175439 0.6107594936708861 0.02631578947368421 0.0379746835443038
2 0.2894736842105263 0.6170886075949367 0.02631578947368421 0.0379746835443038
2 0.10307017543859649 0.8117088607594937 0.02631578947368421 0.04113924050632911
5 0.2916666666666667 0.5680379746835443 0.02631578947368421 0.03481012658227848
5 0.37609649122807015 0.5411392405063291 0.02412280701754386 0.03164556962025317
0 0.6085526315789473 0.6629746835443038 0.02412280701754386 0.04113924050632911
0 0.5219298245614035 0.6234177215189873 0.02631578947368421 0.0379746835443038
1 0.36403508771929827 0.5712025316455697 0.021929824561403508 0.03481012658227848
1 0.3256578947368421 0.569620253164557 0.02412280701754386 0.0379746835443038
1 0.32346491228070173 0.5363924050632911 0.02412280701754386 0.028481012658227847
1 0.10197368421052631 0.6835443037974683 0.02850877192982456 0.0379746835443038
1 0.11074561403508772 0.875 0.02850877192982456 0.04113924050632911
4 0.5449561403508771 0.745253164556962 0.010964912280701754 0.015822784810126583
3 0.05592105263157895 0.75 0.1074561403508772 0.0949367088607595
3 0.05921052631578947 0.9462025316455697 0.11403508771929824 0.10126582278481013