3 0.019318181818181818 0.5 0.038636363636363635 0.993421052631579
3 0.9795454545454545 0.5 0.04090909090909091 0.993421052631579
2 0.9 0.19736842105263158 0.022727272727272728 0.03289473684210526
2 0.8420454545454545 0.19078947368421054 0.025 0.03289473684210526
2 0.8022727272727272 0.23190789473684212 0.02727272727272727 0.03618421052631579
2 0.7863636363636364 0.3026315789473684 0.02727272727272727 0.039473684210526314
2 0.7056818181818182 0.2911184210526316 0.029545454545454545 0.03618421052631579
5 0.8954545454545455 0.31414473684210525 0.02727272727272727 0.03618421052631579
5 0.8170454545454545 0.2845394736842105 0.025 0.03618421052631579
0 0.8318181818181818 0.2598684210526316 0.022727272727272728 0.03289473684210526
0 0.7681818181818182 0.28289473684210525 0.022727272727272728 0.03289473684210526
1 0.7375 0.3404605263157895 0.025 0.03618421052631579
1 0.7943181818181818 0.26644736842105265 0.025 0.02631578947368421
1 0.8613636363636363 0.2845394736842105 0.02727272727272727 0.029605263157894735
1 0.8363636363636363 0.22532894736842105 0.02727272727272727 0.03618421052631579
1 0.8761363636363636 0.1875 0.025 0.03289473684210526
4 0.8806818181818182 0.21052631578947367 0.011363636363636364 0.013157894736842105