3 0.019791666666666666 0.5 0.03958333333333333 0.9939393939393939
3 0.9375 0.6757575757575758 0.125 0.6424242424242425
2 0.446875 0.2545454545454545 0.022916666666666665 0.03636363636363636
2 0.578125 0.3606060606060606 0.022916666666666665 0.04242424242424243
2 0.6104166666666667 0.41515151515151516 0.025 0.03636363636363636
2 0.7145833333333333 0.4090909090909091 0.025 0.03636363636363636
2 0.8916666666666667 0.22272727272727272 0.025 0.03939393939393939
5 0.7125 0.45606060606060606 0.025 0.03333333333333333
5 0.6322916666666667 0.4818181818181818 0.022916666666666665 0.030303030303030304
0 0.4114583333333333 0.36515151515151517 0.022916666666666665 0.03939393939393939
0 0.49375 0.403030303030303 0.025 0.03636363636363636
1 0.64375 0.453030303030303 0.020833333333333332 0.03333333333333333
1 0.6802083333333333 0.45454545454545453 0.022916666666666665 0.03636363636363636
1 0.6822916666666666 0.4863636363636364 0.022916666666666665 0.02727272727272727
1 0.8927083333333333 0.34545454545454546 0.027083333333333334 0.03636363636363636
1 0.884375 0.1621212121212121 0.027083333333333334 0.03939393939393939
4 0.471875 0.2863636363636364 0.010416666666666666 0.015151515151515152
3 0.9416666666666667 0.2818181818181818 0.1125 0.09090909090909091
3 0.9385416666666667 0.07272727272727272 0.11875 0.1393939393939394