3 0.059782608695652176 0.5 0.11521739130434783 0.9936708860759493
2 0.17173913043478262 0.18037974683544303 0.021739130434782608 0.03164556962025317
2 0.22717391304347825 0.17405063291139242 0.02391304347826087 0.03164556962025317
2 0.26521739130434785 0.21360759493670886 0.02608695652173913 0.03481012658227848
2 0.28043478260869564 0.28164556962025317 0.02608695652173913 0.0379746835443038
2 0.3576086956521739 0.27056962025316456 0.02826086956521739 0.03481012658227848
5 0.17608695652173914 0.2927215189873418 0.02608695652173913 0.03481012658227848
5 0.2510869565217391 0.26424050632911394 0.02391304347826087 0.03481012658227848
0 0.23695652173913043 0.24050632911392406 0.021739130434782608 0.03164556962025317
0 0.29782608695652174 0.2626582278481013 0.021739130434782608 0.03164556962025317
1 0.32717391304347826 0.3180379746835443 0.02391304347826087 0.03481012658227848
1 0.2728260869565217 0.2468354430379747 0.02391304347826087 0.02531645569620253
1 0.20869565217391303 0.26424050632911394 0.02608695652173913 0.028481012658227847
1 0.2326086956521739 0.20727848101265822 0.02608695652173913 0.03481012658227848
1 0.19456521739130433 0.17088607594936708 0.02391304347826087 0.03164556962025317
4 0.19021739130434784 0.1930379746835443 0.010869565217391304 0.012658227848101266