3 0.9369469026548672 0.4983974358974359 0.12168141592920353 0.9967948717948718
2 0.8185840707964602 0.8173076923076923 0.022123893805309734 0.03205128205128205
2 0.7621681415929203 0.8237179487179487 0.024336283185840708 0.03205128205128205
2 0.7234513274336283 0.7836538461538461 0.02654867256637168 0.035256410256410256
2 0.7079646017699115 0.7147435897435898 0.02654867256637168 0.038461538461538464
2 0.629424778761062 0.7259615384615384 0.028761061946902654 0.035256410256410256
5 0.8141592920353983 0.7035256410256411 0.02654867256637168 0.035256410256410256
5 0.7378318584070797 0.7323717948717948 0.024336283185840708 0.035256410256410256
0 0.7522123893805309 0.7564102564102564 0.022123893805309734 0.03205128205128205
0 0.6902654867256637 0.7339743589743589 0.022123893805309734 0.03205128205128205
1 0.6603982300884956 0.6778846153846154 0.024336283185840708 0.035256410256410256
1 0.7157079646017699 0.75 0.024336283185840708 0.02564102564102564
1 0.7809734513274337 0.7323717948717948 0.02654867256637168 0.028846153846153848
1 0.7566371681415929 0.7900641025641025 0.02654867256637168 0.035256410256410256
1 0.7953539823008849 0.8269230769230769 0.024336283185840708 0.03205128205128205
4 0.7997787610619469 0.8044871794871795 0.011061946902654867 0.01282051282051282