3 0.014830508474576272 0.49846625766871167 0.029661016949152543 0.9969325153374233
2 0.684322033898305 0.9156441717791411 0.025423728813559324 0.03987730061349693
2 0.8686440677966102 0.745398773006135 0.025423728813559324 0.04294478527607362
2 0.5614406779661016 0.4294478527607362 0.0211864406779661 0.03067484662576687
2 0.652542372881356 0.3895705521472393 0.025423728813559324 0.03680981595092025
2 0.690677966101695 0.294478527607362 0.025423728813559324 0.03680981595092025
5 0.21927966101694915 0.5337423312883436 0.023305084745762712 0.03067484662576687
5 0.1271186440677966 0.3174846625766871 0.029661016949152543 0.03374233128834356
0 0.3781779661016949 0.5199386503067485 0.023305084745762712 0.03374233128834356
0 0.7595338983050848 0.7822085889570553 0.023305084745762712 0.03680981595092025
1 0.600635593220339 0.8895705521472392 0.023305084745762712 0.03680981595092025
1 0.413135593220339 0.7131901840490797 0.0211864406779661 0.03374233128834356
1 0.461864406779661 0.4187116564417178 0.0211864406779661 0.03374233128834356
1 0.5773305084745762 0.15644171779141106 0.023305084745762712 0.03680981595092025
1 0.4014830508474576 0.01687116564417178 0.02754237288135593 0.03374233128834356
4 0.5328389830508474 0.4156441717791411 0.01059322033898305 0.015337423312883436
3 0.940677966101695 0.19478527607361965 0.11440677966101695 0.3895705521472393
3 0.9459745762711864 0.7085889570552147 0.1038135593220339 0.5766871165644172