2 0.31756756756756754 0.05718954248366013 0.02702702702702703 0.042483660130718956
2 0.12162162162162163 0.238562091503268 0.02702702702702703 0.0457516339869281
2 0.44819819819819817 0.5751633986928104 0.02252252252252252 0.032679738562091505
2 0.35135135135135137 0.6176470588235294 0.02702702702702703 0.0392156862745098
2 0.3108108108108108 0.7189542483660131 0.02702702702702703 0.0392156862745098
5 0.8119369369369369 0.46405228758169936 0.024774774774774775 0.032679738562091505
5 0.9099099099099099 0.6944444444444444 0.03153153153153153 0.03594771241830065
0 0.6430180180180181 0.47875816993464054 0.024774774774774775 0.03594771241830065
0 0.2376126126126126 0.19934640522875818 0.024774774774774775 0.0392156862745098
1 0.40653153153153154 0.08496732026143791 0.024774774774774775 0.0392156862745098
1 0.6058558558558559 0.272875816993464 0.02252252252252252 0.03594771241830065
1 0.5540540540540541 0.5866013071895425 0.02252252252252252 0.03594771241830065
1 0.4313063063063063 0.8660130718954249 0.024774774774774775 0.0392156862745098
4 0.4786036036036036 0.5898692810457516 0.01126126126126126 0.016339869281045753
3 0.05518018018018018 0.8071895424836601 0.10585585585585586 0.3790849673202614
3 0.04842342342342342 0.29411764705882354 0.09234234234234234 0.5816993464052288