3 0.956858407079646 0.4983974358974359 0.08185840707964602 0.9967948717948718
3 0.007743362831858407 0.22435897435897437 0.015486725663716814 0.44871794871794873
4 0.09292035398230089 0.5737179487179487 0.008849557522123894 0.01282051282051282
5 0.07411504424778761 0.5737179487179487 0.024336283185840708 0.03205128205128205
1 0.6006637168141593 0.6907051282051282 0.024336283185840708 0.035256410256410256
1 0.6017699115044248 0.7644230769230769 0.022123893805309734 0.035256410256410256
1 0.6316371681415929 0.8108974358974359 0.024336283185840708 0.038461538461538464
1 0.7234513274336283 0.8253205128205128 0.022123893805309734 0.035256410256410256
1 0.8230088495575221 0.7483974358974359 0.022123893805309734 0.035256410256410256
0 0.6150442477876106 0.6394230769230769 0.022123893805309734 0.035256410256410256
0 0.7433628318584071 0.6666666666666666 0.022123893805309734 0.03205128205128205
5 0.8915929203539823 0.9006410256410257 0.022123893805309734 0.03205128205128205
2 0.8982300884955752 0.7323717948717948 0.02654867256637168 0.035256410256410256
2 0.7676991150442478 0.46794871794871795 0.022123893805309734 0.03205128205128205
2 0.7776548672566371 0.38621794871794873 0.024336283185840708 0.035256410256410256
2 0.6382743362831859 0.4342948717948718 0.024336283185840708 0.035256410256410256
2 0.6603982300884956 0.7291666666666666 0.024336283185840708 0.035256410256410256