3 0.04782608695652174 0.5 0.09130434782608696 0.9936708860759493
3 0.9869565217391304 0.7832278481012658 0.021739130434782608 0.4272151898734177
4 0.9 0.4462025316455696 0.008695652173913044 0.012658227848101266
5 0.9184782608695652 0.4462025316455696 0.02391304347826087 0.03164556962025317
1 0.40108695652173915 0.33069620253164556 0.02391304347826087 0.03481012658227848
1 0.4 0.2579113924050633 0.021739130434782608 0.03481012658227848
1 0.3706521739130435 0.2120253164556962 0.02391304347826087 0.0379746835443038
1 0.28043478260869564 0.19778481012658228 0.021739130434782608 0.03481012658227848
1 0.1826086956521739 0.2737341772151899 0.021739130434782608 0.03481012658227848
0 0.3869565217391304 0.3813291139240506 0.021739130434782608 0.03481012658227848
0 0.2608695652173913 0.35443037974683544 0.021739130434782608 0.03164556962025317
5 0.11521739130434783 0.12341772151898735 0.021739130434782608 0.03164556962025317
2 0.10869565217391304 0.28955696202531644 0.02608695652173913 0.03481012658227848
2 0.23695652173913043 0.5506329113924051 0.021739130434782608 0.03164556962025317
2 0.22717391304347825 0.6313291139240507 0.02391304347826087 0.03481012658227848
2 0.3641304347826087 0.5838607594936709 0.02391304347826087 0.03481012658227848
2 0.3423913043478261 0.2927215189873418 0.02391304347826087 0.03481012658227848
3 0.9923913043478261 0.26582278481012656 0.010869565217391304 0.5253164556962026