3 0.9772727272727273 0.5 0.04132231404958678 1
2 0.3181818181818182 0.9176646706586826 0.024793388429752067 0.038922155688622756
2 0.1384297520661157 0.7514970059880239 0.024793388429752067 0.041916167664670656
2 0.4380165289256198 0.4431137724550898 0.02066115702479339 0.029940119760479042
2 0.34917355371900827 0.4041916167664671 0.024793388429752067 0.03592814371257485
2 0.3119834710743802 0.31137724550898205 0.024793388429752067 0.03592814371257485
5 0.7716942148760331 0.5449101796407185 0.022727272727272728 0.029940119760479042
5 0.8615702479338843 0.3338323353293413 0.028925619834710745 0.03293413173652695
0 0.6167355371900827 0.531437125748503 0.022727272727272728 0.03293413173652695
0 0.24483471074380164 0.7874251497005988 0.022727272727272728 0.03592814371257485
1 0.39979338842975204 0.8922155688622755 0.022727272727272728 0.03592814371257485
1 0.5826446280991735 0.7200598802395209 0.02066115702479339 0.03293413173652695
1 0.5351239669421488 0.43263473053892215 0.02066115702479339 0.03293413173652695
1 0.4225206611570248 0.17664670658682635 0.022727272727272728 0.03592814371257485
1 0.5950413223140496 0.0344311377245509 0.024793388429752067 0.038922155688622756
4 0.4659090909090909 0.4296407185628742 0.010330578512396695 0.014970059880239521
3 0.06301652892561983 0.20209580838323354 0.12190082644628099 0.4041916167664671
3 0.05785123966942149 0.7155688622754491 0.1115702479338843 0.562874251497006