3 0.04504504504504504 0.5 0.08558558558558559 0.9934640522875817
2 0.29504504504504503 0.03594771241830065 0.02702702702702703 0.0457516339869281
2 0.0990990990990991 0.21568627450980393 0.02702702702702703 0.0457516339869281
2 0.42567567567567566 0.5506535947712419 0.02252252252252252 0.03594771241830065
2 0.32882882882882886 0.5947712418300654 0.02702702702702703 0.0392156862745098
2 0.2894144144144144 0.696078431372549 0.02927927927927928 0.0392156862745098
5 0.7894144144144144 0.4411764705882353 0.024774774774774775 0.032679738562091505
5 0.5427927927927928 0.630718954248366 0.04054054054054054 0.0392156862745098
0 0.6193693693693694 0.4542483660130719 0.02702702702702703 0.0392156862745098
0 0.21621621621621623 0.1781045751633987 0.02252252252252252 0.03594771241830065
1 0.38400900900900903 0.06372549019607843 0.024774774774774775 0.042483660130718956
1 0.5833333333333334 0.25 0.02252252252252252 0.03594771241830065
1 0.5315315315315315 0.5637254901960784 0.02252252252252252 0.042483660130718956
1 0.40878378378378377 0.8415032679738562 0.024774774774774775 0.042483660130718956
1 0.5968468468468469 0.9836601307189542 0.02702702702702703 0.026143790849673203
4 0.4560810810810811 0.5669934640522876 0.01126126126126126 0.016339869281045753