3 0.01569506726457399 0.5 0.03139013452914798 0.9935064935064936
3 0.9652466367713004 0.5 0.06950672645739911 0.9935064935064936
2 0.7219730941704036 0.04220779220779221 0.026905829596412557 0.045454545454545456
2 0.9170403587443946 0.22077922077922077 0.026905829596412557 0.045454545454545456
2 0.5919282511210763 0.5535714285714286 0.02242152466367713 0.03571428571428571
2 0.6883408071748879 0.5974025974025974 0.026905829596412557 0.03896103896103896
2 0.7275784753363229 0.698051948051948 0.02914798206278027 0.03896103896103896
5 0.22982062780269058 0.4448051948051948 0.02466367713004484 0.032467532467532464
5 0.47533632286995514 0.6331168831168831 0.04035874439461883 0.03896103896103896
0 0.3991031390134529 0.4577922077922078 0.026905829596412557 0.03896103896103896
0 0.8004484304932735 0.18344155844155843 0.02242152466367713 0.03571428571428571
1 0.6334080717488789 0.0698051948051948 0.02466367713004484 0.04220779220779221
1 0.4349775784753363 0.25487012987012986 0.02242152466367713 0.03571428571428571
1 0.48654708520179374 0.5665584415584416 0.02242152466367713 0.04220779220779221
1 0.6087443946188341 0.8425324675324676 0.02466367713004484 0.04220779220779221
1 0.42376681614349776 0.9837662337662337 0.026905829596412557 0.025974025974025976
4 0.5616591928251121 0.5698051948051948 0.011210762331838564 0.016233766233766232