3 0.011702127659574468 0.5 0.023404255319148935 0.9938271604938271
3 0.9446808510638298 0.5 0.11063829787234042 0.9938271604938271
2 0.6425531914893617 0.3117283950617284 0.02553191489361702 0.037037037037037035
2 0.6191489361702127 0.5925925925925926 0.02553191489361702 0.043209876543209874
2 0.7446808510638298 0.5617283950617284 0.02127659574468085 0.030864197530864196
2 0.7542553191489362 0.6404320987654321 0.023404255319148935 0.033950617283950615
2 0.8691489361702127 0.3055555555555556 0.027659574468085105 0.037037037037037035
5 0.8638297872340426 0.14660493827160495 0.02553191489361702 0.033950617283950615
5 0.023404255319148935 0.46296296296296297 0.02553191489361702 0.030864197530864196
0 0.7202127659574468 0.36882716049382713 0.023404255319148935 0.033950617283950615
0 0.5989361702127659 0.3966049382716049 0.023404255319148935 0.033950617283950615
1 0.5829787234042553 0.3472222222222222 0.02553191489361702 0.033950617283950615
1 0.5861702127659575 0.279320987654321 0.023404255319148935 0.033950617283950615
1 0.6138297872340426 0.23148148148148148 0.023404255319148935 0.037037037037037035
1 0.7031914893617022 0.21604938271604937 0.023404255319148935 0.030864197530864196
1 0.7978723404255319 0.29012345679012347 0.02553191489361702 0.037037037037037035
4 0.02021276595744681 0.4876543209876543 0.010638297872340425 0.012345679012345678