3 0.9891304347826086 0.5 0.017391304347826087 0.9936708860759493
3 0.04891304347826087 0.5 0.09347826086956522 0.9936708860759493
2 0.3456521739130435 0.3037974683544304 0.02608695652173913 0.0379746835443038
2 0.3695652173913043 0.5917721518987342 0.02608695652173913 0.04430379746835443
2 0.24130434782608695 0.560126582278481 0.021739130434782608 0.03164556962025317
2 0.23152173913043478 0.6408227848101266 0.02391304347826087 0.03481012658227848
2 0.11413043478260869 0.2974683544303797 0.02826086956521739 0.0379746835443038
5 0.11956521739130435 0.13449367088607594 0.02608695652173913 0.03481012658227848
5 0.9782608695652174 0.4588607594936709 0.02608695652173913 0.03164556962025317
0 0.266304347826087 0.3623417721518987 0.02391304347826087 0.03481012658227848
0 0.39021739130434785 0.39082278481012656 0.02391304347826087 0.03481012658227848
1 0.40652173913043477 0.3401898734177215 0.02608695652173913 0.03481012658227848
1 0.4032608695652174 0.27056962025316456 0.02391304347826087 0.03481012658227848
1 0.375 0.22151898734177214 0.02391304347826087 0.0379746835443038
1 0.28369565217391307 0.20569620253164558 0.02391304347826087 0.03164556962025317
1 0.18695652173913044 0.28164556962025317 0.02608695652173913 0.0379746835443038
4 0.9815217391304348 0.48417721518987344 0.010869565217391304 0.012658227848101266