3 0.01939655172413793 0.5 0.03879310344827586 0.99375
3 0.9515086206896551 0.6609375 0.09698275862068965 0.671875
2 0.7015086206896551 0.05 0.023706896551724137 0.0375
2 0.625 0.39375 0.02586206896551724 0.0375
2 0.5775862068965517 0.54375 0.021551724137931036 0.0375
2 0.7068965517241379 0.6984375 0.02586206896551724 0.040625
2 0.7532327586206896 0.671875 0.028017241379310345 0.0375
5 0.22952586206896552 0.4375 0.023706896551724137 0.03125
5 0.9256465517241379 0.3125 0.028017241379310345 0.0375
0 0.7790948275862069 0.1875 0.01939655172413793 0.03125
0 0.3911637931034483 0.4515625 0.01939655172413793 0.034375
1 0.47629310344827586 0.55625 0.021551724137931036 0.0375
1 0.42564655172413796 0.2546875 0.01939655172413793 0.034375
1 0.6174568965517241 0.075 0.023706896551724137 0.0375
1 0.59375 0.821875 0.023706896551724137 0.0375
1 0.41271551724137934 0.971875 0.023706896551724137 0.0375
4 0.5484913793103449 0.5578125 0.010775862068965518 0.015625
3 0.9568965517241379 0.146875 0.08189655172413793 0.2875