3 0.9380530973451328 0.4983974358974359 0.11946902654867257 0.9967948717948718
2 0.6006637168141593 0.3717948717948718 0.028761061946902654 0.038461538461538464
2 0.7311946902654868 0.40544871794871795 0.024336283185840708 0.035256410256410256
2 0.7411504424778761 0.32211538461538464 0.02654867256637168 0.035256410256410256
2 0.6238938053097345 0.6634615384615384 0.02654867256637168 0.038461538461538464
2 0.8595132743362832 0.6698717948717948 0.028761061946902654 0.04487179487179487
5 0.8539823008849557 0.8349358974358975 0.02654867256637168 0.035256410256410256
0 0.7057522123893806 0.6025641025641025 0.022123893805309734 0.038461538461538464
0 0.577433628318584 0.5769230769230769 0.022123893805309734 0.038461538461538464
1 0.5641592920353983 0.6282051282051282 0.02654867256637168 0.038461538461538464
1 0.5663716814159292 0.6987179487179487 0.02654867256637168 0.038461538461538464
1 0.5940265486725663 0.7451923076923077 0.024336283185840708 0.035256410256410256
1 0.6869469026548672 0.7596153846153846 0.024336283185840708 0.038461538461538464
1 0.7853982300884956 0.6858974358974359 0.022123893805309734 0.03205128205128205