3 0.9841101694915254 0.5 0.02754237288135593 0.9938650306748467
3 0.05614406779661017 0.5 0.10805084745762712 0.9938650306748467
2 0.1260593220338983 0.30368098159509205 0.02754237288135593 0.03680981595092025
2 0.3527542372881356 0.3098159509202454 0.023305084745762712 0.03680981595092025
2 0.375 0.5904907975460123 0.025423728813559324 0.03987730061349693
2 0.2510593220338983 0.558282208588957 0.023305084745762712 0.03067484662576687
2 0.23940677966101695 0.6365030674846626 0.025423728813559324 0.03374233128834356
5 0.13135593220338984 0.14570552147239263 0.025423728813559324 0.03374233128834356
5 0.9459745762711864 0.9493865030674846 0.02754237288135593 0.03374233128834356
0 0.3961864406779661 0.3941717791411043 0.025423728813559324 0.03374233128834356
0 0.274364406779661 0.36809815950920244 0.023305084745762712 0.03067484662576687
1 0.4110169491525424 0.34355828220858897 0.025423728813559324 0.03067484662576687
1 0.4088983050847458 0.2776073619631902 0.0211864406779661 0.03374233128834356
1 0.3802966101694915 0.23006134969325154 0.023305084745762712 0.03680981595092025
1 0.2923728813559322 0.2147239263803681 0.0211864406779661 0.03067484662576687
1 0.19703389830508475 0.2898773006134969 0.0211864406779661 0.03374233128834356
4 0.9311440677966102 0.9555214723926381 0.01059322033898305 0.015337423312883436