3 0.06623931623931624 0.5 0.1282051282051282 0.9937888198757764
2 0.14636752136752137 0.2919254658385093 0.027777777777777776 0.037267080745341616
2 0.375 0.2981366459627329 0.023504273504273504 0.037267080745341616
2 0.3974358974358974 0.5822981366459627 0.02564102564102564 0.040372670807453416
2 0.2724358974358974 0.5496894409937888 0.023504273504273504 0.031055900621118012
2 0.2606837606837607 0.6288819875776398 0.02564102564102564 0.034161490683229816
5 0.1517094017094017 0.13198757763975155 0.02564102564102564 0.034161490683229816
5 0.9732905982905983 0.9456521739130435 0.027777777777777776 0.034161490683229816
0 0.4188034188034188 0.38354037267080743 0.02564102564102564 0.034161490683229816
0 0.29594017094017094 0.35714285714285715 0.023504273504273504 0.031055900621118012
1 0.4337606837606838 0.33229813664596275 0.02564102564102564 0.031055900621118012
1 0.43162393162393164 0.265527950310559 0.021367521367521368 0.034161490683229816
1 0.4027777777777778 0.21739130434782608 0.023504273504273504 0.037267080745341616
1 0.3141025641025641 0.20186335403726707 0.021367521367521368 0.031055900621118012
1 0.21794871794871795 0.2779503105590062 0.021367521367521368 0.034161490683229816
4 0.9583333333333334 0.9518633540372671 0.010683760683760684 0.015527950310559006