3 0.015889830508474576 0.5 0.03177966101694915 0.9938650306748467
3 0.9459745762711864 0.5 0.10805084745762712 0.9938650306748467
2 0.8739406779661016 0.2883435582822086 0.02754237288135593 0.03680981595092025
2 0.6472457627118644 0.294478527607362 0.023305084745762712 0.03680981595092025
2 0.625 0.5751533742331288 0.025423728813559324 0.03987730061349693
2 0.7489406779661016 0.5429447852760736 0.023305084745762712 0.03067484662576687
2 0.760593220338983 0.6211656441717791 0.025423728813559324 0.03374233128834356
5 0.8686440677966102 0.1303680981595092 0.025423728813559324 0.03374233128834356
5 0.05402542372881356 0.9340490797546013 0.02754237288135593 0.03374233128834356
0 0.6038135593220338 0.37883435582822084 0.025423728813559324 0.03374233128834356
0 0.725635593220339 0.35276073619631904 0.023305084745762712 0.03067484662576687
1 0.5889830508474576 0.3282208588957055 0.025423728813559324 0.03067484662576687
1 0.5911016949152542 0.26226993865030673 0.0211864406779661 0.03374233128834356
1 0.6197033898305084 0.2147239263803681 0.023305084745762712 0.03680981595092025
1 0.7076271186440678 0.19938650306748465 0.0211864406779661 0.03067484662576687
1 0.8029661016949152 0.2745398773006135 0.0211864406779661 0.03374233128834356
4 0.06885593220338983 0.9401840490797546 0.01059322033898305 0.015337423312883436