3 0.9819915254237288 0.5 0.03177966101694915 1
3 0.05296610169491525 0.49846625766871167 0.1016949152542373 0.9969325153374233
2 0.3485169491525424 0.6901840490797546 0.023305084745762712 0.03067484662576687
2 0.2457627118644068 0.44171779141104295 0.0211864406779661 0.03067484662576687
2 0.3697033898305085 0.40950920245398775 0.023305084745762712 0.03374233128834356
2 0.2341101694915254 0.36349693251533743 0.023305084745762712 0.03374233128834356
2 0.12076271186440678 0.6947852760736196 0.025423728813559324 0.03374233128834356
5 0.1271186440677966 0.8558282208588958 0.025423728813559324 0.03067484662576687
5 0.9523305084745762 0.06288343558282208 0.023305084745762712 0.03374233128834356
0 0.2690677966101695 0.6334355828220859 0.0211864406779661 0.03374233128834356
0 0.3919491525423729 0.6058282208588958 0.0211864406779661 0.03374233128834356
1 0.19279661016949154 0.7101226993865031 0.0211864406779661 0.03374233128834356
1 0.288135593220339 0.7852760736196319 0.0211864406779661 0.03067484662576687
1 0.3771186440677966 0.7714723926380368 0.0211864406779661 0.03374233128834356
1 0.4046610169491525 0.7254601226993865 0.0211864406779661 0.03374233128834356
1 0.4067796610169492 0.656441717791411 0.0211864406779661 0.03067484662576687
4 0.9671610169491526 0.0598159509202454 0.006355932203389831 0.015337423312883436