3 0.9851694915254238 0.5 0.025423728813559324 1
3 0.05614406779661017 0.49846625766871167 0.10805084745762712 0.9969325153374233
2 0.3548728813559322 0.7085889570552147 0.023305084745762712 0.03067484662576687
2 0.2521186440677966 0.4601226993865031 0.0211864406779661 0.03067484662576687
2 0.3760593220338983 0.4279141104294479 0.023305084745762712 0.03374233128834356
2 0.24046610169491525 0.38190184049079756 0.023305084745762712 0.03374233128834356
2 0.1271186440677966 0.7131901840490797 0.025423728813559324 0.03374233128834356
5 0.13347457627118645 0.8742331288343558 0.025423728813559324 0.03067484662576687
5 0.9586864406779662 0.08128834355828221 0.023305084745762712 0.03374233128834356
0 0.2754237288135593 0.651840490797546 0.0211864406779661 0.03374233128834356
0 0.3983050847457627 0.6242331288343558 0.0211864406779661 0.03374233128834356
1 0.19915254237288135 0.7285276073619632 0.0211864406779661 0.03374233128834356
1 0.2944915254237288 0.803680981595092 0.0211864406779661 0.03067484662576687
1 0.3834745762711864 0.7898773006134969 0.0211864406779661 0.03374233128834356
1 0.4110169491525424 0.7438650306748467 0.0211864406779661 0.03374233128834356
1 0.413135593220339 0.6748466257668712 0.0211864406779661 0.03067484662576687
4 0.9735169491525424 0.07822085889570553 0.006355932203389831 0.015337423312883436