3 0.9469026548672567 0.34294871794871795 0.10176991150442478 0.6858974358974359
2 0.5619469026548672 0.4599358974358974 0.022123893805309734 0.035256410256410256
2 0.25442477876106195 0.25801282051282054 0.030973451327433628 0.04807692307692308
2 0.12168141592920353 0.11698717948717949 0.030973451327433628 0.041666666666666664
2 0.6957964601769911 0.29967948717948717 0.028761061946902654 0.041666666666666664
2 0.7433628318584071 0.3269230769230769 0.02654867256637168 0.038461538461538464
5 0.20464601769911506 0.5689102564102564 0.024336283185840708 0.035256410256410256
5 0.9203539823008849 0.6955128205128205 0.02654867256637168 0.03205128205128205
0 0.37168141592920356 0.5528846153846154 0.022123893805309734 0.035256410256410256
0 0.7688053097345132 0.8269230769230769 0.024336283185840708 0.03205128205128205
1 0.4059734513274336 0.7548076923076923 0.01991150442477876 0.035256410256410256
1 0.45685840707964603 0.4439102564102564 0.01991150442477876 0.035256410256410256
1 0.577433628318584 0.17307692307692307 0.022123893805309734 0.038461538461538464
1 0.4811946902654867 0.08173076923076923 0.024336283185840708 0.041666666666666664
1 0.3938053097345133 0.022435897435897436 0.022123893805309734 0.038461538461538464
4 0.6017699115044248 0.23397435897435898 0.008849557522123894 0.01282051282051282
3 0.952433628318584 0.8541666666666666 0.09070796460176991 0.28525641025641024