3 0.016597510373443983 0.49849397590361444 0.03319502074688797 0.9969879518072289
3 0.9387966804979253 0.49849397590361444 0.11825726141078838 0.9969879518072289
2 0.6369294605809128 0.6927710843373494 0.024896265560165973 0.03614457831325301
2 0.8599585062240664 0.697289156626506 0.026970954356846474 0.0391566265060241
2 0.7385892116182573 0.44879518072289154 0.02074688796680498 0.030120481927710843
2 0.7479253112033195 0.37198795180722893 0.022821576763485476 0.03313253012048193
2 0.6172199170124482 0.4171686746987952 0.022821576763485476 0.03313253012048193
5 0.8547717842323651 0.8539156626506024 0.024896265560165973 0.03313253012048193
5 0.09854771784232365 0.1686746987951807 0.022821576763485476 0.030120481927710843
0 0.7157676348547718 0.6370481927710844 0.02074688796680498 0.03313253012048193
0 0.5954356846473029 0.6114457831325302 0.02074688796680498 0.03614457831325301
1 0.5809128630705395 0.6596385542168675 0.02074688796680498 0.030120481927710843
1 0.5840248962655602 0.7259036144578314 0.022821576763485476 0.03614457831325301
1 0.6099585062240664 0.7695783132530121 0.02074688796680498 0.03313253012048193
1 0.6970954356846473 0.7846385542168675 0.02074688796680498 0.03313253012048193
1 0.7894190871369294 0.7123493975903614 0.022821576763485476 0.03313253012048193
4 0.11514522821576763 0.17620481927710843 0.01037344398340249 0.015060240963855422