3 0.012387387387387387 0.5 0.024774774774774775 0.9934640522875817
3 0.963963963963964 0.6813725490196079 0.07207207207207207 0.630718954248366
2 0.5878378378378378 0.5964052287581699 0.02252252252252252 0.03594771241830065
2 0.2747747747747748 0.8022875816993464 0.03153153153153153 0.049019607843137254
2 0.13963963963963963 0.946078431372549 0.03153153153153153 0.042483660130718956
2 0.7240990990990991 0.7598039215686274 0.02927927927927928 0.042483660130718956
2 0.7725225225225225 0.7320261437908496 0.02702702702702703 0.0392156862745098
5 0.22409909909909909 0.4852941176470588 0.024774774774774775 0.03594771241830065
5 0.9527027027027027 0.3562091503267974 0.02702702702702703 0.032679738562091505
0 0.39414414414414417 0.5016339869281046 0.02252252252252252 0.03594771241830065
0 0.7984234234234234 0.2222222222222222 0.024774774774774775 0.032679738562091505
1 0.42905405405405406 0.2957516339869281 0.02027027027027027 0.03594771241830065
1 0.48085585585585583 0.6127450980392157 0.02027027027027027 0.03594771241830065
1 0.6036036036036037 0.8888888888888888 0.02252252252252252 0.0392156862745098
1 0.5078828828828829 0.9771241830065359 0.02927927927927928 0.0392156862745098
4 0.6283783783783784 0.826797385620915 0.009009009009009009 0.013071895424836602
3 0.9684684684684685 0.1715686274509804 0.05855855855855856 0.3366013071895425