3 0.9802904564315352 0.5 0.035269709543568464 1
3 0.06535269709543569 0.3253012048192771 0.12655601659751037 0.6506024096385542
2 0.44190871369294604 0.4382530120481928 0.02074688796680498 0.03313253012048193
2 0.7302904564315352 0.24849397590361447 0.029045643153526972 0.045180722891566265
2 0.8547717842323651 0.11596385542168675 0.029045643153526972 0.0391566265060241
2 0.3163900414937759 0.2876506024096386 0.026970954356846474 0.0391566265060241
2 0.2717842323651452 0.3132530120481928 0.024896265560165973 0.03614457831325301
5 0.7769709543568465 0.5406626506024096 0.022821576763485476 0.03313253012048193
5 0.10580912863070539 0.6596385542168675 0.024896265560165973 0.030120481927710843
0 0.6203319502074689 0.5256024096385542 0.02074688796680498 0.03313253012048193
0 0.2479253112033195 0.7831325301204819 0.022821576763485476 0.030120481927710843
1 0.5881742738589212 0.7153614457831325 0.01867219917012448 0.03313253012048193
1 0.5404564315352697 0.42319277108433734 0.01867219917012448 0.03313253012048193
1 0.42738589211618255 0.1686746987951807 0.02074688796680498 0.03614457831325301
1 0.5176348547717843 0.08283132530120482 0.022821576763485476 0.0391566265060241
1 0.5995850622406639 0.02710843373493976 0.02074688796680498 0.03614457831325301
4 0.4045643153526971 0.22590361445783133 0.008298755186721992 0.012048192771084338
3 0.06016597510373444 0.8358433734939759 0.11618257261410789 0.32228915662650603