3 0.01859504132231405 0.49850299401197606 0.0371900826446281 0.9970059880239521
3 0.9390495867768595 0.49850299401197606 0.11776859504132231 0.9970059880239521
2 0.6384297520661157 0.6856287425149701 0.024793388429752067 0.03592814371257485
2 0.8605371900826446 0.6901197604790419 0.026859504132231406 0.038922155688622756
2 0.7396694214876033 0.4431137724550898 0.02066115702479339 0.029940119760479042
2 0.7489669421487604 0.36676646706586824 0.022727272727272728 0.03293413173652695
2 0.618801652892562 0.4116766467065868 0.022727272727272728 0.03293413173652695
5 0.8553719008264463 0.8458083832335329 0.024793388429752067 0.03293413173652695
5 0.10227272727272728 0.16467065868263472 0.022727272727272728 0.029940119760479042
0 0.7169421487603306 0.6302395209580839 0.02066115702479339 0.03293413173652695
0 0.5971074380165289 0.6047904191616766 0.02066115702479339 0.03592814371257485
1 0.5826446280991735 0.6526946107784432 0.02066115702479339 0.029940119760479042
1 0.5857438016528925 0.718562874251497 0.022727272727272728 0.03592814371257485
1 0.6115702479338843 0.7619760479041916 0.02066115702479339 0.03293413173652695
1 0.6983471074380165 0.7769461077844312 0.02066115702479339 0.03293413173652695
1 0.7902892561983471 0.7050898203592815 0.022727272727272728 0.03293413173652695
4 0.11880165289256199 0.1721556886227545 0.010330578512396695 0.014970059880239521