3 0.01293103448275862 0.453125 0.02586206896551724 0.9
3 0.9525862068965517 0.5 0.09482758620689655 0.99375
2 0.6573275862068966 0.278125 0.02586206896551724 0.0375
2 0.8868534482758621 0.271875 0.028017241379310345 0.0375
2 0.7607758620689655 0.53125 0.021551724137931036 0.03125
2 0.634698275862069 0.5640625 0.023706896551724137 0.034375
2 0.771551724137931 0.6109375 0.02586206896551724 0.034375
5 0.4202586206896552 0.5796875 0.021551724137931036 0.034375
5 0.8814655172413793 0.1109375 0.02586206896551724 0.034375
0 0.7359913793103449 0.3375 0.023706896551724137 0.0375
0 0.6131465517241379 0.3640625 0.023706896551724137 0.040625
1 0.5969827586206896 0.3140625 0.02586206896551724 0.034375
1 0.6002155172413793 0.2453125 0.023706896551724137 0.034375
1 0.6282327586206896 0.196875 0.023706896551724137 0.0375
1 0.71875 0.18125 0.01939655172413793 0.03125
1 0.8146551724137931 0.2578125 0.021551724137931036 0.034375
4 0.40948275862068967 0.5640625 0.008620689655172414 0.015625