3 0.9805327868852459 0.456973293768546 0.03483606557377049 0.9080118694362018
3 0.06454918032786885 0.5 0.125 0.9940652818991098
2 0.36065573770491804 0.314540059347181 0.02459016393442623 0.03560830860534125
2 0.14241803278688525 0.3086053412462908 0.02663934426229508 0.03560830860534125
2 0.26229508196721313 0.5548961424332344 0.020491803278688523 0.02967359050445104
2 0.382172131147541 0.586053412462908 0.022540983606557378 0.032640949554896145
2 0.2520491803278688 0.6305637982195845 0.02459016393442623 0.032640949554896145
5 0.5860655737704918 0.6008902077151336 0.020491803278688523 0.032640949554896145
5 0.14754098360655737 0.15578635014836795 0.02459016393442623 0.032640949554896145
0 0.2858606557377049 0.37091988130563797 0.022540983606557378 0.03560830860534125
0 0.4026639344262295 0.3961424332344214 0.022540983606557378 0.03857566765578635
1 0.4180327868852459 0.3486646884272997 0.02459016393442623 0.032640949554896145
1 0.4149590163934426 0.28338278931750743 0.022540983606557378 0.032640949554896145
1 0.38831967213114754 0.23738872403560832 0.022540983606557378 0.03560830860534125
1 0.30225409836065575 0.22255192878338279 0.018442622950819672 0.02967359050445104
1 0.21106557377049182 0.2952522255192878 0.020491803278688523 0.032640949554896145
4 0.5963114754098361 0.586053412462908 0.00819672131147541 0.01483679525222552