3 0.01756198347107438 0.4565868263473054 0.03512396694214876 0.907185628742515
3 0.9390495867768595 0.5 0.12190082644628099 0.9940119760479041
2 0.640495867768595 0.31137724550898205 0.024793388429752067 0.03592814371257485
2 0.8605371900826446 0.30538922155688625 0.026859504132231406 0.03592814371257485
2 0.7396694214876033 0.5538922155688623 0.02066115702479339 0.029940119760479042
2 0.618801652892562 0.5853293413173652 0.022727272727272728 0.03293413173652695
2 0.75 0.6302395209580839 0.024793388429752067 0.03293413173652695
5 0.4132231404958678 0.6002994011976048 0.02066115702479339 0.03293413173652695
5 0.8553719008264463 0.15119760479041916 0.024793388429752067 0.03293413173652695
0 0.7159090909090909 0.36826347305389223 0.022727272727272728 0.03592814371257485
0 0.5981404958677686 0.3937125748502994 0.022727272727272728 0.038922155688622756
1 0.5826446280991735 0.3458083832335329 0.024793388429752067 0.03293413173652695
1 0.5857438016528925 0.27994011976047906 0.022727272727272728 0.03293413173652695
1 0.612603305785124 0.23353293413173654 0.022727272727272728 0.03592814371257485
1 0.6993801652892562 0.218562874251497 0.01859504132231405 0.029940119760479042
1 0.7913223140495868 0.29191616766467066 0.02066115702479339 0.03293413173652695
4 0.40289256198347106 0.5853293413173652 0.008264462809917356 0.014970059880239521