3 0.9811715481171548 0.5 0.03347280334728033 1
3 0.05753138075313807 0.4984848484848485 0.1108786610878661 0.996969696969697
2 0.35564853556485354 0.6984848484848485 0.02510460251046025 0.03333333333333333
2 0.37656903765690375 0.4212121212121212 0.02510460251046025 0.03636363636363636
2 0.25418410041841005 0.45151515151515154 0.02301255230125523 0.030303030303030304
2 0.24267782426778242 0.37424242424242427 0.02510460251046025 0.03333333333333333
2 0.1307531380753138 0.7015151515151515 0.027196652719665274 0.03939393939393939
5 0.13598326359832635 0.8606060606060606 0.02510460251046025 0.03636363636363636
5 0.5753138075313807 0.3939393939393939 0.02092050209205021 0.030303030303030304
0 0.39748953974895396 0.6136363636363636 0.02092050209205021 0.03333333333333333
0 0.27615062761506276 0.6393939393939394 0.02092050209205021 0.03636363636363636
1 0.38284518828451886 0.7757575757575758 0.02510460251046025 0.03636363636363636
1 0.4089958158995816 0.7303030303030303 0.02301255230125523 0.03636363636363636
1 0.4121338912133891 0.6651515151515152 0.02092050209205021 0.03333333333333333
1 0.29497907949790797 0.7893939393939394 0.02092050209205021 0.03333333333333333
1 0.200836820083682 0.7181818181818181 0.02092050209205021 0.03636363636363636
4 0.5658995815899581 0.4106060606060606 0.010460251046025104 0.015151515151515152