3 0.9585201793721974 0.5 0.08295964125560538 0.9935064935064936
2 0.6569506726457399 0.28733766233766234 0.026905829596412557 0.03571428571428571
2 0.6345291479820628 0.5844155844155844 0.026905829596412557 0.03896103896103896
2 0.765695067264574 0.551948051948052 0.02466367713004484 0.032467532467532464
2 0.7780269058295964 0.6347402597402597 0.026905829596412557 0.03571428571428571
2 0.897982062780269 0.2840909090909091 0.02914798206278027 0.04220779220779221
5 0.8923766816143498 0.11363636363636363 0.026905829596412557 0.03896103896103896
5 0.42152466367713004 0.6136363636363636 0.02242152466367713 0.032467532467532464
0 0.6121076233183856 0.3782467532467532 0.02242152466367713 0.03571428571428571
0 0.742152466367713 0.35064935064935066 0.02242152466367713 0.03896103896103896
1 0.6278026905829597 0.20454545454545456 0.026905829596412557 0.03896103896103896
1 0.5997757847533632 0.2532467532467532 0.02466367713004484 0.03896103896103896
1 0.5964125560538116 0.32305194805194803 0.02242152466367713 0.03571428571428571
1 0.7219730941704036 0.18993506493506493 0.02242152466367713 0.03571428571428571
1 0.8228699551569507 0.2662337662337662 0.02242152466367713 0.03896103896103896
4 0.4316143497757848 0.5957792207792207 0.011210762331838564 0.016233766233766232