3 0.015690376569037656 0.4984848484848485 0.03138075313807531 0.996969696969697
3 0.9351464435146444 0.32575757575757575 0.12552301255230125 0.6515151515151515
2 0.8692468619246861 0.43636363636363634 0.027196652719665274 0.03636363636363636
2 0.555439330543933 0.4409090909090909 0.02301255230125523 0.03333333333333333
2 0.6809623430962343 0.28939393939393937 0.027196652719665274 0.03939393939393939
2 0.7248953974895398 0.31363636363636366 0.027196652719665274 0.03939393939393939
2 0.13702928870292888 0.11818181818181818 0.027196652719665274 0.03636363636363636
5 0.21652719665271966 0.5424242424242425 0.027196652719665274 0.030303030303030304
5 0.8922594142259415 0.6636363636363637 0.027196652719665274 0.030303030303030304
0 0.37447698744769875 0.5287878787878788 0.02092050209205021 0.03333333333333333
0 0.75 0.7848484848484848 0.02301255230125523 0.03636363636363636
1 0.40794979079497906 0.7196969696969697 0.02092050209205021 0.03333333333333333
1 0.4560669456066946 0.4287878787878788 0.02092050209205021 0.03333333333333333
1 0.5690376569037657 0.1696969696969697 0.02510460251046025 0.03636363636363636
1 0.4780334728033473 0.08181818181818182 0.02301255230125523 0.04242424242424243
1 0.39435146443514646 0.02727272727272727 0.02301255230125523 0.03636363636363636
4 0.5920502092050209 0.2287878787878788 0.008368200836820083 0.015151515151515152
3 0.9393305439330544 0.8378787878787879 0.11715481171548117 0.3181818181818182