3 0.017391304347826087 0.03955696202531646 0.034782608695652174 0.07911392405063292
3 0.9586956521739131 0.49841772151898733 0.0782608695652174 0.9968354430379747
2 0.6684782608695652 0.7183544303797469 0.02826086956521739 0.0379746835443038
2 0.9 0.7262658227848101 0.030434782608695653 0.04113924050632911
2 0.7728260869565218 0.46360759493670883 0.02391304347826087 0.03481012658227848
2 0.783695652173913 0.379746835443038 0.02826086956521739 0.0379746835443038
2 0.6467391304347826 0.43037974683544306 0.02826086956521739 0.0379746835443038
5 0.4369565217391304 0.43037974683544306 0.021739130434782608 0.03164556962025317
5 0.8956521739130435 0.8892405063291139 0.02608695652173913 0.0379746835443038
0 0.7489130434782608 0.6598101265822784 0.02391304347826087 0.03481012658227848
0 0.6228260869565218 0.6313291139240507 0.02391304347826087 0.03481012658227848
1 0.8282608695652174 0.740506329113924 0.021739130434782608 0.0379746835443038
1 0.7315217391304348 0.814873417721519 0.01956521739130435 0.03481012658227848
1 0.6402173913043478 0.8006329113924051 0.02391304347826087 0.0379746835443038
1 0.6108695652173913 0.7531645569620253 0.02608695652173913 0.0379746835443038
1 0.6086956521739131 0.6819620253164557 0.02608695652173913 0.03481012658227848
4 0.45 0.4161392405063291 0.008695652173913044 0.015822784810126583
3 0.013043478260869565 0.6439873417721519 0.02608695652173913 0.7056962025316456