3 0.007575757575757576 0.49842767295597484 0.015151515151515152 0.9968553459119497
3 0.946969696969697 0.49842767295597484 0.10173160173160173 0.9968553459119497
2 0.7142857142857143 0.8537735849056604 0.025974025974025976 0.03459119496855346
2 0.711038961038961 0.7641509433962265 0.023809523809523808 0.031446540880503145
2 0.5952380952380952 0.6305031446540881 0.025974025974025976 0.03459119496855346
2 0.6038961038961039 0.7138364779874213 0.025974025974025976 0.03773584905660377
5 0.6212121212121212 0.8301886792452831 0.021645021645021644 0.031446540880503145
5 0.7391774891774892 0.9937106918238994 0.023809523809523808 0.006289308176100629
0 0.6807359307359307 0.7830188679245284 0.023809523809523808 0.031446540880503145
0 0.7056277056277056 0.7295597484276729 0.025974025974025976 0.031446540880503145
1 0.7348484848484849 0.7185534591194969 0.023809523809523808 0.02830188679245283
1 0.7532467532467533 0.6792452830188679 0.025974025974025976 0.031446540880503145
1 0.6558441558441559 0.6430817610062893 0.025974025974025976 0.03459119496855346
1 0.6396103896103896 0.8537735849056604 0.023809523809523808 0.03459119496855346