3 0.9361702127659575 0.5 0.1276595744680851 0.9938271604938271
2 0.6936170212765957 0.16203703703703703 0.02553191489361702 0.033950617283950615
2 0.6904255319148936 0.25 0.023404255319148935 0.030864197530864196
2 0.5765957446808511 0.38117283950617287 0.02553191489361702 0.033950617283950615
2 0.5851063829787234 0.2993827160493827 0.02553191489361702 0.037037037037037035
5 0.6021276595744681 0.18518518518518517 0.02127659574468085 0.030864197530864196
5 0.7180851063829787 0.015432098765432098 0.023404255319148935 0.024691358024691357
0 0.6606382978723404 0.23148148148148148 0.023404255319148935 0.030864197530864196
0 0.6851063829787234 0.2839506172839506 0.02553191489361702 0.030864197530864196
1 0.7138297872340426 0.29475308641975306 0.023404255319148935 0.027777777777777776
1 0.7319148936170212 0.3333333333333333 0.02553191489361702 0.030864197530864196
1 0.6361702127659574 0.36882716049382713 0.02553191489361702 0.033950617283950615
1 0.6202127659574468 0.16203703703703703 0.023404255319148935 0.033950617283950615
1 0.6095744680851064 0.006172839506172839 0.023404255319148935 0.006172839506172839