3 0.00949367088607595 0.5 0.0189873417721519 0.9939024390243902
3 0.9377637130801688 0.5 0.12447257383966245 0.9939024390243902
2 0.8586497890295358 0.29878048780487804 0.02531645569620253 0.036585365853658534
2 0.6329113924050633 0.30640243902439024 0.02531645569620253 0.03353658536585366
2 0.6107594936708861 0.5853658536585366 0.027426160337552744 0.036585365853658534
2 0.7331223628691983 0.551829268292683 0.023206751054852322 0.03048780487804878
2 0.7447257383966245 0.6295731707317073 0.02531645569620253 0.03353658536585366
5 0.8523206751054853 0.14176829268292682 0.02531645569620253 0.03353658536585366
5 0.6645569620253164 0.9710365853658537 0.02109704641350211 0.03353658536585366
0 0.709915611814346 0.36128048780487804 0.023206751054852322 0.03353658536585366
0 0.5875527426160337 0.38871951219512196 0.023206751054852322 0.039634146341463415
1 0.7879746835443038 0.2850609756097561 0.023206751054852322 0.03353658536585366
1 0.6930379746835443 0.21036585365853658 0.023206751054852322 0.036585365853658534
1 0.6033755274261603 0.22560975609756098 0.02531645569620253 0.036585365853658534
1 0.5770042194092827 0.27134146341463417 0.023206751054852322 0.036585365853658534
1 0.5738396624472574 0.3399390243902439 0.02531645569620253 0.03353658536585366
4 0.6518987341772152 0.9786585365853658 0.008438818565400843 0.018292682926829267