3 0.9788135593220338 0.5 0.038135593220338986 0.9938650306748467
3 0.05084745762711865 0.5 0.09745762711864407 0.9938650306748467
2 0.11440677966101695 0.3159509202453988 0.025423728813559324 0.03680981595092025
2 0.3411016949152542 0.3236196319018405 0.025423728813559324 0.03374233128834356
2 0.3633474576271186 0.6042944785276073 0.02754237288135593 0.03680981595092025
2 0.24046610169491525 0.5705521472392638 0.023305084745762712 0.03067484662576687
2 0.2288135593220339 0.6487730061349694 0.025423728813559324 0.03374233128834356
5 0.12076271186440678 0.1579754601226994 0.025423728813559324 0.03374233128834356
5 0.3093220338983051 0.9846625766871165 0.025423728813559324 0.024539877300613498
0 0.263771186440678 0.37883435582822084 0.023305084745762712 0.03374233128834356
0 0.3866525423728814 0.40644171779141103 0.023305084745762712 0.03987730061349693
1 0.1853813559322034 0.30214723926380366 0.023305084745762712 0.03374233128834356
1 0.2807203389830508 0.22699386503067484 0.023305084745762712 0.03680981595092025
1 0.3707627118644068 0.24233128834355827 0.025423728813559324 0.03680981595092025
1 0.3972457627118644 0.2883435582822086 0.023305084745762712 0.03680981595092025
1 0.4004237288135593 0.35736196319018404 0.025423728813559324 0.03374233128834356
4 0.3220338983050847 0.9923312883435583 0.012711864406779662 0.009202453987730062