3 0.019148936170212766 0.4984567901234568 0.03829787234042553 0.9969135802469136
3 0.95 0.4984567901234568 0.09574468085106383 0.9969135802469136
2 0.6553191489361702 0.6805555555555556 0.02553191489361702 0.033950617283950615
2 0.8840425531914894 0.6867283950617284 0.027659574468085105 0.040123456790123455
2 0.7595744680851064 0.43364197530864196 0.02127659574468085 0.033950617283950615
2 0.6340425531914894 0.4012345679012346 0.02127659574468085 0.037037037037037035
2 0.7968085106382978 0.018518518518518517 0.023404255319148935 0.037037037037037035
5 0.7882978723404256 0.2824074074074074 0.023404255319148935 0.033950617283950615
5 0.8776595744680851 0.8503086419753086 0.023404255319148935 0.033950617283950615
0 0.7351063829787234 0.625 0.023404255319148935 0.033950617283950615
0 0.6117021276595744 0.5972222222222222 0.023404255319148935 0.033950617283950615
1 0.597872340425532 0.6481481481481481 0.02127659574468085 0.030864197530864196
1 0.6 0.7160493827160493 0.02127659574468085 0.030864197530864196
1 0.6287234042553191 0.7623456790123457 0.023404255319148935 0.037037037037037035
1 0.7170212765957447 0.7777777777777778 0.02127659574468085 0.030864197530864196
1 0.8127659574468085 0.7037037037037037 0.02127659574468085 0.030864197530864196
4 0.8053191489361702 0.004629629629629629 0.006382978723404255 0.009259259259259259