3 0.9340909090909091 0.49835526315789475 0.12727272727272726 0.9967105263157895
2 0.6068181818181818 0.7286184210526315 0.02727272727272727 0.03618421052631579
2 0.8511363636363637 0.7351973684210527 0.029545454545454545 0.04276315789473684
2 0.7181818181818181 0.4654605263157895 0.022727272727272728 0.03618421052631579
2 0.5840909090909091 0.4309210526315789 0.022727272727272728 0.039473684210526314
2 0.7579545454545454 0.023026315789473683 0.025 0.039473684210526314
5 0.7488636363636364 0.3042763157894737 0.025 0.03618421052631579
5 0.8443181818181819 0.9095394736842105 0.025 0.03618421052631579
0 0.6920454545454545 0.6694078947368421 0.025 0.03618421052631579
0 0.5602272727272727 0.6398026315789473 0.025 0.03618421052631579
1 0.5454545454545454 0.694078947368421 0.022727272727272728 0.03289473684210526
1 0.5477272727272727 0.7664473684210527 0.022727272727272728 0.03289473684210526
1 0.5784090909090909 0.8157894736842105 0.025 0.039473684210526314
1 0.6727272727272727 0.8322368421052632 0.022727272727272728 0.03289473684210526
1 0.775 0.7532894736842105 0.022727272727272728 0.03289473684210526
4 0.7670454545454546 0.008223684210526315 0.006818181818181818 0.009868421052631578