3 0.9797872340425532 0.5 0.036170212765957444 1
3 0.05 0.4984567901234568 0.09574468085106383 0.9969135802469136
2 0.3446808510638298 0.6805555555555556 0.02553191489361702 0.033950617283950615
2 0.11595744680851064 0.6867283950617284 0.027659574468085105 0.040123456790123455
2 0.2404255319148936 0.43364197530864196 0.02127659574468085 0.033950617283950615
2 0.3659574468085106 0.4012345679012346 0.02127659574468085 0.037037037037037035
2 0.20319148936170212 0.018518518518518517 0.023404255319148935 0.037037037037037035
5 0.21170212765957447 0.2824074074074074 0.023404255319148935 0.033950617283950615
5 0.12234042553191489 0.8503086419753086 0.023404255319148935 0.033950617283950615
0 0.2648936170212766 0.625 0.023404255319148935 0.033950617283950615
0 0.3882978723404255 0.5972222222222222 0.023404255319148935 0.033950617283950615
1 0.4021276595744681 0.6481481481481481 0.02127659574468085 0.030864197530864196
1 0.4 0.7160493827160493 0.02127659574468085 0.030864197530864196
1 0.37127659574468086 0.7623456790123457 0.023404255319148935 0.037037037037037035
1 0.28297872340425534 0.7777777777777778 0.02127659574468085 0.030864197530864196
1 0.18723404255319148 0.7037037037037037 0.02127659574468085 0.030864197530864196
4 0.1946808510638298 0.004629629629629629 0.006382978723404255 0.009259259259259259