3 0.9336283185840708 0.33653846153846156 0.12831858407079647 0.6730769230769231
2 0.5154867256637168 0.4567307692307692 0.022123893805309734 0.041666666666666664
2 0.540929203539823 0.44871794871794873 0.024336283185840708 0.038461538461538464
2 0.6692477876106194 0.2900641025641026 0.028761061946902654 0.041666666666666664
2 0.7157079646017699 0.3157051282051282 0.028761061946902654 0.041666666666666664
2 0.9734513274336283 0.15865384615384615 0.030973451327433628 0.041666666666666664
5 0.17920353982300885 0.5592948717948718 0.02654867256637168 0.035256410256410256
5 0.8926991150442478 0.6858974358974359 0.028761061946902654 0.038461538461538464
0 0.3030973451327434 0.3701923076923077 0.022123893805309734 0.035256410256410256
0 0.7422566371681416 0.8173076923076923 0.01991150442477876 0.038461538461538464
1 0.49557522123893805 0.6698717948717948 0.022123893805309734 0.038461538461538464
1 0.5442477876106194 0.38621794871794873 0.022123893805309734 0.035256410256410256
1 0.5519911504424779 0.16346153846153846 0.024336283185840708 0.04487179487179487
1 0.45464601769911506 0.07051282051282051 0.024336283185840708 0.04487179487179487
1 0.3672566371681416 0.017628205128205128 0.02654867256637168 0.035256410256410256
4 0.5752212389380531 0.22435897435897437 0.01327433628318584 0.019230769230769232
3 0.9391592920353983 0.8525641025641025 0.1172566371681416 0.28846153846153844