3 0.9451754385964912 0.49841772151898733 0.10526315789473684 0.9968354430379747
4 0.7730263157894737 0.03322784810126582 0.010964912280701754 0.015822784810126583
1 0.5800438596491229 0.6867088607594937 0.02412280701754386 0.03164556962025317
1 0.5822368421052632 0.7579113924050633 0.019736842105263157 0.03481012658227848
1 0.6096491228070176 0.805379746835443 0.021929824561403508 0.03481012658227848
1 0.7017543859649122 0.819620253164557 0.021929824561403508 0.03164556962025317
1 0.7993421052631579 0.745253164556962 0.019736842105263157 0.03481012658227848
0 0.7214912280701754 0.6645569620253164 0.021929824561403508 0.03164556962025317
0 0.5964912280701754 0.6392405063291139 0.021929824561403508 0.03164556962025317
5 0.8673245614035088 0.8955696202531646 0.02412280701754386 0.03164556962025317
2 0.875 0.7325949367088608 0.02631578947368421 0.03481012658227848
2 0.6392543859649122 0.7246835443037974 0.02412280701754386 0.03164556962025317
2 0.7445175438596491 0.4699367088607595 0.019736842105263157 0.03481012658227848
2 0.6162280701754386 0.43670886075949367 0.021929824561403508 0.03164556962025317
5 0.7752192982456141 0.31329113924050633 0.02412280701754386 0.03164556962025317
2 0.7861842105263158 0.04588607594936709 0.02412280701754386 0.03481012658227848