3 0.948394495412844 0.5 0.10321100917431193 0.9933333333333333
1 0.569954128440367 0.37666666666666665 0.02522935779816514 0.03333333333333333
1 0.5722477064220184 0.3016666666666667 0.020642201834862386 0.03666666666666667
1 0.6009174311926605 0.25166666666666665 0.022935779816513763 0.03666666666666667
1 0.6972477064220184 0.23666666666666666 0.022935779816513763 0.03333333333333333
1 0.7993119266055045 0.315 0.020642201834862386 0.03666666666666667
0 0.7178899082568807 0.4 0.022935779816513763 0.03333333333333333
0 0.5871559633027523 0.4266666666666667 0.022935779816513763 0.03333333333333333
5 0.8704128440366973 0.15666666666666668 0.02522935779816514 0.03333333333333333
2 0.8784403669724771 0.3283333333333333 0.027522935779816515 0.03666666666666667
2 0.6318807339449541 0.33666666666666667 0.02522935779816514 0.03333333333333333
2 0.7419724770642202 0.605 0.020642201834862386 0.03666666666666667
2 0.6077981651376146 0.64 0.022935779816513763 0.03333333333333333
5 0.7740825688073395 0.77 0.02522935779816514 0.03333333333333333