3 0.9440639269406392 0.3526490066225166 0.10730593607305935 0.7052980132450332
2 0.5251141552511416 0.4817880794701987 0.0228310502283105 0.04304635761589404
2 0.5513698630136986 0.4735099337748344 0.02511415525114155 0.039735099337748346
2 0.6837899543378996 0.30960264900662254 0.02968036529680365 0.04304635761589404
2 0.7317351598173516 0.3360927152317881 0.02968036529680365 0.04304635761589404
2 0.9897260273972602 0.17549668874172186 0.01598173515981735 0.046357615894039736
5 0.1780821917808219 0.5877483443708609 0.0273972602739726 0.03642384105960265
5 0.9143835616438356 0.7185430463576159 0.02968036529680365 0.039735099337748346
0 0.3059360730593607 0.3923841059602649 0.0228310502283105 0.03642384105960265
0 0.7591324200913242 0.8543046357615894 0.02054794520547945 0.039735099337748346
1 0.5045662100456622 0.7019867549668874 0.0228310502283105 0.039735099337748346
1 0.5547945205479452 0.40894039735099336 0.0228310502283105 0.03642384105960265
1 0.5627853881278538 0.17880794701986755 0.02511415525114155 0.046357615894039736
1 0.4623287671232877 0.08278145695364239 0.02511415525114155 0.046357615894039736
1 0.3710045662100457 0.02152317880794702 0.02511415525114155 0.04304635761589404
4 0.58675799086758 0.24172185430463577 0.0136986301369863 0.019867549668874173
3 0.9497716894977168 0.8692052980132451 0.0958904109589041 0.25496688741721857