3 0.019791666666666666 0.5 0.03958333333333333 0.9939393939393939
3 0.9375 0.6681818181818182 0.125 0.6575757575757576
2 0.5416666666666666 0.543939393939394 0.020833333333333332 0.03939393939393939
2 0.565625 0.5515151515151515 0.022916666666666665 0.03636363636363636
2 0.6864583333333333 0.7015151515151515 0.027083333333333334 0.03939393939393939
2 0.7302083333333333 0.6772727272727272 0.027083333333333334 0.03939393939393939
2 0.9729166666666667 0.8257575757575758 0.029166666666666667 0.03939393939393939
5 0.225 0.44696969696969696 0.025 0.03333333333333333
5 0.896875 0.32727272727272727 0.027083333333333334 0.03636363636363636
0 0.3416666666666667 0.6257575757575757 0.020833333333333332 0.03333333333333333
0 0.7552083333333334 0.20303030303030303 0.01875 0.03636363636363636
1 0.5229166666666667 0.3424242424242424 0.020833333333333332 0.03636363636363636
1 0.56875 0.6106060606060606 0.020833333333333332 0.03333333333333333
1 0.5760416666666667 0.8212121212121212 0.022916666666666665 0.04242424242424243
1 0.484375 0.9090909090909091 0.022916666666666665 0.04242424242424243
1 0.4010416666666667 0.9651515151515152 0.022916666666666665 0.03939393939393939
4 0.5979166666666667 0.7636363636363637 0.0125 0.01818181818181818
3 0.9416666666666667 0.15454545454545454 0.1125 0.30303030303030304