3 0.98125 0.5 0.03333333333333333 1
3 0.059375 0.4984848484848485 0.11458333333333333 0.996969696969697
2 0.35625 0.693939393939394 0.025 0.03636363636363636
2 0.134375 0.6984848484848485 0.027083333333333334 0.03939393939393939
2 0.3770833333333333 0.41818181818181815 0.025 0.03636363636363636
2 0.25729166666666664 0.45 0.022916666666666665 0.03333333333333333
2 0.23333333333333334 0.05454545454545454 0.025 0.04242424242424243
5 0.22708333333333333 0.3 0.020833333333333332 0.030303030303030304
5 0.13958333333333334 0.8575757575757575 0.025 0.030303030303030304
0 0.2791666666666667 0.6378787878787879 0.020833333333333332 0.03333333333333333
0 0.39895833333333336 0.6106060606060606 0.022916666666666665 0.03333333333333333
1 0.41354166666666664 0.6590909090909091 0.022916666666666665 0.03333333333333333
1 0.4125 0.7257575757575757 0.025 0.03333333333333333
1 0.384375 0.7727272727272727 0.022916666666666665 0.03636363636363636
1 0.296875 0.7863636363636364 0.022916666666666665 0.03333333333333333
1 0.203125 0.7136363636363636 0.022916666666666665 0.03333333333333333
4 0.25104166666666666 0.06515151515151515 0.010416666666666666 0.015151515151515152