3 0.006756756756756757 0.49836601307189543 0.013513513513513514 0.9967320261437909
3 0.963963963963964 0.49836601307189543 0.06756756756756757 0.9967320261437909
2 0.6711711711711712 0.6601307189542484 0.02702702702702703 0.0392156862745098
2 0.911036036036036 0.6650326797385621 0.02927927927927928 0.042483660130718956
2 0.6486486486486487 0.3627450980392157 0.02702702702702703 0.0392156862745098
2 0.7781531531531531 0.39705882352941174 0.024774774774774775 0.03594771241830065
5 0.8108108108108109 0.23529411764705882 0.02252252252252252 0.032679738562091505
5 0.9054054054054054 0.8366013071895425 0.02702702702702703 0.032679738562091505
0 0.7545045045045045 0.5996732026143791 0.02252252252252252 0.03594771241830065
0 0.625 0.5702614379084967 0.024774774774774775 0.03594771241830065
1 0.6092342342342343 0.6225490196078431 0.024774774774774775 0.03594771241830065
1 0.6103603603603603 0.6944444444444444 0.02702702702702703 0.03594771241830065
1 0.6407657657657657 0.7450980392156863 0.024774774774774775 0.0392156862745098
1 0.7353603603603603 0.7598039215686274 0.024774774774774775 0.03594771241830065
1 0.8367117117117117 0.6813725490196079 0.024774774774774775 0.03594771241830065