3 0.9801255230125523 0.5 0.03556485355648536 0.9939393939393939
3 0.05543933054393305 0.4696969696969697 0.10669456066945607 0.9333333333333333
2 0.12866108786610878 0.29393939393939394 0.027196652719665274 0.03636363636363636
2 0.3514644351464435 0.29848484848484846 0.02510460251046025 0.03333333333333333
2 0.252092050209205 0.543939393939394 0.02301255230125523 0.03333333333333333
2 0.37343096234309625 0.5772727272727273 0.02301255230125523 0.03333333333333333
2 0.4560669456066946 0.8212121212121212 0.02510460251046025 0.03636363636363636
5 0.22280334728033474 0.6954545454545454 0.02301255230125523 0.03333333333333333
5 0.13389121338912133 0.13787878787878788 0.02510460251046025 0.03333333333333333
0 0.27405857740585776 0.3560606060606061 0.02092050209205021 0.03333333333333333
0 0.39644351464435146 0.38333333333333336 0.02301255230125523 0.03333333333333333
1 0.4100418410041841 0.3333333333333333 0.02092050209205021 0.030303030303030304
1 0.40794979079497906 0.2681818181818182 0.02092050209205021 0.03333333333333333
1 0.3807531380753138 0.22121212121212122 0.02092050209205021 0.03636363636363636
1 0.2928870292887029 0.20606060606060606 0.02092050209205021 0.030303030303030304
1 0.19874476987447698 0.2787878787878788 0.02092050209205021 0.030303030303030304
4 0.4665271966527197 0.8333333333333334 0.008368200836820083 0.012121212121212121