3 0.9759414225941423 0.5 0.043933054393305436 1
2 0.4225941422594142 0.4803030303030303 0.02510460251046025 0.03333333333333333
2 0.3807531380753138 0.4303030303030303 0.02092050209205021 0.03636363636363636
2 0.303347280334728 0.2878787878787879 0.02510460251046025 0.04242424242424243
2 0.25732217573221755 0.31212121212121213 0.02510460251046025 0.03636363636363636
2 0.4100418410041841 0.1893939393939394 0.02510460251046025 0.03939393939393939
5 0.7667364016736402 0.5409090909090909 0.02301255230125523 0.03333333333333333
5 0.09205020920502092 0.6606060606060606 0.02510460251046025 0.030303030303030304
0 0.23326359832635984 0.7818181818181819 0.02301255230125523 0.03636363636363636
0 0.649581589958159 0.3606060606060606 0.02301255230125523 0.03636363636363636
1 0.3514644351464435 0.31212121212121213 0.02092050209205021 0.03636363636363636
1 0.4811715481171548 0.15303030303030302 0.02510460251046025 0.03939393939393939
1 0.5052301255230126 0.07727272727272727 0.02301255230125523 0.03939393939393939
1 0.5878661087866108 0.024242424242424242 0.02510460251046025 0.03636363636363636
1 0.39748953974895396 0.8727272727272727 0.02092050209205021 0.03636363636363636
4 0.3922594142259414 0.22575757575757577 0.010460251046025104 0.015151515151515152
3 0.056485355648535567 0.32575757575757575 0.1087866108786611 0.6515151515151515
3 0.051255230125523014 0.8378787878787879 0.09832635983263599 0.3181818181818182