3 0.9506578947368421 0.47151898734177217 0.09429824561403509 0.9367088607594937
2 0.8826754385964912 0.2689873417721519 0.02850877192982456 0.0379746835443038
2 0.6491228070175439 0.2737341772151899 0.02631578947368421 0.03481012658227848
2 0.7532894736842105 0.5300632911392406 0.02412280701754386 0.03481012658227848
2 0.6260964912280702 0.564873417721519 0.02412280701754386 0.03481012658227848
2 0.5394736842105263 0.819620253164557 0.02631578947368421 0.0379746835443038
5 0.7839912280701754 0.6882911392405063 0.02412280701754386 0.03481012658227848
5 0.8771929824561403 0.1060126582278481 0.02631578947368421 0.03481012658227848
0 0.7302631578947368 0.3338607594936709 0.021929824561403508 0.03481012658227848
0 0.6019736842105263 0.3623417721518987 0.02412280701754386 0.03481012658227848
1 0.5877192982456141 0.310126582278481 0.021929824561403508 0.03164556962025317
1 0.5899122807017544 0.24208860759493672 0.021929824561403508 0.03481012658227848
1 0.618421052631579 0.1930379746835443 0.021929824561403508 0.0379746835443038
1 0.7105263157894737 0.17721518987341772 0.021929824561403508 0.03164556962025317
1 0.8092105263157895 0.25316455696202533 0.021929824561403508 0.03164556962025317
4 0.5285087719298246 0.8322784810126582 0.008771929824561403 0.012658227848101266