2 0.4473684210526316 0.48575949367088606 0.02631578947368421 0.03481012658227848
2 0.40350877192982454 0.43354430379746833 0.021929824561403508 0.0379746835443038
2 0.3223684210526316 0.2848101265822785 0.02631578947368421 0.04430379746835443
2 0.2741228070175439 0.310126582278481 0.02631578947368421 0.0379746835443038
2 0.4342105263157895 0.1819620253164557 0.02631578947368421 0.04113924050632911
5 0.8081140350877193 0.5490506329113924 0.02412280701754386 0.03481012658227848
5 0.10087719298245613 0.6740506329113924 0.02631578947368421 0.03164556962025317
0 0.24890350877192982 0.8006329113924051 0.02412280701754386 0.0379746835443038
0 0.6853070175438597 0.36075949367088606 0.02412280701754386 0.0379746835443038
1 0.37280701754385964 0.310126582278481 0.021929824561403508 0.0379746835443038
1 0.5087719298245614 0.1439873417721519 0.02631578947368421 0.04113924050632911
1 0.5339912280701754 0.06487341772151899 0.02412280701754386 0.04113924050632911
1 0.6195175438596491 0.015822784810126583 0.02850877192982456 0.03164556962025317
1 0.42105263157894735 0.8955696202531646 0.021929824561403508 0.0379746835443038
4 0.4155701754385965 0.2199367088607595 0.010964912280701754 0.015822784810126583
3 0.06140350877192982 0.3322784810126582 0.11842105263157894 0.6645569620253164
3 0.05592105263157895 0.8449367088607594 0.1074561403508772 0.3037974683544304