3 0.9456521739130435 0.47151898734177217 0.10434782608695652 0.9367088607594937
2 0.8728260869565218 0.2689873417721519 0.02826086956521739 0.0379746835443038
2 0.6413043478260869 0.2737341772151899 0.02608695652173913 0.03481012658227848
2 0.7445652173913043 0.5300632911392406 0.02391304347826087 0.03481012658227848
2 0.6184782608695653 0.564873417721519 0.02391304347826087 0.03481012658227848
2 0.532608695652174 0.819620253164557 0.02608695652173913 0.0379746835443038
5 0.775 0.6882911392405063 0.02391304347826087 0.03481012658227848
5 0.8673913043478261 0.1060126582278481 0.02608695652173913 0.03481012658227848
0 0.7217391304347827 0.3338607594936709 0.021739130434782608 0.03481012658227848
0 0.5945652173913043 0.3623417721518987 0.02391304347826087 0.03481012658227848
1 0.5804347826086956 0.310126582278481 0.021739130434782608 0.03164556962025317
1 0.5826086956521739 0.24208860759493672 0.021739130434782608 0.03481012658227848
1 0.6108695652173913 0.1930379746835443 0.021739130434782608 0.0379746835443038
1 0.7021739130434783 0.17721518987341772 0.021739130434782608 0.03164556962025317
1 0.8 0.25316455696202533 0.021739130434782608 0.03164556962025317
4 0.5217391304347826 0.8322784810126582 0.008695652173913044 0.012658227848101266