2 0.4269406392694064 0.5364238410596026 0.0273972602739726 0.039735099337748346
2 0.3801369863013699 0.5910596026490066 0.02511415525114155 0.03642384105960265
2 0.2465753424657534 0.7201986754966887 0.0273972602739726 0.04304635761589404
2 0.295662100456621 0.7466887417218543 0.02968036529680365 0.04304635761589404
2 0.4714611872146119 0.8294701986754967 0.02511415525114155 0.04304635761589404
5 0.5182648401826484 0.6490066225165563 0.0319634703196347 0.039735099337748346
5 0.06506849315068493 0.33774834437086093 0.02968036529680365 0.039735099337748346
0 0.6746575342465754 0.6639072847682119 0.02511415525114155 0.03642384105960265
0 0.22031963470319635 0.20364238410596028 0.02511415525114155 0.03642384105960265
1 0.3995433789954338 0.10264900662251655 0.0228310502283105 0.039735099337748346
1 0.3493150684931507 0.7168874172185431 0.0228310502283105 0.03642384105960265
1 0.5171232876712328 0.9718543046357616 0.02511415525114155 0.04304635761589404
1 0.678082191780822 0.9801324503311258 0.0273972602739726 0.033112582781456956
4 0.4714611872146119 0.45695364238410596 0.01141552511415525 0.019867549668874173
3 0.04337899543378995 0.6589403973509934 0.0821917808219178 0.6158940397350994
3 0.03995433789954338 0.15894039735099338 0.07534246575342465 0.31125827814569534