3 0.9773706896551724 0.28125 0.040948275862068964 0.5625
3 0.04525862068965517 0.0140625 0.08620689655172414 0.028125
2 0.4073275862068966 0.478125 0.02586206896551724 0.0375
2 0.36314655172413796 0.4265625 0.023706896551724137 0.034375
2 0.23706896551724138 0.3046875 0.02586206896551724 0.040625
2 0.2834051724137931 0.2796875 0.028017241379310345 0.040625
2 0.44935344827586204 0.2015625 0.023706896551724137 0.040625
5 0.49353448275862066 0.371875 0.03017241379310345 0.0375
5 0.06573275862068965 0.665625 0.028017241379310345 0.0375
0 0.6411637931034483 0.3578125 0.023706896551724137 0.034375
0 0.2122844827586207 0.7921875 0.023706896551724137 0.034375
1 0.38146551724137934 0.8875 0.021551724137931036 0.0375
1 0.33405172413793105 0.3078125 0.021551724137931036 0.034375
1 0.49245689655172414 0.0671875 0.023706896551724137 0.040625
1 0.5775862068965517 0.015625 0.02586206896551724 0.03125
1 0.6443965517241379 0.0515625 0.021551724137931036 0.040625
4 0.44935344827586204 0.553125 0.010775862068965518 0.01875
3 0.04310344827586207 0.3625 0.08189655172413793 0.58125
3 0.03987068965517242 0.8421875 0.07543103448275862 0.309375
3 0.9849137931034483 0.6484375 0.02586206896551724 0.071875
3 0.9849137931034483 0.8734375 0.02586206896551724 0.253125