3 0.9798728813559322 0.5 0.036016949152542374 1
3 0.05084745762711865 0.49846625766871167 0.09745762711864407 0.9969325153374233
2 0.9322033898305084 0.5506134969325154 0.029661016949152543 0.03987730061349693
2 0.3474576271186441 0.6993865030674846 0.025423728813559324 0.03680981595092025
2 0.3675847457627119 0.4171779141104294 0.023305084745762712 0.03680981595092025
2 0.24470338983050846 0.450920245398773 0.023305084745762712 0.03067484662576687
2 0.11970338983050847 0.7055214723926381 0.02754237288135593 0.03680981595092025
5 0.125 0.8634969325153374 0.025423728813559324 0.03374233128834356
5 0.21504237288135594 0.3006134969325153 0.023305084745762712 0.03067484662576687
0 0.2669491525423729 0.6411042944785276 0.0211864406779661 0.03680981595092025
0 0.3898305084745763 0.6150306748466258 0.0211864406779661 0.03374233128834356
1 0.4036016949152542 0.6641104294478528 0.023305084745762712 0.03374233128834356
1 0.4014830508474576 0.7315950920245399 0.023305084745762712 0.03374233128834356
1 0.3728813559322034 0.7791411042944786 0.025423728813559324 0.03680981595092025
1 0.2849576271186441 0.7929447852760736 0.023305084745762712 0.03374233128834356
1 0.1896186440677966 0.7193251533742331 0.023305084745762712 0.03987730061349693
4 0.9470338983050848 0.5506134969325154 0.00847457627118644 0.015337423312883436