3 0.9854166666666667 0.5 0.025 0.9939393939393939
3 0.06458333333333334 0.5 0.125 0.9939393939393939
2 0.14270833333333333 0.3090909090909091 0.027083333333333334 0.03636363636363636
2 0.365625 0.3151515151515151 0.022916666666666665 0.03636363636363636
2 0.265625 0.5606060606060606 0.022916666666666665 0.030303030303030304
2 0.38645833333333335 0.5909090909090909 0.022916666666666665 0.03636363636363636
2 0.9479166666666666 0.42727272727272725 0.029166666666666667 0.03636363636363636
5 0.14895833333333333 0.15303030303030302 0.022916666666666665 0.03333333333333333
5 0.23645833333333333 0.7075757575757575 0.022916666666666665 0.03333333333333333
0 0.2875 0.37272727272727274 0.020833333333333332 0.03636363636363636
0 0.409375 0.4 0.022916666666666665 0.03636363636363636
1 0.421875 0.35 0.022916666666666665 0.03333333333333333
1 0.42083333333333334 0.2803030303030303 0.020833333333333332 0.03333333333333333
1 0.39375 0.23636363636363636 0.020833333333333332 0.03636363636363636
1 0.30625 0.22121212121212122 0.020833333333333332 0.030303030303030304
1 0.21145833333333333 0.29545454545454547 0.022916666666666665 0.03333333333333333
4 0.9302083333333333 0.4409090909090909 0.010416666666666666 0.015151515151515152