3 0.9795258620689655 0.5 0.036637931034482756 1
3 0.04310344827586207 0.4984375 0.08189655172413793 0.996875
2 0.10237068965517242 0.7 0.028017241379310345 0.0375
2 0.3329741379310345 0.69375 0.023706896551724137 0.0375
2 0.22952586206896552 0.440625 0.023706896551724137 0.03125
2 0.3545258620689655 0.409375 0.023706896551724137 0.0375
2 0.9353448275862069 0.578125 0.03017241379310345 0.0375
5 0.10883620689655173 0.8609375 0.023706896551724137 0.034375
5 0.19935344827586207 0.2890625 0.023706896551724137 0.034375
0 0.2521551724137931 0.634375 0.021551724137931036 0.0375
0 0.37823275862068967 0.60625 0.023706896551724137 0.0375
1 0.3911637931034483 0.6578125 0.023706896551724137 0.034375
1 0.3900862068965517 0.7296875 0.021551724137931036 0.034375
1 0.3620689655172414 0.775 0.021551724137931036 0.0375
1 0.27155172413793105 0.790625 0.021551724137931036 0.03125
1 0.17349137931034483 0.7140625 0.023706896551724137 0.034375
4 0.9170258620689655 0.5640625 0.010775862068965518 0.015625