3 0.9579545454545455 0.49835526315789475 0.07954545454545454 0.9967105263157895
2 0.8988636363636363 0.680921052631579 0.029545454545454545 0.039473684210526314
2 0.6556818181818181 0.6743421052631579 0.025 0.039473684210526314
2 0.7647727272727273 0.40789473684210525 0.025 0.03289473684210526
2 0.6329545454545454 0.375 0.025 0.039473684210526314
2 0.020454545454545454 0.5526315789473685 0.031818181818181815 0.039473684210526314
5 0.8920454545454546 0.850328947368421 0.025 0.03618421052631579
5 0.7965909090909091 0.24835526315789475 0.025 0.03618421052631579
0 0.740909090909091 0.6118421052631579 0.022727272727272728 0.039473684210526314
0 0.6079545454545454 0.5822368421052632 0.025 0.039473684210526314
1 0.5943181818181819 0.6365131578947368 0.025 0.03618421052631579
1 0.5954545454545455 0.712171052631579 0.022727272727272728 0.03618421052631579
1 0.625 0.7598684210526315 0.022727272727272728 0.039473684210526314
1 0.7204545454545455 0.7763157894736842 0.022727272727272728 0.03289473684210526
1 0.8238636363636364 0.6957236842105263 0.025 0.03618421052631579
4 0.03977272727272727 0.537828947368421 0.011363636363636364 0.01644736842105263