3 0.014130434782608696 0.49841772151898733 0.02826086956521739 0.9968354430379747
3 0.95 0.34335443037974683 0.09565217391304348 0.6867088607594937
2 0.5815217391304348 0.5063291139240507 0.02391304347826087 0.0379746835443038
2 0.6239130434782608 0.4541139240506329 0.021739130434782608 0.03481012658227848
2 0.7521739130434782 0.3322784810126582 0.02608695652173913 0.04430379746835443
2 0.7054347826086956 0.3037974683544304 0.02391304347826087 0.04430379746835443
2 0.5391304347826087 0.22626582278481014 0.02608695652173913 0.04113924050632911
5 0.35978260869565215 0.14240506329113925 0.02826086956521739 0.0379746835443038
5 0.9239130434782609 0.6962025316455697 0.02608695652173913 0.03164556962025317
0 0.7771739130434783 0.8243670886075949 0.02391304347826087 0.03481012658227848
0 0.3467391304347826 0.38449367088607594 0.02391304347826087 0.03481012658227848
1 0.6554347826086957 0.3338607594936709 0.02391304347826087 0.03481012658227848
1 0.4934782608695652 0.08860759493670886 0.02608695652173913 0.04430379746835443
1 0.34130434782608693 0.07120253164556962 0.021739130434782608 0.04113924050632911
1 0.4097826086956522 0.030063291139240507 0.02391304347826087 0.04113924050632911
1 0.6076086956521739 0.9177215189873418 0.02391304347826087 0.0379746835443038
4 0.5391304347826087 0.5806962025316456 0.008695652173913044 0.015822784810126583
3 0.9565217391304348 0.8575949367088608 0.08260869565217391 0.27848101265822783