3 0.9460352422907489 0.5 0.10792951541850221 0.9936305732484076
2 0.02092511013215859 0.9872611464968153 0.028634361233480177 0.01910828025477707
2 0.6156387665198237 0.5939490445859873 0.024229074889867842 0.03503184713375796
2 0.7444933920704846 0.5621019108280255 0.022026431718061675 0.028662420382165606
2 0.8744493392070485 0.2961783439490446 0.02643171806167401 0.03821656050955414
2 0.6376651982378855 0.30254777070063693 0.024229074889867842 0.03821656050955414
5 0.8678414096916299 0.1321656050955414 0.02643171806167401 0.03503184713375796
5 0.7742290748898678 0.7165605095541401 0.024229074889867842 0.03184713375796178
0 0.7191629955947136 0.3646496815286624 0.024229074889867842 0.03503184713375796
0 0.5925110132158591 0.39012738853503187 0.022026431718061675 0.03503184713375796
1 0.5770925110132159 0.34076433121019106 0.022026431718061675 0.03184713375796178
1 0.5803964757709251 0.26910828025477707 0.024229074889867842 0.03503184713375796
1 0.6079295154185022 0.2197452229299363 0.022026431718061675 0.03821656050955414
1 0.7004405286343612 0.20382165605095542 0.022026431718061675 0.03184713375796178
1 0.7995594713656388 0.2818471337579618 0.022026431718061675 0.03503184713375796
4 0.005506607929515419 0.9904458598726115 0.011013215859030838 0.012738853503184714