3 0.02252252252252252 0.5 0.04504504504504504 0.9934640522875817
3 0.9740990990990991 0.6879084967320261 0.0518018018018018 0.6176470588235294
2 0.615990990990991 0.565359477124183 0.024774774774774775 0.0392156862745098
2 0.6599099099099099 0.619281045751634 0.02252252252252252 0.03594771241830065
2 0.7927927927927928 0.7450980392156863 0.02702702702702703 0.0457516339869281
2 0.7443693693693694 0.7745098039215687 0.024774774774774775 0.0457516339869281
2 0.5720720720720721 0.8545751633986928 0.02702702702702703 0.042483660130718956
5 0.38626126126126126 0.9411764705882353 0.02927927927927928 0.0392156862745098
5 0.9707207207207207 0.369281045751634 0.02702702702702703 0.032679738562091505
0 0.8186936936936937 0.2369281045751634 0.024774774774774775 0.03594771241830065
0 0.37274774774774777 0.6911764705882353 0.024774774774774775 0.03594771241830065
1 0.6925675675675675 0.7434640522875817 0.024774774774774775 0.03594771241830065
1 0.527027027027027 0.9836601307189542 0.03153153153153153 0.026143790849673203
1 0.36936936936936937 0.9934640522875817 0.02702702702702703 0.006535947712418301
1 0.6430180180180181 0.14052287581699346 0.024774774774774775 0.0392156862745098
4 0.5720720720720721 0.48856209150326796 0.009009009009009009 0.016339869281045753
3 0.9797297297297297 0.17483660130718953 0.036036036036036036 0.3431372549019608