3 0.010822510822510822 0.5 0.021645021645021644 0.9937106918238994
3 0.9502164502164502 0.5 0.09956709956709957 0.9937106918238994
2 0.6504329004329005 0.29245283018867924 0.02813852813852814 0.03773584905660377
2 0.8820346320346321 0.2861635220125786 0.02813852813852814 0.03773584905660377
2 0.7543290043290043 0.5455974842767296 0.023809523809523808 0.03459119496855346
2 0.6287878787878788 0.5801886792452831 0.02813852813852814 0.040880503144654086
2 0.044372294372294376 0.9779874213836478 0.02813852813852814 0.03773584905660377
5 0.7846320346320347 0.699685534591195 0.023809523809523808 0.03459119496855346
5 0.8766233766233766 0.12421383647798742 0.025974025974025976 0.03459119496855346
0 0.7305194805194806 0.3522012578616352 0.023809523809523808 0.03773584905660377
0 0.6060606060606061 0.3789308176100629 0.025974025974025976 0.03459119496855346
1 0.5909090909090909 0.32861635220125784 0.025974025974025976 0.03459119496855346
1 0.5930735930735931 0.2578616352201258 0.025974025974025976 0.03773584905660377
1 0.6222943722943723 0.21069182389937108 0.023809523809523808 0.03773584905660377
1 0.7132034632034632 0.19654088050314467 0.023809523809523808 0.03459119496855346
1 0.8106060606060606 0.27044025157232704 0.023809523809523808 0.03773584905660377
4 0.030303030303030304 0.9732704402515723 0.008658008658008658 0.015723270440251572