3 0.06357758620689655 0.5 0.12284482758620689 0.99375
2 0.37176724137931033 0.296875 0.028017241379310345 0.0375
2 0.1411637931034483 0.290625 0.028017241379310345 0.0375
2 0.2683189655172414 0.5484375 0.023706896551724137 0.034375
2 0.3933189655172414 0.5828125 0.028017241379310345 0.040625
2 0.9752155172413793 0.978125 0.028017241379310345 0.0375
5 0.23814655172413793 0.7015625 0.023706896551724137 0.034375
5 0.14655172413793102 0.1296875 0.02586206896551724 0.034375
0 0.2920258620689655 0.35625 0.023706896551724137 0.0375
0 0.41594827586206895 0.3828125 0.02586206896551724 0.034375
1 0.43103448275862066 0.3328125 0.02586206896551724 0.034375
1 0.42887931034482757 0.2625 0.02586206896551724 0.0375
1 0.39978448275862066 0.215625 0.023706896551724137 0.0375
1 0.30926724137931033 0.2015625 0.023706896551724137 0.034375
1 0.2122844827586207 0.275 0.023706896551724137 0.0375
4 0.9892241379310345 0.9734375 0.008620689655172414 0.015625