3 0.01867219917012448 0.49849397590361444 0.03734439834024896 0.9969879518072289
3 0.9398340248962656 0.49849397590361444 0.11618257261410789 0.9969879518072289
2 0.6421161825726142 0.6927710843373494 0.026970954356846474 0.03614457831325301
2 0.8641078838174274 0.6987951807228916 0.026970954356846474 0.03614457831325301
2 0.741701244813278 0.4503012048192771 0.022821576763485476 0.03313253012048193
2 0.6213692946058091 0.4171686746987952 0.026970954356846474 0.0391566265060241
2 0.061203319502074686 0.03614457831325301 0.026970954356846474 0.03614457831325301
5 0.770746887966805 0.30271084337349397 0.022821576763485476 0.03313253012048193
5 0.8589211618257261 0.8539156626506024 0.024896265560165973 0.03313253012048193
0 0.7188796680497925 0.6355421686746988 0.022821576763485476 0.03614457831325301
0 0.5995850622406639 0.6099397590361446 0.024896265560165973 0.03313253012048193
1 0.5850622406639004 0.6581325301204819 0.024896265560165973 0.03313253012048193
1 0.5871369294605809 0.7259036144578314 0.024896265560165973 0.03614457831325301
1 0.6151452282157677 0.7710843373493976 0.022821576763485476 0.03614457831325301
1 0.7022821576763485 0.7846385542168675 0.022821576763485476 0.03313253012048193
1 0.7956431535269709 0.713855421686747 0.022821576763485476 0.03614457831325301
4 0.04771784232365145 0.04066265060240964 0.008298755186721992 0.015060240963855422