3 0.9748858447488584 0.5 0.045662100456621 0.9933774834437086
2 0.615296803652968 0.019867549668874173 0.02511415525114155 0.033112582781456956
2 0.3778538812785388 0.2052980132450331 0.02511415525114155 0.039735099337748346
2 0.4920091324200913 0.29635761589403975 0.02054794520547945 0.03642384105960265
2 0.295662100456621 0.5033112582781457 0.02511415525114155 0.033112582781456956
2 0.3607305936073059 0.5397350993377483 0.0273972602739726 0.039735099337748346
5 0.2579908675799087 0.5364238410596026 0.0228310502283105 0.033112582781456956
5 0.3892694063926941 0.5364238410596026 0.02054794520547945 0.033112582781456956
0 0.4657534246575342 0.4155629139072848 0.0228310502283105 0.03642384105960265
0 0.5388127853881278 0.40894039735099336 0.0228310502283105 0.03642384105960265
1 0.519406392694064 0.27980132450331124 0.02054794520547945 0.03642384105960265
1 0.3116438356164384 0.2251655629139073 0.02511415525114155 0.033112582781456956
1 0.5079908675799086 0.02152317880794702 0.02054794520547945 0.03642384105960265
1 0.2865296803652968 0.5413907284768212 0.02511415525114155 0.03642384105960265
1 0.3162100456621005 0.5314569536423841 0.02511415525114155 0.03642384105960265
4 0.4748858447488584 0.3228476821192053 0.0091324200913242 0.016556291390728478