3 0.021367521367521368 0.4984472049689441 0.042735042735042736 0.9968944099378882
3 0.9540598290598291 0.4984472049689441 0.0876068376068376 0.9968944099378882
4 0.907051282051282 0.7841614906832298 0.010683760683760684 0.015527950310559006
1 0.6730769230769231 0.6242236024844721 0.021367521367521368 0.031055900621118012
1 0.7692307692307693 0.6583850931677019 0.02564102564102564 0.031055900621118012
1 0.782051282051282 0.8090062111801242 0.021367521367521368 0.027950310559006212
1 0.657051282051282 0.8338509316770186 0.023504273504273504 0.034161490683229816
1 0.6463675213675214 0.9922360248447205 0.023504273504273504 0.009316770186335404
0 0.875 0.8043478260869565 0.023504273504273504 0.031055900621118012
0 0.7905982905982906 0.6537267080745341 0.021367521367521368 0.027950310559006212
5 0.6399572649572649 0.8105590062111802 0.023504273504273504 0.031055900621118012
5 0.7553418803418803 0.9829192546583851 0.023504273504273504 0.027950310559006212
2 0.8685897435897436 0.8695652173913043 0.023504273504273504 0.031055900621118012
2 0.7628205128205128 0.7981366459627329 0.02564102564102564 0.031055900621118012
2 0.7841880341880342 0.734472049689441 0.021367521367521368 0.027950310559006212
2 0.8504273504273504 0.6180124223602484 0.02564102564102564 0.031055900621118012
2 0.6132478632478633 0.6118012422360248 0.021367521367521368 0.031055900621118012