3 0.023230088495575223 0.4983974358974359 0.046460176991150445 0.9967948717948718
3 0.9712389380530974 0.4983974358974359 0.05309734513274336 0.9967948717948718
4 0.9413716814159292 0.7483974358974359 0.011061946902654867 0.016025641025641024
1 0.6991150442477876 0.5833333333333334 0.022123893805309734 0.03205128205128205
1 0.7986725663716814 0.6185897435897436 0.02654867256637168 0.03205128205128205
1 0.8119469026548672 0.7740384615384616 0.022123893805309734 0.028846153846153848
1 0.6825221238938053 0.7996794871794872 0.024336283185840708 0.035256410256410256
1 0.6703539823008849 0.9727564102564102 0.022123893805309734 0.028846153846153848
0 0.9081858407079646 0.7692307692307693 0.024336283185840708 0.03205128205128205
0 0.8207964601769911 0.6137820512820513 0.022123893805309734 0.028846153846153848
5 0.6648230088495575 0.7756410256410257 0.024336283185840708 0.03205128205128205
5 0.7831858407079646 0.9551282051282052 0.022123893805309734 0.03205128205128205
2 0.9015486725663717 0.8365384615384616 0.024336283185840708 0.03205128205128205
2 0.7920353982300885 0.7628205128205128 0.02654867256637168 0.03205128205128205
2 0.8141592920353983 0.6971153846153846 0.022123893805309734 0.028846153846153848
2 0.8827433628318584 0.5769230769230769 0.02654867256637168 0.03205128205128205
2 0.6371681415929203 0.5705128205128205 0.022123893805309734 0.03205128205128205