3 0.9335585585585585 0.5 0.13288288288288289 0.9934640522875817
2 0.5337837837837838 0.47875816993464054 0.02252252252252252 0.03594771241830065
2 0.5788288288288288 0.5310457516339869 0.02252252252252252 0.03594771241830065
2 0.6632882882882883 0.6862745098039216 0.024774774774774775 0.0392156862745098
2 0.48986486486486486 0.7696078431372549 0.024774774774774775 0.042483660130718956
2 0.7117117117117117 0.6601307189542484 0.02702702702702703 0.0392156862745098
5 0.5900900900900901 0.6225490196078431 0.03153153153153153 0.042483660130718956
5 0.10810810810810811 0.8545751633986928 0.02702702702702703 0.03594771241830065
0 0.2894144144144144 0.6062091503267973 0.024774774774774775 0.03594771241830065
0 0.7376126126126126 0.15196078431372548 0.024774774774774775 0.03594771241830065
1 0.5608108108108109 0.05555555555555555 0.02252252252252252 0.0392156862745098
1 0.6103603603603603 0.6584967320261438 0.02252252252252252 0.03594771241830065
1 0.44481981981981983 0.9101307189542484 0.024774774774774775 0.042483660130718956
1 0.35585585585585583 0.9689542483660131 0.02702702702702703 0.042483660130718956
1 0.28716216216216217 0.9264705882352942 0.024774774774774775 0.042483660130718956
4 0.49099099099099097 0.4035947712418301 0.009009009009009009 0.016339869281045753