3 0.9786324786324786 0.5 0.038461538461538464 1
3 0.05128205128205128 0.4984472049689441 0.09829059829059829 0.9968944099378882
2 0.4166666666666667 0.47360248447204967 0.021367521367521368 0.034161490683229816
2 0.37393162393162394 0.42391304347826086 0.021367521367521368 0.034161490683229816
2 0.2938034188034188 0.27639751552795033 0.023504273504273504 0.037267080745341616
2 0.4583333333333333 0.1972049689440994 0.023504273504273504 0.040372670807453416
2 0.24786324786324787 0.30124223602484473 0.02564102564102564 0.037267080745341616
5 0.36324786324786323 0.33695652173913043 0.029914529914529916 0.040372670807453416
5 0.8205128205128205 0.11645962732919254 0.02564102564102564 0.034161490683229816
0 0.6485042735042735 0.35248447204968947 0.023504273504273504 0.034161490683229816
0 0.2232905982905983 0.7841614906832298 0.023504273504273504 0.034161490683229816
1 0.391025641025641 0.8757763975155279 0.021367521367521368 0.037267080745341616
1 0.344017094017094 0.3027950310559006 0.021367521367521368 0.034161490683229816
1 0.5010683760683761 0.06366459627329192 0.023504273504273504 0.040372670807453416
1 0.5844017094017094 0.015527950310559006 0.027777777777777776 0.031055900621118012
1 0.6506410256410257 0.04813664596273292 0.023504273504273504 0.040372670807453416
4 0.45726495726495725 0.5450310559006211 0.008547008547008548 0.015527950310559006