3 0.9762396694214877 0.5 0.04338842975206612 1
3 0.06301652892561983 0.49850299401197606 0.12190082644628099 0.9970059880239521
2 0.4287190082644628 0.4820359281437126 0.022727272727272728 0.03592814371257485
2 0.3884297520661157 0.43263473053892215 0.02066115702479339 0.03293413173652695
2 0.3119834710743802 0.2904191616766467 0.024793388429752067 0.03592814371257485
2 0.2665289256198347 0.3158682634730539 0.024793388429752067 0.038922155688622756
2 0.48140495867768596 0.12874251497005987 0.024793388429752067 0.041916167664670656
5 0.5640495867768595 0.26646706586826346 0.024793388429752067 0.029940119760479042
5 0.8202479338842975 0.13922155688622753 0.024793388429752067 0.03293413173652695
0 0.6539256198347108 0.36676646706586824 0.022727272727272728 0.03293413173652695
0 0.24380165289256198 0.7829341317365269 0.02066115702479339 0.03293413173652695
1 0.4049586776859504 0.8712574850299402 0.02066115702479339 0.03592814371257485
1 0.3584710743801653 0.3188622754491018 0.01859504132231405 0.03293413173652695
1 0.512396694214876 0.08682634730538923 0.024793388429752067 0.03592814371257485
1 0.5929752066115702 0.03143712574850299 0.02066115702479339 0.03293413173652695
1 0.6570247933884298 0.07035928143712575 0.02066115702479339 0.038922155688622756
4 0.4690082644628099 0.5538922155688623 0.008264462809917356 0.011976047904191617