3 0.9774590163934426 0.5 0.040983606557377046 1
3 0.06659836065573771 0.49851632047477745 0.1290983606557377 0.9970326409495549
2 0.4334016393442623 0.4836795252225519 0.022540983606557378 0.03560830860534125
2 0.39344262295081966 0.43471810089020774 0.020491803278688523 0.032640949554896145
2 0.3176229508196721 0.29376854599406527 0.02459016393442623 0.03560830860534125
2 0.2725409836065574 0.3189910979228487 0.02459016393442623 0.03857566765578635
2 0.48565573770491804 0.13353115727002968 0.02459016393442623 0.04154302670623145
5 0.5676229508196722 0.27002967359050445 0.02459016393442623 0.02967359050445104
5 0.8217213114754098 0.14391691394658754 0.02459016393442623 0.032640949554896145
0 0.6567622950819673 0.3694362017804154 0.022540983606557378 0.032640949554896145
0 0.25 0.7818991097922848 0.020491803278688523 0.032640949554896145
1 0.4098360655737705 0.8694362017804155 0.020491803278688523 0.03560830860534125
1 0.3637295081967213 0.3219584569732938 0.018442622950819672 0.032640949554896145
1 0.5163934426229508 0.09198813056379822 0.02459016393442623 0.03560830860534125
1 0.5963114754098361 0.037091988130563795 0.020491803278688523 0.032640949554896145
1 0.6598360655737705 0.07566765578635015 0.020491803278688523 0.03857566765578635
4 0.4733606557377049 0.5548961424332344 0.00819672131147541 0.011869436201780416