3 0.019148936170212766 0.4984567901234568 0.03829787234042553 0.9969135802469136
3 0.9457446808510638 0.4984567901234568 0.10425531914893617 0.9969135802469136
2 0.5797872340425532 0.4845679012345679 0.023404255319148935 0.037037037037037035
2 0.6212765957446809 0.43364197530864196 0.02127659574468085 0.033950617283950615
2 0.7 0.28703703703703703 0.02553191489361702 0.037037037037037035
2 0.7468085106382979 0.3132716049382716 0.02553191489361702 0.040123456790123455
2 0.5255319148936171 0.12037037037037036 0.02553191489361702 0.043209876543209874
5 0.44042553191489364 0.2623456790123457 0.02553191489361702 0.030864197530864196
5 0.17659574468085107 0.13117283950617284 0.02553191489361702 0.033950617283950615
0 0.3478723404255319 0.36574074074074076 0.023404255319148935 0.033950617283950615
0 0.7702127659574468 0.7947530864197531 0.02127659574468085 0.033950617283950615
1 0.6042553191489362 0.8858024691358025 0.02127659574468085 0.037037037037037035
1 0.652127659574468 0.31635802469135804 0.019148936170212766 0.033950617283950615
1 0.49361702127659574 0.07716049382716049 0.02553191489361702 0.037037037037037035
1 0.4106382978723404 0.020061728395061727 0.02127659574468085 0.033950617283950615
1 0.3446808510638298 0.06018518518518518 0.02127659574468085 0.040123456790123455
4 0.5382978723404256 0.558641975308642 0.00851063829787234 0.012345679012345678