3 0.00641025641025641 0.4161490683229814 0.01282051282051282 0.8322981366459627
3 0.9401709401709402 0.4984472049689441 0.11538461538461539 0.9968944099378882
2 0.011752136752136752 0.9798136645962733 0.023504273504273504 0.034161490683229816
2 0.6356837606837606 0.7018633540372671 0.023504273504273504 0.037267080745341616
2 0.8643162393162394 0.7080745341614907 0.027777777777777776 0.037267080745341616
2 0.7382478632478633 0.4503105590062112 0.023504273504273504 0.031055900621118012
2 0.6143162393162394 0.41770186335403725 0.027777777777777776 0.034161490683229816
5 0.7681623931623932 0.2996894409937888 0.023504273504273504 0.034161490683229816
5 0.8589743589743589 0.8695652173913043 0.02564102564102564 0.037267080745341616
0 0.7147435897435898 0.6428571428571429 0.023504273504273504 0.037267080745341616
0 0.592948717948718 0.6164596273291926 0.023504273504273504 0.034161490683229816
1 0.6976495726495726 0.796583850931677 0.023504273504273504 0.034161490683229816
1 0.6079059829059829 0.782608695652174 0.023504273504273504 0.037267080745341616
1 0.5801282051282052 0.7360248447204969 0.023504273504273504 0.037267080745341616
1 0.5769230769230769 0.6661490683229814 0.02564102564102564 0.034161490683229816
1 0.7927350427350427 0.7236024844720497 0.02564102564102564 0.037267080745341616