3 0.022435897435897436 0.5 0.04487179487179487 0.9937888198757764
3 0.9551282051282052 0.5 0.08974358974358974 0.9937888198757764
2 0.6634615384615384 0.2888198757763975 0.027777777777777776 0.037267080745341616
2 0.8920940170940171 0.2841614906832298 0.027777777777777776 0.040372670807453416
2 0.6420940170940171 0.5714285714285714 0.027777777777777776 0.037267080745341616
2 0.7660256410256411 0.5388198757763976 0.023504273504273504 0.034161490683229816
5 0.7970085470085471 0.6925465838509317 0.02564102564102564 0.031055900621118012
5 0.8867521367521367 0.12267080745341614 0.02564102564102564 0.034161490683229816
0 0.7425213675213675 0.34782608695652173 0.023504273504273504 0.031055900621118012
0 0.6207264957264957 0.37422360248447206 0.023504273504273504 0.034161490683229816
1 0.6047008547008547 0.32608695652173914 0.021367521367521368 0.031055900621118012
1 0.6079059829059829 0.2562111801242236 0.023504273504273504 0.034161490683229816
1 0.6356837606837606 0.2080745341614907 0.023504273504273504 0.037267080745341616
1 0.7254273504273504 0.19254658385093168 0.023504273504273504 0.031055900621118012
1 0.8215811965811965 0.2686335403726708 0.023504273504273504 0.034161490683229816
4 0.050213675213675216 0.006211180124223602 0.014957264957264958 0.006211180124223602