3 0.02066115702479339 0.49850299401197606 0.04132231404958678 0.9970059880239521
3 0.9390495867768595 0.49850299401197606 0.11776859504132231 0.9970059880239521
2 0.03202479338842975 0.9805389221556886 0.026859504132231406 0.03293413173652695
2 0.6415289256198347 0.688622754491018 0.026859504132231406 0.03592814371257485
2 0.862603305785124 0.6931137724550899 0.026859504132231406 0.038922155688622756
2 0.6208677685950413 0.4161676646706587 0.026859504132231406 0.03592814371257485
2 0.7407024793388429 0.4476047904191617 0.022727272727272728 0.03293413173652695
5 0.7706611570247934 0.2994011976047904 0.024793388429752067 0.029940119760479042
5 0.8574380165289256 0.8488023952095808 0.024793388429752067 0.03293413173652695
0 0.7179752066115702 0.6317365269461078 0.022727272727272728 0.029940119760479042
0 0.6002066115702479 0.6062874251497006 0.022727272727272728 0.03293413173652695
1 0.5847107438016529 0.6526946107784432 0.02066115702479339 0.029940119760479042
1 0.5878099173553719 0.7200598802395209 0.022727272727272728 0.03293413173652695
1 0.6146694214876033 0.7664670658682635 0.022727272727272728 0.03592814371257485
1 0.7014462809917356 0.781437125748503 0.022727272727272728 0.029940119760479042
1 0.7944214876033058 0.7080838323353293 0.022727272727272728 0.03293413173652695
4 0.047520661157024795 0.9670658682634731 0.012396694214876033 0.017964071856287425