3 0.017634854771784232 0.49849397590361444 0.035269709543568464 0.9969879518072289
3 0.9377593360995851 0.49849397590361444 0.12033195020746888 0.9969879518072289
2 0.025933609958506226 0.9819277108433735 0.026970954356846474 0.030120481927710843
2 0.6379668049792531 0.6897590361445783 0.026970954356846474 0.03614457831325301
2 0.8599585062240664 0.6942771084337349 0.026970954356846474 0.0391566265060241
2 0.6172199170124482 0.41566265060240964 0.026970954356846474 0.03614457831325301
2 0.7375518672199171 0.44728915662650603 0.022821576763485476 0.03313253012048193
5 0.7676348547717843 0.29819277108433734 0.024896265560165973 0.030120481927710843
5 0.8547717842323651 0.8509036144578314 0.024896265560165973 0.03313253012048193
0 0.7147302904564315 0.6325301204819277 0.022821576763485476 0.030120481927710843
0 0.5964730290456431 0.6069277108433735 0.022821576763485476 0.03313253012048193
1 0.5809128630705395 0.6536144578313253 0.02074688796680498 0.030120481927710843
1 0.5840248962655602 0.7213855421686747 0.022821576763485476 0.03313253012048193
1 0.6109958506224067 0.7680722891566265 0.022821576763485476 0.03614457831325301
1 0.6981327800829875 0.7831325301204819 0.022821576763485476 0.030120481927710843
1 0.7914937759336099 0.7093373493975904 0.022821576763485476 0.03313253012048193
4 0.04149377593360996 0.9698795180722891 0.012448132780082987 0.018072289156626505