3 0.02066115702479339 0.49850299401197606 0.04132231404958678 0.9970059880239521
3 0.9400826446280992 0.49850299401197606 0.11570247933884298 0.9970059880239521
2 0.03615702479338843 0.9835329341317365 0.030991735537190084 0.02694610778443114
2 0.643595041322314 0.6916167664670658 0.022727272727272728 0.03592814371257485
2 0.8646694214876033 0.6991017964071856 0.026859504132231406 0.038922155688622756
2 0.6229338842975206 0.4176646706586826 0.026859504132231406 0.03293413173652695
2 0.743801652892562 0.4491017964071856 0.02066115702479339 0.029940119760479042
5 0.7716942148760331 0.30389221556886226 0.022727272727272728 0.03293413173652695
5 0.859504132231405 0.8517964071856288 0.024793388429752067 0.03293413173652695
0 0.7200413223140496 0.6347305389221557 0.022727272727272728 0.029940119760479042
0 0.6012396694214877 0.6092814371257484 0.02066115702479339 0.03293413173652695
1 0.5867768595041323 0.6586826347305389 0.02066115702479339 0.029940119760479042
1 0.5878099173553719 0.7260479041916168 0.022727272727272728 0.03293413173652695
1 0.6167355371900827 0.7694610778443114 0.022727272727272728 0.03592814371257485
1 0.7014462809917356 0.7844311377245509 0.01859504132231405 0.029940119760479042
1 0.7944214876033058 0.7110778443113772 0.022727272727272728 0.03293413173652695
4 0.030991735537190084 0.9640718562874252 0.012396694214876033 0.017964071856287425