3 0.979253112033195 0.5 0.03734439834024896 0.9939759036144579
3 0.06016597510373444 0.5 0.11618257261410789 0.9939759036144579
2 0.9657676348547718 0.016566265060240965 0.03112033195020747 0.02710843373493976
2 0.3558091286307054 0.3102409638554217 0.022821576763485476 0.03614457831325301
2 0.1338174273858921 0.30271084337349397 0.026970954356846474 0.0391566265060241
2 0.37655601659751037 0.5858433734939759 0.026970954356846474 0.03313253012048193
2 0.2551867219917012 0.5542168674698795 0.02074688796680498 0.030120481927710843
5 0.22717842323651452 0.7003012048192772 0.022821576763485476 0.03313253012048193
5 0.13900414937759337 0.14909638554216867 0.024896265560165973 0.03313253012048193
0 0.279045643153527 0.3674698795180723 0.022821576763485476 0.030120481927710843
0 0.3983402489626556 0.3930722891566265 0.02074688796680498 0.03313253012048193
1 0.41286307053941906 0.3433734939759036 0.02074688796680498 0.030120481927710843
1 0.4118257261410788 0.2756024096385542 0.022821576763485476 0.03313253012048193
1 0.38278008298755184 0.2319277108433735 0.022821576763485476 0.03614457831325301
1 0.29771784232365145 0.21686746987951808 0.01867219917012448 0.030120481927710843
1 0.20435684647302904 0.29066265060240964 0.022821576763485476 0.03313253012048193
4 0.970954356846473 0.03614457831325301 0.012448132780082987 0.018072289156626505