3 0.9347345132743363 0.5 0.13053097345132744 0.9935897435897436
2 0.5420353982300885 0.5144230769230769 0.02654867256637168 0.041666666666666664
2 0.5862831858407079 0.5673076923076923 0.022123893805309734 0.038461538461538464
2 0.6692477876106194 0.717948717948718 0.028761061946902654 0.04487179487179487
2 0.4922566371681416 0.8958333333333334 0.024336283185840708 0.041666666666666664
5 0.3606194690265487 0.75 0.022123893805309734 0.03205128205128205
5 0.12278761061946902 0.8830128205128205 0.024336283185840708 0.035256410256410256
0 0.3030973451327434 0.6394230769230769 0.022123893805309734 0.041666666666666664
0 0.7422566371681416 0.19230769230769232 0.024336283185840708 0.038461538461538464
1 0.29867256637168144 0.9551282051282052 0.02654867256637168 0.038461538461538464
1 0.36836283185840707 0.9839743589743589 0.028761061946902654 0.02564102564102564
1 0.45464601769911506 0.9391025641025641 0.024336283185840708 0.038461538461538464
1 0.6172566371681416 0.6891025641025641 0.022123893805309734 0.038461538461538464
1 0.5685840707964602 0.09775641025641026 0.022123893805309734 0.035256410256410256
4 0.5 0.4391025641025641 0.008849557522123894 0.01282051282051282