3 0.9807692307692307 0.5 0.03418803418803419 0.9937888198757764
3 0.05448717948717949 0.5 0.1047008547008547 0.9937888198757764
2 0.42094017094017094 0.5232919254658385 0.02564102564102564 0.040372670807453416
2 0.3782051282051282 0.5745341614906833 0.021367521367521368 0.037267080745341616
2 0.2980769230769231 0.7204968944099379 0.027777777777777776 0.043478260869565216
2 0.469017094017094 0.8928571428571429 0.023504273504273504 0.040372670807453416
2 0.8942307692307693 0.013975155279503106 0.03205128205128205 0.021739130434782608
5 0.5961538461538461 0.7515527950310559 0.021367521367521368 0.031055900621118012
5 0.8258547008547008 0.8804347826086957 0.023504273504273504 0.034161490683229816
0 0.6517094017094017 0.6444099378881988 0.021367521367521368 0.040372670807453416
0 0.22756410256410256 0.2111801242236025 0.023504273504273504 0.037267080745341616
1 0.655982905982906 0.9503105590062112 0.02564102564102564 0.037267080745341616
1 0.5908119658119658 0.9813664596273292 0.027777777777777776 0.031055900621118012
1 0.5053418803418803 0.9347826086956522 0.023504273504273504 0.037267080745341616
1 0.3482905982905983 0.6925465838509317 0.021367521367521368 0.037267080745341616
1 0.3952991452991453 0.11956521739130435 0.021367521367521368 0.034161490683229816
4 0.46153846153846156 0.4503105590062112 0.008547008547008548 0.012422360248447204