3 0.9469026548672567 0.4983974358974359 0.10176991150442478 0.9967948717948718
2 0.6404867256637168 0.7339743589743589 0.024336283185840708 0.038461538461538464
2 0.8772123893805309 0.7419871794871795 0.028761061946902654 0.041666666666666664
2 0.6183628318584071 0.4407051282051282 0.028761061946902654 0.035256410256410256
2 0.7477876106194691 0.47435897435897434 0.022123893805309734 0.03205128205128205
5 0.7776548672566371 0.3189102564102564 0.024336283185840708 0.035256410256410256
5 0.8716814159292036 0.905448717948718 0.02654867256637168 0.035256410256410256
0 0.7223451327433629 0.6730769230769231 0.024336283185840708 0.03205128205128205
0 0.5951327433628318 0.6458333333333334 0.022123893805309734 0.035256410256410256
1 0.5796460176991151 0.6987179487179487 0.022123893805309734 0.03205128205128205
1 0.5807522123893806 0.7708333333333334 0.024336283185840708 0.035256410256410256
1 0.6117256637168141 0.8173076923076923 0.024336283185840708 0.038461538461538464
1 0.702433628318584 0.8333333333333334 0.01991150442477876 0.03205128205128205
1 0.8019911504424779 0.7548076923076923 0.024336283185840708 0.035256410256410256