3 0.9772727272727273 0.5 0.04132231404958678 1
3 0.0640495867768595 0.49850299401197606 0.12396694214876033 0.9970059880239521
2 0.4318181818181818 0.4865269461077844 0.024793388429752067 0.038922155688622756
2 0.390495867768595 0.437125748502994 0.02066115702479339 0.03592814371257485
2 0.3130165289256198 0.2964071856287425 0.026859504132231406 0.041916167664670656
2 0.47830578512396693 0.13023952095808383 0.022727272727272728 0.038922155688622756
2 0.8894628099173554 0.9820359281437125 0.030991735537190084 0.029940119760479042
5 0.6012396694214877 0.26646706586826346 0.02066115702479339 0.029940119760479042
5 0.8233471074380165 0.14221556886227546 0.022727272727272728 0.03293413173652695
0 0.6549586776859504 0.36976047904191617 0.02066115702479339 0.038922155688622756
0 0.24483471074380164 0.7874251497005988 0.022727272727272728 0.03592814371257485
1 0.6590909090909091 0.0748502994011976 0.024793388429752067 0.03592814371257485
1 0.5960743801652892 0.0374251497005988 0.022727272727272728 0.038922155688622756
1 0.5134297520661157 0.08982035928143713 0.022727272727272728 0.03592814371257485
1 0.3615702479338843 0.32335329341317365 0.02066115702479339 0.03592814371257485
1 0.40702479338842973 0.875748502994012 0.02066115702479339 0.03293413173652695
4 0.47107438016528924 0.5568862275449101 0.008264462809917356 0.011976047904191617