3 0.9789823008849557 0.5096153846153846 0.03761061946902655 0.9743589743589743
3 0.035398230088495575 0.9551282051282052 0.06637168141592921 0.08333333333333333
2 0.7488938053097345 0.2564102564102564 0.028761061946902654 0.04487179487179487
2 0.39601769911504425 0.5480769230769231 0.02654867256637168 0.038461538461538464
2 0.3506637168141593 0.5977564102564102 0.024336283185840708 0.041666666666666664
2 0.4469026548672566 0.9278846153846154 0.02654867256637168 0.041666666666666664
5 0.577433628318584 0.7836538461538461 0.022123893805309734 0.035256410256410256
5 0.8130530973451328 0.9150641025641025 0.024336283185840708 0.035256410256410256
0 0.6360619469026548 0.6714743589743589 0.024336283185840708 0.041666666666666664
0 0.19690265486725664 0.22596153846153846 0.022123893805309734 0.035256410256410256
1 0.3694690265486726 0.12980769230769232 0.022123893805309734 0.035256410256410256
1 0.3196902654867257 0.7227564102564102 0.024336283185840708 0.035256410256410256
1 0.4834070796460177 0.9711538461538461 0.024336283185840708 0.04487179487179487
1 0.6382743362831859 0.9791666666666666 0.028761061946902654 0.035256410256410256
4 0.43805309734513276 0.47115384615384615 0.008849557522123894 0.01282051282051282
3 0.029867256637168143 0.4375 0.05530973451327434 0.8685897435897436