3 0.9486301369863014 0.5 0.10273972602739725 0.9933774834437086
2 0.6506849315068494 0.6241721854304636 0.0273972602739726 0.03642384105960265
2 0.589041095890411 0.5033112582781457 0.0273972602739726 0.039735099337748346
2 0.610730593607306 0.6473509933774835 0.02511415525114155 0.03642384105960265
2 0.7442922374429224 0.6125827814569537 0.0228310502283105 0.033112582781456956
2 0.6335616438356164 0.3443708609271523 0.02511415525114155 0.039735099337748346
5 0.8721461187214612 0.1672185430463576 0.0273972602739726 0.03642384105960265
5 0.7751141552511416 0.7748344370860927 0.02511415525114155 0.033112582781456956
0 0.66324200913242 0.47516556291390727 0.02511415525114155 0.03642384105960265
0 0.7180365296803652 0.40728476821192056 0.02511415525114155 0.039735099337748346
1 0.6027397260273972 0.2582781456953642 0.0228310502283105 0.039735099337748346
1 0.5742009132420092 0.3079470198675497 0.02511415525114155 0.039735099337748346
1 0.5833333333333334 0.3741721854304636 0.02511415525114155 0.039735099337748346
1 0.6986301369863014 0.24172185430463577 0.0228310502283105 0.033112582781456956
1 0.8013698630136986 0.3228476821192053 0.0228310502283105 0.03642384105960265