3 0.05518018018018018 0.5 0.10585585585585586 0.9934640522875817
2 0.3490990990990991 0.5604575163398693 0.02702702702702703 0.03594771241830065
2 0.4099099099099099 0.4411764705882353 0.02702702702702703 0.0392156862745098
2 0.3885135135135135 0.5833333333333334 0.024774774774774775 0.03594771241830065
2 0.25675675675675674 0.5490196078431373 0.02252252252252252 0.032679738562091505
2 0.36599099099099097 0.28431372549019607 0.024774774774774775 0.0392156862745098
5 0.13063063063063063 0.10947712418300654 0.02702702702702703 0.03594771241830065
5 0.22635135135135134 0.7091503267973857 0.024774774774774775 0.032679738562091505
0 0.3367117117117117 0.4133986928104575 0.024774774774774775 0.03594771241830065
0 0.28265765765765766 0.3464052287581699 0.024774774774774775 0.0392156862745098
1 0.3963963963963964 0.19934640522875818 0.02252252252252252 0.0392156862745098
1 0.42454954954954954 0.24836601307189543 0.024774774774774775 0.0392156862745098
1 0.4155405405405405 0.3137254901960784 0.024774774774774775 0.0392156862745098
1 0.30180180180180183 0.1830065359477124 0.02252252252252252 0.032679738562091505
1 0.20045045045045046 0.2630718954248366 0.02252252252252252 0.03594771241830065