3 0.9771689497716894 0.5 0.0410958904109589 0.9933774834437086
2 0.2922374429223744 0.27483443708609273 0.0273972602739726 0.039735099337748346
2 0.3356164383561644 0.4337748344370861 0.0273972602739726 0.039735099337748346
2 0.2728310502283105 0.554635761589404 0.02511415525114155 0.03642384105960265
2 0.3139269406392694 0.5761589403973509 0.02968036529680365 0.039735099337748346
2 0.1815068493150685 0.543046357615894 0.02511415525114155 0.033112582781456956
5 0.1495433789954338 0.7052980132450332 0.02511415525114155 0.033112582781456956
5 0.05251141552511415 0.09768211920529801 0.0273972602739726 0.03642384105960265
0 0.2614155251141553 0.40728476821192056 0.02511415525114155 0.033112582781456956
0 0.2054794520547945 0.3360927152317881 0.0228310502283105 0.03642384105960265
1 0.341324200913242 0.30132450331125826 0.02511415525114155 0.033112582781456956
1 0.3515981735159817 0.23841059602649006 0.0228310502283105 0.033112582781456956
1 0.3207762557077626 0.18874172185430463 0.02511415525114155 0.039735099337748346
1 0.22488584474885845 0.173841059602649 0.02511415525114155 0.03642384105960265
1 0.1232876712328767 0.2533112582781457 0.0228310502283105 0.03642384105960265