3 0.017708333333333333 0.5 0.035416666666666666 0.9939393939393939
3 0.9416666666666667 0.5 0.11666666666666667 0.9939393939393939
2 0.6395833333333333 0.31212121212121213 0.025 0.03636363636363636
2 0.6 0.4575757575757576 0.025 0.03636363636363636
2 0.6572916666666667 0.5681818181818182 0.022916666666666665 0.03333333333333333
2 0.6197916666666666 0.5878787878787879 0.027083333333333334 0.03636363636363636
2 0.740625 0.5575757575757576 0.022916666666666665 0.030303030303030304
5 0.7697916666666667 0.706060606060606 0.022916666666666665 0.030303030303030304
5 0.8583333333333333 0.15 0.025 0.03333333333333333
0 0.6677083333333333 0.43333333333333335 0.022916666666666665 0.030303030303030304
0 0.71875 0.36818181818181817 0.020833333333333332 0.03333333333333333
1 0.5947916666666667 0.33636363636363636 0.022916666666666665 0.030303030303030304
1 0.5854166666666667 0.2787878787878788 0.020833333333333332 0.030303030303030304
1 0.6135416666666667 0.23333333333333334 0.022916666666666665 0.03636363636363636
1 0.7010416666666667 0.2196969696969697 0.022916666666666665 0.03333333333333333
1 0.79375 0.2924242424242424 0.020833333333333332 0.03333333333333333
4 0.016666666666666666 0.05454545454545454 0.0125 0.01818181818181818