3 0.9386363636363636 0.5 0.12272727272727273 0.993421052631579
2 0.5409090909090909 0.4769736842105263 0.02727272727272727 0.039473684210526314
2 0.5875 0.5296052631578947 0.025 0.039473684210526314
2 0.48977272727272725 0.8667763157894737 0.025 0.04276315789473684
2 0.3443181818181818 0.41118421052631576 0.038636363636363635 0.05263157894736842
5 0.35568181818181815 0.71875 0.025 0.04276315789473684
5 0.11136363636363636 0.8536184210526315 0.02727272727272727 0.04276315789473684
0 0.2943181818181818 0.6036184210526315 0.025 0.04276315789473684
0 0.7454545454545455 0.14473684210526316 0.02727272727272727 0.039473684210526314
1 0.5670454545454545 0.049342105263157895 0.025 0.039473684210526314
1 0.6193181818181818 0.65625 0.025 0.03618421052631579
1 0.29204545454545455 0.9259868421052632 0.025 0.04276315789473684
1 0.3613636363636364 0.9703947368421053 0.022727272727272728 0.046052631578947366
1 0.4511363636363636 0.912828947368421 0.029545454545454545 0.04276315789473684
4 0.49772727272727274 0.3980263157894737 0.00909090909090909 0.019736842105263157