3 0.02092050209205021 0.4984848484848485 0.04184100418410042 0.996969696969697
3 0.9456066945606695 0.4984848484848485 0.10460251046025104 0.996969696969697
2 0.6516736401673641 0.6848484848484848 0.02301255230125523 0.03636363636363636
2 0.6119246861924686 0.5393939393939394 0.02301255230125523 0.03636363636363636
2 0.6307531380753139 0.40606060606060607 0.027196652719665274 0.03636363636363636
2 0.6673640167364017 0.42727272727272725 0.02510460251046025 0.03636363636363636
2 0.752092050209205 0.4409090909090909 0.02301255230125523 0.03333333333333333
5 0.7813807531380753 0.2909090909090909 0.02301255230125523 0.030303030303030304
5 0.8702928870292888 0.8469696969696969 0.02510460251046025 0.03333333333333333
0 0.7290794979079498 0.6272727272727273 0.02301255230125523 0.030303030303030304
0 0.6788702928870293 0.5651515151515152 0.02301255230125523 0.03333333333333333
1 0.606694560669456 0.656060606060606 0.02510460251046025 0.03333333333333333
1 0.5972803347280334 0.7181818181818181 0.02301255230125523 0.03636363636363636
1 0.6234309623430963 0.7636363636363637 0.02092050209205021 0.03636363636363636
1 0.7112970711297071 0.7787878787878788 0.02092050209205021 0.030303030303030304
1 0.805439330543933 0.7045454545454546 0.02092050209205021 0.03333333333333333
4 0.028242677824267783 0.9893939393939394 0.014644351464435146 0.015151515151515152