3 0.9427312775330396 0.5 0.1145374449339207 0.9936305732484076
2 0.5594713656387665 0.535031847133758 0.02643171806167401 0.03821656050955414
2 0.6046255506607929 0.5859872611464968 0.024229074889867842 0.03821656050955414
2 0.5099118942731278 0.9124203821656051 0.024229074889867842 0.041401273885350316
2 0.368942731277533 0.4713375796178344 0.037444933920704845 0.050955414012738856
2 0.11674008810572688 0.01751592356687898 0.030837004405286344 0.028662420382165606
5 0.3799559471365639 0.7691082802547771 0.024229074889867842 0.041401273885350316
5 0.14317180616740088 0.8996815286624203 0.02643171806167401 0.041401273885350316
0 0.32048458149779735 0.6576433121019108 0.024229074889867842 0.041401273885350316
0 0.7577092511013216 0.21337579617834396 0.02643171806167401 0.03821656050955414
1 0.5848017621145375 0.12101910828025478 0.024229074889867842 0.03821656050955414
1 0.6354625550660793 0.7085987261146497 0.024229074889867842 0.03503184713375796
1 0.31828193832599116 0.9697452229299363 0.024229074889867842 0.041401273885350316
1 0.3876651982378855 0.9920382165605095 0.02643171806167401 0.009554140127388535
1 0.4724669603524229 0.9570063694267515 0.028634361233480177 0.041401273885350316
4 0.5176211453744494 0.4585987261146497 0.00881057268722467 0.01910828025477707