3 0.020833333333333332 0.4984848484848485 0.041666666666666664 0.996969696969697
3 0.94375 0.4984848484848485 0.10833333333333334 0.996969696969697
2 0.6489583333333333 0.6878787878787879 0.022916666666666665 0.03636363636363636
2 0.609375 0.5424242424242425 0.022916666666666665 0.03636363636363636
2 0.628125 0.4090909090909091 0.027083333333333334 0.03636363636363636
2 0.6645833333333333 0.4303030303030303 0.025 0.03636363636363636
2 0.7489583333333333 0.44393939393939397 0.022916666666666665 0.03333333333333333
5 0.778125 0.29393939393939394 0.022916666666666665 0.030303030303030304
5 0.8666666666666667 0.85 0.025 0.03333333333333333
0 0.7260416666666667 0.6303030303030303 0.022916666666666665 0.030303030303030304
0 0.6760416666666667 0.5681818181818182 0.022916666666666665 0.03333333333333333
1 0.6041666666666666 0.6590909090909091 0.025 0.03333333333333333
1 0.5947916666666667 0.7212121212121212 0.022916666666666665 0.03636363636363636
1 0.6208333333333333 0.7666666666666667 0.020833333333333332 0.03636363636363636
1 0.7083333333333334 0.7818181818181819 0.020833333333333332 0.030303030303030304
1 0.8020833333333334 0.7075757575757575 0.020833333333333332 0.03333333333333333
4 0.028125 0.990909090909091 0.014583333333333334 0.012121212121212121