3 0.024261603375527425 0.5 0.04852320675105485 0.9939024390243902
3 0.9483122362869199 0.5 0.10337552742616034 0.9939024390243902
2 0.15822784810126583 0.01676829268292683 0.02531645569620253 0.027439024390243903
2 0.5822784810126582 0.5121951219512195 0.02531645569620253 0.036585365853658534
2 0.6244725738396625 0.5609756097560976 0.02109704641350211 0.036585365853658534
2 0.5348101265822784 0.8734756097560976 0.023206751054852322 0.039634146341463415
2 0.34177215189873417 0.6661585365853658 0.03375527426160337 0.039634146341463415
5 0.40822784810126583 0.7347560975609756 0.023206751054852322 0.036585365853658534
5 0.18354430379746836 0.8628048780487805 0.02531645569620253 0.036585365853658534
0 0.3459915611814346 0.6067073170731707 0.02109704641350211 0.036585365853658534
0 0.7732067510548524 0.20579268292682926 0.023206751054852322 0.03353658536585366
1 0.6065400843881856 0.11585365853658537 0.0189873417721519 0.036585365853658534
1 0.6550632911392406 0.6798780487804879 0.023206751054852322 0.036585365853658534
1 0.4978902953586498 0.9146341463414634 0.02531645569620253 0.042682926829268296
1 0.41455696202531644 0.9710365853658537 0.023206751054852322 0.039634146341463415
1 0.350210970464135 0.9298780487804879 0.02531645569620253 0.042682926829268296
4 0.5421940928270043 0.43902439024390244 0.008438818565400843 0.012195121951219513