3 0.9863636363636363 0.5 0.022727272727272728 0.993421052631579
3 0.031818181818181815 0.5 0.05909090909090909 0.993421052631579
2 0.3977272727272727 0.5098684210526315 0.02727272727272727 0.039473684210526314
2 0.3522727272727273 0.5625 0.022727272727272728 0.039473684210526314
2 0.44886363636363635 0.899671052631579 0.025 0.04276315789473684
2 0.6568181818181819 0.6759868421052632 0.03636363636363636 0.04276315789473684
5 0.5852272727272727 0.75 0.025 0.039473684210526314
5 0.8272727272727273 0.8881578947368421 0.02727272727272727 0.039473684210526314
0 0.6522727272727272 0.6118421052631579 0.022727272727272728 0.039473684210526314
0 0.19204545454545455 0.17927631578947367 0.025 0.03618421052631579
1 0.3715909090909091 0.08223684210526316 0.020454545454545454 0.039473684210526314
1 0.31931818181818183 0.6907894736842105 0.025 0.039473684210526314
1 0.48863636363636365 0.944078947368421 0.02727272727272727 0.046052631578947366
1 0.5784090909090909 0.9884868421052632 0.029545454545454545 0.01644736842105263
1 0.6477272727272727 0.9605263157894737 0.02727272727272727 0.046052631578947366
4 0.4409090909090909 0.4309210526315789 0.00909090909090909 0.013157894736842105