4 0.972972972972973 0.013071895424836602 0.013513513513513514 0.0196078431372549
1 0.3614864864864865 0.7009803921568627 0.024774774774774775 0.03594771241830065
1 0.3716216216216216 0.7630718954248366 0.02252252252252252 0.03594771241830065
1 0.1463963963963964 0.7516339869281046 0.02252252252252252 0.0392156862745098
1 0.24662162162162163 0.826797385620915 0.02027027027027027 0.032679738562091505
1 0.3400900900900901 0.8120915032679739 0.02252252252252252 0.03594771241830065
0 0.28265765765765766 0.5964052287581699 0.02027027027027027 0.029411764705882353
0 0.22635135135135134 0.6666666666666666 0.02027027027027027 0.032679738562091505
5 0.07657657657657657 0.9019607843137255 0.02252252252252252 0.032679738562091505
5 0.17342342342342343 0.30392156862745096 0.02252252252252252 0.032679738562091505
2 0.3344594594594595 0.42810457516339867 0.024774774774774775 0.0392156862745098
2 0.2939189189189189 0.4526143790849673 0.024774774774774775 0.03594771241830065
2 0.20382882882882883 0.46405228758169936 0.02027027027027027 0.032679738562091505
2 0.35585585585585583 0.5735294117647058 0.02252252252252252 0.03594771241830065
2 0.3119369369369369 0.7271241830065359 0.024774774774774775 0.03594771241830065
3 0.9819819819819819 0.5 0.03153153153153153 1
3 0.02702702702702703 0.49836601307189543 0.04954954954954955 0.9967320261437909