3 0.9375 0.5 0.125 0.993421052631579
2 0.23068181818181818 0.16282894736842105 0.025 0.04276315789473684
2 0.5545454545454546 0.2713815789473684 0.022727272727272728 0.03618421052631579
2 0.6147727272727272 0.40460526315789475 0.029545454545454545 0.039473684210526314
2 0.4875 0.6299342105263158 0.025 0.04276315789473684
2 0.5727272727272728 0.7796052631578947 0.02727272727272727 0.039473684210526314
5 0.5204545454545455 0.4375 0.022727272727272728 0.03289473684210526
5 0.6886363636363636 0.4375 0.022727272727272728 0.03289473684210526
0 0.5102272727272728 0.3684210526315789 0.025 0.039473684210526314
0 0.5284090909090909 0.27960526315789475 0.025 0.039473684210526314
1 0.5113636363636364 0.24342105263157895 0.022727272727272728 0.039473684210526314
1 0.8181818181818182 0.23026315789473684 0.022727272727272728 0.039473684210526314
1 0.6295454545454545 0.44243421052631576 0.02727272727272727 0.03618421052631579
1 0.6079545454545454 0.5131578947368421 0.025 0.039473684210526314
1 0.571590909090909 0.5575657894736842 0.025 0.03618421052631579
4 0.5431818181818182 0.4901315789473684 0.00909090909090909 0.013157894736842105