3 0.9852272727272727 0.5 0.025 1
3 0.025 0.49835526315789475 0.045454545454545456 0.9967105263157895
2 0.08977272727272727 0.8930921052631579 0.029545454545454545 0.03618421052631579
2 0.2034090909090909 0.8141447368421053 0.025 0.03618421052631579
2 0.18409090909090908 0.75 0.022727272727272728 0.02631578947368421
2 0.36363636363636365 0.6200657894736842 0.02727272727272727 0.03618421052631579
2 0.1125 0.6233552631578947 0.029545454545454545 0.03618421052631579
5 0.3352272727272727 0.8289473684210527 0.025 0.03289473684210526
0 0.08522727272727272 0.8240131578947368 0.025 0.03618421052631579
0 0.175 0.6644736842105263 0.022727272727272728 0.03289473684210526
1 0.19886363636363635 0.6694078947368421 0.025 0.03618421052631579
1 0.3 0.6332236842105263 0.02727272727272727 0.03618421052631579
1 0.18409090909090908 0.8289473684210527 0.022727272727272728 0.03289473684210526
1 0.3170454545454545 0.8536184210526315 0.025 0.03618421052631579