3 0.06614349775784753 0.49837662337662336 0.12780269058295965 0.9967532467532467
2 0.17152466367713004 0.9074675324675324 0.02914798206278027 0.03571428571428571
2 0.2836322869955157 0.8295454545454546 0.02466367713004484 0.03571428571428571
2 0.2645739910313901 0.7662337662337663 0.02242152466367713 0.025974025974025976
2 0.44170403587443946 0.637987012987013 0.026905829596412557 0.03571428571428571
2 0.19394618834080718 0.6412337662337663 0.02914798206278027 0.03571428571428571
5 0.413677130044843 0.8441558441558441 0.02466367713004484 0.032467532467532464
0 0.16704035874439463 0.8392857142857143 0.02466367713004484 0.03571428571428571
0 0.2556053811659193 0.6818181818181818 0.02242152466367713 0.032467532467532464
1 0.27914798206278024 0.6866883116883117 0.02466367713004484 0.03571428571428571
1 0.3789237668161435 0.650974025974026 0.026905829596412557 0.03571428571428571
1 0.2645739910313901 0.8441558441558441 0.02242152466367713 0.032467532467532464
1 0.3957399103139013 0.8685064935064936 0.02466367713004484 0.03571428571428571