3 0.9841772151898734 0.5 0.027426160337552744 1
3 0.06223628691983123 0.49847560975609756 0.12025316455696203 0.9969512195121951
2 0.7204641350210971 0.7789634146341463 0.023206751054852322 0.039634146341463415
2 0.41983122362869196 0.6783536585365854 0.02109704641350211 0.03353658536585366
2 0.3639240506329114 0.5548780487804879 0.027426160337552744 0.036585365853658534
2 0.4820675105485232 0.34603658536585363 0.023206751054852322 0.039634146341463415
2 0.4029535864978903 0.2073170731707317 0.02531645569620253 0.036585365853658534
5 0.45147679324894513 0.524390243902439 0.02109704641350211 0.03048780487804878
5 0.29535864978902954 0.524390243902439 0.02109704641350211 0.03048780487804878
0 0.4609704641350211 0.5884146341463414 0.023206751054852322 0.036585365853658534
0 0.4440928270042194 0.6707317073170732 0.023206751054852322 0.036585365853658534
1 0.459915611814346 0.7042682926829268 0.02109704641350211 0.036585365853658534
1 0.1751054852320675 0.7164634146341463 0.02109704641350211 0.036585365853658534
1 0.350210970464135 0.5198170731707317 0.02531645569620253 0.03353658536585366
1 0.370253164556962 0.45426829268292684 0.023206751054852322 0.036585365853658534
1 0.4040084388185654 0.41310975609756095 0.023206751054852322 0.03353658536585366
4 0.43037974683544306 0.47560975609756095 0.008438818565400843 0.012195121951219513