3 0.018973214285714284 0.49838709677419357 0.03794642857142857 0.9967741935483871
3 0.9676339285714286 0.49838709677419357 0.060267857142857144 0.9967741935483871
2 0.6049107142857143 0.4935483870967742 0.026785714285714284 0.03870967741935484
2 0.6495535714285714 0.4403225806451613 0.022321428571428572 0.035483870967741936
2 0.5546875 0.11129032258064517 0.024553571428571428 0.041935483870967745
2 0.11049107142857142 0.3016129032258065 0.029017857142857144 0.035483870967741936
5 0.18303571428571427 0.12419354838709677 0.026785714285714284 0.035483870967741936
5 0.421875 0.2564516129032258 0.022321428571428572 0.035483870967741936
0 0.3169642857142857 0.5532258064516129 0.022321428571428572 0.035483870967741936
0 0.8069196428571429 0.817741935483871 0.024553571428571428 0.035483870967741936
1 0.6808035714285714 0.3193548387096774 0.022321428571428572 0.03225806451612903
1 0.5167410714285714 0.06774193548387097 0.024553571428571428 0.03870967741935484
1 0.4296875 0.016129032258064516 0.024553571428571428 0.03225806451612903
1 0.359375 0.05161290322580645 0.022321428571428572 0.03870967741935484
1 0.6316964285714286 0.9145161290322581 0.022321428571428572 0.035483870967741936
4 0.5625 0.5709677419354838 0.008928571428571428 0.012903225806451613