3 0.9933628318584071 0.5 0.008849557522123894 0.9935897435897436
3 0.05088495575221239 0.5 0.09734513274336283 0.9935897435897436
2 0.8716814159292036 0.01282051282051282 0.030973451327433628 0.019230769230769232
2 0.4269911504424779 0.5288461538461539 0.02654867256637168 0.038461538461538464
2 0.3827433628318584 0.5817307692307693 0.022123893805309734 0.035256410256410256
2 0.47676991150442477 0.9086538461538461 0.024336283185840708 0.041666666666666664
2 0.9170353982300885 0.719551282051282 0.028761061946902654 0.035256410256410256
5 0.8451327433628318 0.8958333333333334 0.02654867256637168 0.035256410256410256
5 0.6084070796460177 0.7644230769230769 0.022123893805309734 0.035256410256410256
0 0.7123893805309734 0.46955128205128205 0.022123893805309734 0.035256410256410256
0 0.22676991150442477 0.20673076923076922 0.024336283185840708 0.035256410256410256
1 0.35176991150442477 0.7019230769230769 0.022123893805309734 0.03205128205128205
1 0.5143805309734514 0.9519230769230769 0.024336283185840708 0.038461538461538464
1 0.6017699115044248 0.9919871794871795 0.02654867256637168 0.009615384615384616
1 0.6703539823008849 0.967948717948718 0.022123893805309734 0.038461538461538464
1 0.4004424778761062 0.11057692307692307 0.022123893805309734 0.035256410256410256
4 0.4690265486725664 0.4519230769230769 0.008849557522123894 0.01282051282051282