3 0.9380530973451328 0.5 0.12389380530973451 0.9935897435897436
2 0.10176991150442478 0.011217948717948718 0.030973451327433628 0.016025641025641024
2 0.5464601769911505 0.5256410256410257 0.02654867256637168 0.038461538461538464
2 0.5907079646017699 0.5785256410256411 0.022123893805309734 0.035256410256410256
2 0.49668141592920356 0.905448717948718 0.024336283185840708 0.041666666666666664
2 0.05641592920353982 0.7163461538461539 0.028761061946902654 0.035256410256410256
5 0.12831858407079647 0.8926282051282052 0.02654867256637168 0.035256410256410256
5 0.36504424778761063 0.7612179487179487 0.022123893805309734 0.035256410256410256
0 0.2610619469026549 0.46634615384615385 0.022123893805309734 0.035256410256410256
0 0.7466814159292036 0.20352564102564102 0.024336283185840708 0.035256410256410256
1 0.6216814159292036 0.6987179487179487 0.022123893805309734 0.03205128205128205
1 0.459070796460177 0.9487179487179487 0.024336283185840708 0.038461538461538464
1 0.37389380530973454 0.9903846153846154 0.02654867256637168 0.01282051282051282
1 0.3030973451327434 0.9647435897435898 0.022123893805309734 0.038461538461538464
1 0.5730088495575221 0.10737179487179487 0.022123893805309734 0.035256410256410256
4 0.504424778761062 0.44871794871794873 0.008849557522123894 0.01282051282051282