3 0.992152466367713 0.5 0.011210762331838564 0.9935064935064936
3 0.03811659192825112 0.5 0.07174887892376682 0.9935064935064936
2 0.3329596412556054 0.3246753246753247 0.02466367713004484 0.03896103896103896
2 0.37668161434977576 0.4805194805194805 0.026905829596412557 0.03896103896103896
2 0.35538116591928254 0.6233766233766234 0.02914798206278027 0.03896103896103896
2 0.31614349775784756 0.599025974025974 0.026905829596412557 0.03571428571428571
2 0.22533632286995517 0.5876623376623377 0.02466367713004484 0.032467532467532464
5 0.19282511210762332 0.7467532467532467 0.026905829596412557 0.032467532467532464
5 0.09865470852017937 0.15097402597402598 0.026905829596412557 0.03571428571428571
0 0.24887892376681614 0.38636363636363635 0.026905829596412557 0.03896103896103896
0 0.30493273542600896 0.45292207792207795 0.02242152466367713 0.03571428571428571
1 0.38228699551569506 0.3522727272727273 0.02466367713004484 0.03571428571428571
1 0.39125560538116594 0.288961038961039 0.02466367713004484 0.03896103896103896
1 0.36210762331838564 0.24025974025974026 0.02466367713004484 0.03896103896103896
1 0.2679372197309417 0.2224025974025974 0.02466367713004484 0.03571428571428571
1 0.1681614349775785 0.30357142857142855 0.02242152466367713 0.03571428571428571
4 0.4405829596412556 0.525974025974026 0.011210762331838564 0.012987012987012988