3 0.015151515151515152 0.49842767295597484 0.030303030303030304 0.9968553459119497
3 0.9545454545454546 0.49842767295597484 0.08658008658008658 0.9968553459119497
4 0.3528138528138528 0.5125786163522013 0.008658008658008658 0.012578616352201259
1 0.6125541125541125 0.6666666666666666 0.021645021645021644 0.03773584905660377
1 0.604978354978355 0.7295597484276729 0.023809523809523808 0.03773584905660377
1 0.6320346320346321 0.7767295597484277 0.021645021645021644 0.03773584905660377
1 0.724025974025974 0.789308176100629 0.01948051948051948 0.031446540880503145
1 0.8214285714285714 0.7154088050314465 0.023809523809523808 0.03459119496855346
0 0.6893939393939394 0.5707547169811321 0.01948051948051948 0.02830188679245283
0 0.7424242424242424 0.6367924528301887 0.021645021645021644 0.02830188679245283
5 0.7965367965367965 0.2861635220125786 0.021645021645021644 0.031446540880503145
2 0.6374458874458875 0.40723270440251574 0.023809523809523808 0.03459119496855346
2 0.6774891774891775 0.42924528301886794 0.025974025974025976 0.03459119496855346
2 0.7662337662337663 0.4418238993710692 0.021645021645021644 0.02830188679245283
2 0.6179653679653679 0.5455974842767296 0.023809523809523808 0.03459119496855346
2 0.6612554112554112 0.6965408805031447 0.01948051948051948 0.03459119496855346
5 0.8874458874458875 0.8647798742138365 0.021645021645021644 0.031446540880503145