3 0.9811715481171548 0.5 0.03347280334728033 1
3 0.06276150627615062 0.4984848484848485 0.12133891213389121 0.996969696969697
2 0.5324267782426778 0.6772727272727272 0.027196652719665274 0.03939393939393939
2 0.4330543933054393 0.4818181818181818 0.02510460251046025 0.03636363636363636
2 0.3912133891213389 0.43333333333333335 0.02092050209205021 0.030303030303030304
2 0.4801255230125523 0.12272727272727273 0.02301255230125523 0.03939393939393939
2 0.9121338912133892 0.2727272727272727 0.029288702928870293 0.03636363636363636
5 0.604602510460251 0.2590909090909091 0.02092050209205021 0.03333333333333333
5 0.8284518828451883 0.13333333333333333 0.02510460251046025 0.03636363636363636
0 0.7018828451882845 0.5409090909090909 0.02301255230125523 0.03333333333333333
0 0.24476987447698745 0.7863636363636364 0.02092050209205021 0.03333333333333333
1 0.40794979079497906 0.8772727272727273 0.02092050209205021 0.03333333333333333
1 0.3619246861924686 0.3151515151515151 0.02092050209205021 0.030303030303030304
1 0.5156903765690377 0.08181818181818182 0.02301255230125523 0.03636363636363636
1 0.5993723849372385 0.02727272727272727 0.02301255230125523 0.03636363636363636
1 0.6631799163179917 0.06515151515151515 0.02092050209205021 0.03333333333333333
4 0.47280334728033474 0.5545454545454546 0.008368200836820083 0.012121212121212121