3 0.9793388429752066 0.5 0.0371900826446281 1
3 0.0640495867768595 0.49850299401197606 0.12396694214876033 0.9970059880239521
2 0.43388429752066116 0.4820359281437126 0.024793388429752067 0.03592814371257485
2 0.3925619834710744 0.4356287425149701 0.02066115702479339 0.03293413173652695
2 0.371900826446281 0.3847305389221557 0.024793388429752067 0.03293413173652695
2 0.9080578512396694 0.27694610778443113 0.026859504132231406 0.03293413173652695
2 0.48037190082644626 0.12724550898203593 0.022727272727272728 0.03293413173652695
5 0.6022727272727273 0.2619760479041916 0.022727272727272728 0.03293413173652695
5 0.8243801652892562 0.13922155688622753 0.024793388429752067 0.03293413173652695
0 0.6993801652892562 0.5404191616766467 0.022727272727272728 0.03293413173652695
0 0.246900826446281 0.7844311377245509 0.022727272727272728 0.029940119760479042
1 0.36363636363636365 0.3188622754491018 0.02066115702479339 0.03293413173652695
1 0.515495867768595 0.08832335329341318 0.022727272727272728 0.038922155688622756
1 0.5981404958677686 0.03293413173652695 0.022727272727272728 0.03592814371257485
1 0.6611570247933884 0.0718562874251497 0.02066115702479339 0.03592814371257485
1 0.4090909090909091 0.8727544910179641 0.02066115702479339 0.03293413173652695
4 0.4731404958677686 0.5538922155688623 0.008264462809917356 0.011976047904191617