4 0.8984375 0.0064516129032258064 0.015625 0.012903225806451613
3 0.9497767857142857 0.49838709677419357 0.09598214285714286 0.9967741935483871
2 0.6417410714285714 0.7064516129032258 0.024553571428571428 0.03225806451612903
2 0.5982142857142857 0.5516129032258065 0.026785714285714284 0.03870967741935484
2 0.7488839285714286 0.44516129032258067 0.024553571428571428 0.03225806451612903
2 0.6595982142857143 0.432258064516129 0.024553571428571428 0.03870967741935484
2 0.6819196428571429 0.3774193548387097 0.024553571428571428 0.03870967741935484
5 0.7801339285714286 0.2854838709677419 0.024553571428571428 0.035483870967741936
5 0.875 0.8790322580645161 0.026785714285714284 0.035483870967741936
0 0.7243303571428571 0.646774193548387 0.024553571428571428 0.035483870967741936
0 0.6696428571428571 0.5774193548387097 0.022321428571428572 0.03225806451612903
1 0.7064732142857143 0.8064516129032258 0.024553571428571428 0.03225806451612903
1 0.6127232142857143 0.7903225806451613 0.024553571428571428 0.03870967741935484
1 0.8046875 0.7274193548387097 0.024553571428571428 0.035483870967741936
1 0.5837053571428571 0.7419354838709677 0.024553571428571428 0.03225806451612903
1 0.5915178571428571 0.6790322580645162 0.022321428571428572 0.035483870967741936