3 0.023230088495575223 0.5 0.046460176991150445 0.9935897435897436
3 0.9734513274336283 0.5 0.05309734513274336 0.9935897435897436
2 0.6891592920353983 0.3173076923076923 0.024336283185840708 0.03205128205128205
2 0.6460176991150443 0.47115384615384615 0.02654867256637168 0.038461538461538464
2 0.7953539823008849 0.5769230769230769 0.024336283185840708 0.03205128205128205
2 0.706858407079646 0.5897435897435898 0.024336283185840708 0.038461538461538464
2 0.7289823008849557 0.6442307692307693 0.024336283185840708 0.038461538461538464
5 0.8263274336283186 0.7355769230769231 0.024336283185840708 0.035256410256410256
5 0.9203539823008849 0.14583333333333334 0.02654867256637168 0.035256410256410256
0 0.7710176991150443 0.3766025641025641 0.024336283185840708 0.035256410256410256
0 0.7168141592920354 0.44551282051282054 0.022123893805309734 0.03205128205128205
1 0.7533185840707964 0.21794871794871795 0.024336283185840708 0.03205128205128205
1 0.6603982300884956 0.23397435897435898 0.024336283185840708 0.038461538461538464
1 0.8506637168141593 0.296474358974359 0.024336283185840708 0.035256410256410256
1 0.6316371681415929 0.28205128205128205 0.024336283185840708 0.03205128205128205
1 0.6393805309734514 0.34455128205128205 0.022123893805309734 0.035256410256410256