3 0.9775641025641025 0.5 0.0405982905982906 1
3 0.045940170940170943 0.5201863354037267 0.0876068376068376 0.953416149068323
2 0.33547008547008544 0.7080745341614907 0.02564102564102564 0.037267080745341616
2 0.3782051282051282 0.5590062111801242 0.02564102564102564 0.037267080745341616
2 0.32051282051282054 0.44565217391304346 0.02564102564102564 0.034161490683229816
2 0.2980769230769231 0.391304347826087 0.023504273504273504 0.037267080745341616
2 0.23397435897435898 0.45652173913043476 0.023504273504273504 0.031055900621118012
5 0.20405982905982906 0.3059006211180124 0.023504273504273504 0.034161490683229816
5 0.11324786324786325 0.8742236024844721 0.02564102564102564 0.034161490683229816
0 0.2564102564102564 0.6506211180124224 0.021367521367521368 0.040372670807453416
0 0.3087606837606838 0.5838509316770186 0.023504273504273504 0.031055900621118012
1 0.38354700854700857 0.6801242236024845 0.023504273504273504 0.031055900621118012
1 0.3920940170940171 0.7422360248447205 0.023504273504273504 0.037267080745341616
1 0.3643162393162393 0.7888198757763976 0.023504273504273504 0.037267080745341616
1 0.2745726495726496 0.8027950310559007 0.023504273504273504 0.034161490683229816
1 0.17841880341880342 0.7282608695652174 0.023504273504273504 0.034161490683229816
4 0.1111111111111111 0.021739130434782608 0.01282051282051282 0.018633540372670808