3 0.02242152466367713 0.5 0.04484304932735426 0.9935064935064936
3 0.9753363228699552 0.4902597402597403 0.04484304932735426 0.974025974025974
2 0.695067264573991 0.2824675324675325 0.026905829596412557 0.03896103896103896
2 0.6502242152466368 0.4383116883116883 0.026905829596412557 0.03896103896103896
2 0.7107623318385651 0.5568181818181818 0.026905829596412557 0.03571428571428571
2 0.734304932735426 0.6136363636363636 0.02466367713004484 0.03896103896103896
2 0.8015695067264574 0.5454545454545454 0.02466367713004484 0.032467532467532464
5 0.8329596412556054 0.702922077922078 0.02466367713004484 0.03571428571428571
5 0.9282511210762332 0.10876623376623376 0.026905829596412557 0.03571428571428571
0 0.7780269058295964 0.3425324675324675 0.02242152466367713 0.04220779220779221
0 0.7230941704035875 0.41233766233766234 0.02466367713004484 0.032467532467532464
1 0.6446188340807175 0.3116883116883117 0.02466367713004484 0.032467532467532464
1 0.6356502242152466 0.24675324675324675 0.02466367713004484 0.03896103896103896
1 0.6647982062780269 0.19805194805194806 0.02466367713004484 0.03896103896103896
1 0.7589686098654709 0.18344155844155843 0.02466367713004484 0.03571428571428571
1 0.8598654708520179 0.26136363636363635 0.02466367713004484 0.03571428571428571
4 0.9327354260089686 0.9918831168831169 0.017937219730941704 0.00974025974025974