3 0.9488636363636364 0.5 0.10227272727272728 0.993421052631579
2 0.6363636363636364 0.32894736842105265 0.02727272727272727 0.039473684210526314
2 0.5909090909090909 0.4868421052631579 0.02727272727272727 0.039473684210526314
2 0.6522727272727272 0.6069078947368421 0.02727272727272727 0.03618421052631579
2 0.6761363636363636 0.6644736842105263 0.025 0.039473684210526314
2 0.7443181818181818 0.5953947368421053 0.025 0.03289473684210526
5 0.7761363636363636 0.7549342105263158 0.025 0.03618421052631579
5 0.8727272727272727 0.15296052631578946 0.02727272727272727 0.03618421052631579
0 0.7204545454545455 0.38980263157894735 0.022727272727272728 0.04276315789473684
0 0.6647727272727273 0.4605263157894737 0.025 0.03289473684210526
1 0.5852272727272727 0.35855263157894735 0.025 0.03289473684210526
1 0.5761363636363637 0.29276315789473684 0.025 0.039473684210526314
1 0.6056818181818182 0.24342105263157895 0.025 0.039473684210526314
1 0.7011363636363637 0.22861842105263158 0.025 0.03618421052631579
1 0.803409090909091 0.30756578947368424 0.025 0.03618421052631579