3 0.06277056277056277 0.49842767295597484 0.12121212121212122 0.9968553459119497
2 0.44372294372294374 0.5110062893081762 0.025974025974025976 0.03459119496855346
2 0.4004329004329004 0.4591194968553459 0.021645021645021644 0.031446540880503145
2 0.6623376623376623 0.3694968553459119 0.025974025974025976 0.040880503144654086
2 0.4935064935064935 0.13836477987421383 0.021645021645021644 0.03773584905660377
2 0.9393939393939394 0.2940251572327044 0.025974025974025976 0.03459119496855346
5 0.6212121212121212 0.2783018867924528 0.021645021645021644 0.03459119496855346
5 0.8528138528138528 0.14937106918238993 0.021645021645021644 0.03459119496855346
0 0.7218614718614719 0.5691823899371069 0.023809523809523808 0.03773584905660377
0 0.24891774891774893 0.8254716981132075 0.021645021645021644 0.03459119496855346
1 0.4155844155844156 0.33962264150943394 0.025974025974025976 0.03773584905660377
1 0.36904761904761907 0.3380503144654088 0.023809523809523808 0.03459119496855346
1 0.5292207792207793 0.0959119496855346 0.023809523809523808 0.040880503144654086
1 0.6147186147186147 0.03773584905660377 0.021645021645021644 0.03773584905660377
1 0.6807359307359307 0.07861635220125786 0.023809523809523808 0.0440251572327044
4 0.48484848484848486 0.5849056603773585 0.008658008658008658 0.012578616352201259