3 0.012552301255230125 0.4984848484848485 0.02510460251046025 0.996969696969697
3 0.9361924686192469 0.4984848484848485 0.12343096234309624 0.996969696969697
2 0.6328451882845189 0.6909090909090909 0.02301255230125523 0.03636363636363636
2 0.5920502092050209 0.546969696969697 0.02510460251046025 0.03333333333333333
2 0.6485355648535565 0.4348484848484849 0.02510460251046025 0.03333333333333333
2 0.6694560669456067 0.3803030303030303 0.02510460251046025 0.03333333333333333
2 0.7332635983263598 0.44545454545454544 0.02301255230125523 0.03636363636363636
5 0.7625523012552301 0.29848484848484846 0.02301255230125523 0.03333333333333333
5 0.8514644351464435 0.8545454545454545 0.02510460251046025 0.03636363636363636
0 0.6600418410041841 0.5696969696969697 0.02301255230125523 0.030303030303030304
0 0.7102510460251046 0.6348484848484849 0.02301255230125523 0.03333333333333333
1 0.5868200836820083 0.6636363636363637 0.02301255230125523 0.03636363636363636
1 0.5784518828451883 0.7257575757575757 0.02301255230125523 0.03333333333333333
1 0.6056485355648535 0.7696969696969697 0.02301255230125523 0.03636363636363636
1 0.6935146443514645 0.7833333333333333 0.02301255230125523 0.03333333333333333
1 0.7866108786610879 0.7106060606060606 0.02092050209205021 0.03333333333333333
4 0.8807531380753139 0.26666666666666666 0.012552301255230125 0.01818181818181818