3 0.01694915254237288 0.5 0.03389830508474576 0.9938650306748467
3 0.9459745762711864 0.5 0.10805084745762712 0.9938650306748467
2 0.6472457627118644 0.3067484662576687 0.023305084745762712 0.03680981595092025
2 0.6059322033898306 0.45245398773006135 0.025423728813559324 0.03374233128834356
2 0.663135593220339 0.5659509202453987 0.025423728813559324 0.03374233128834356
2 0.684322033898305 0.6211656441717791 0.025423728813559324 0.03374233128834356
2 0.7489406779661016 0.5552147239263804 0.023305084745762712 0.03680981595092025
5 0.7786016949152542 0.7039877300613497 0.023305084745762712 0.03374233128834356
5 0.8686440677966102 0.1411042944785276 0.025423728813559324 0.03680981595092025
0 0.6747881355932204 0.4294478527607362 0.023305084745762712 0.03067484662576687
0 0.725635593220339 0.36349693251533743 0.023305084745762712 0.03374233128834356
1 0.600635593220339 0.3343558282208589 0.023305084745762712 0.03680981595092025
1 0.5921610169491526 0.2714723926380368 0.023305084745762712 0.03374233128834356
1 0.6197033898305084 0.22699386503067484 0.023305084745762712 0.03680981595092025
1 0.7086864406779662 0.21319018404907975 0.023305084745762712 0.03374233128834356
1 0.8029661016949152 0.28680981595092025 0.0211864406779661 0.03374233128834356
4 0.8983050847457628 0.7361963190184049 0.012711864406779662 0.018404907975460124