3 0.0194672131147541 0.5 0.0389344262295082 1
3 0.9364754098360656 0.5 0.12295081967213115 1
2 0.6383196721311475 0.6875 0.022540983606557378 0.03571428571428571
2 0.5983606557377049 0.5446428571428571 0.02459016393442623 0.03571428571428571
2 0.6536885245901639 0.43601190476190477 0.02459016393442623 0.03273809523809524
2 0.6752049180327869 0.38095238095238093 0.022540983606557378 0.03571428571428571
2 0.7366803278688525 0.4479166666666667 0.022540983606557378 0.03273809523809524
5 0.8524590163934426 0.8467261904761905 0.02459016393442623 0.03273809523809524
5 0.7653688524590164 0.3005952380952381 0.022540983606557378 0.02976190476190476
0 0.6639344262295082 0.5699404761904762 0.020491803278688523 0.03273809523809524
0 0.7141393442622951 0.6324404761904762 0.022540983606557378 0.03273809523809524
1 0.7889344262295082 0.7098214285714286 0.020491803278688523 0.03273809523809524
1 0.6977459016393442 0.7797619047619048 0.022540983606557378 0.02976190476190476
1 0.6116803278688525 0.7648809523809523 0.022540983606557378 0.03571428571428571
1 0.5850409836065574 0.7232142857142857 0.022540983606557378 0.03571428571428571
1 0.5922131147540983 0.6607142857142857 0.02459016393442623 0.03571428571428571
4 0.8842213114754098 0.48660714285714285 0.010245901639344262 0.01488095238095238