3 0.9793388429752066 0.5 0.0371900826446281 0.9940119760479041
3 0.06198347107438017 0.5 0.11983471074380166 0.9940119760479041
2 0.3584710743801653 0.3083832335329341 0.022727272727272728 0.03592814371257485
2 0.3987603305785124 0.45209580838323354 0.024793388429752067 0.03592814371257485
2 0.259297520661157 0.5508982035928144 0.022727272727272728 0.029940119760479042
2 0.32231404958677684 0.6152694610778443 0.024793388429752067 0.03293413173652695
2 0.3419421487603306 0.561377245508982 0.022727272727272728 0.03293413173652695
5 0.2303719008264463 0.6976047904191617 0.022727272727272728 0.029940119760479042
5 0.14359504132231404 0.14820359281437126 0.022727272727272728 0.03293413173652695
0 0.2809917355371901 0.36377245508982037 0.02066115702479339 0.03293413173652695
0 0.33264462809917356 0.4281437125748503 0.02066115702479339 0.029940119760479042
1 0.29958677685950413 0.21706586826347304 0.02066115702479339 0.03293413173652695
1 0.38636363636363635 0.23203592814371257 0.02066115702479339 0.03293413173652695
1 0.4121900826446281 0.2754491017964072 0.022727272727272728 0.029940119760479042
1 0.40392561983471076 0.3338323353293413 0.022727272727272728 0.03293413173652695
1 0.2066115702479339 0.2874251497005988 0.02066115702479339 0.029940119760479042
4 0.11673553719008264 0.4535928143712575 0.010330578512396695 0.014970059880239521