3 0.9780701754385965 0.5 0.039473684210526314 0.9936708860759493
3 0.03508771929824561 0.5 0.06578947368421052 0.9936708860759493
2 0.3190789473684211 0.27531645569620256 0.02412280701754386 0.0379746835443038
2 0.3618421052631579 0.4272151898734177 0.02631578947368421 0.0379746835443038
2 0.2138157894736842 0.5316455696202531 0.02412280701754386 0.03164556962025317
2 0.2807017543859649 0.5996835443037974 0.02631578947368421 0.03481012658227848
2 0.30153508771929827 0.5427215189873418 0.02412280701754386 0.03481012658227848
5 0.18311403508771928 0.6867088607594937 0.02412280701754386 0.03164556962025317
5 0.09100877192982457 0.1060126582278481 0.02412280701754386 0.03481012658227848
0 0.23684210526315788 0.3338607594936709 0.021929824561403508 0.03481012658227848
0 0.2916666666666667 0.40189873417721517 0.021929824561403508 0.03164556962025317
1 0.2565789473684211 0.1787974683544304 0.021929824561403508 0.03481012658227848
1 0.34868421052631576 0.19462025316455697 0.021929824561403508 0.03481012658227848
1 0.37609649122807015 0.24050632911392406 0.02412280701754386 0.03164556962025317
1 0.3673245614035088 0.3022151898734177 0.02412280701754386 0.03481012658227848
1 0.15789473684210525 0.25316455696202533 0.021929824561403508 0.03164556962025317
4 0.0625 0.4287974683544304 0.010964912280701754 0.015822784810126583