3 0.012658227848101266 0.49847560975609756 0.02531645569620253 0.9969512195121951
3 0.9367088607594937 0.49847560975609756 0.12236286919831224 0.9969512195121951
2 0.5611814345991561 0.49390243902439024 0.02531645569620253 0.036585365853658534
2 0.6033755274261603 0.44359756097560976 0.02109704641350211 0.03353658536585366
2 0.34810126582278483 0.3597560975609756 0.02531645569620253 0.042682926829268296
2 0.5126582278481012 0.1326219512195122 0.02531645569620253 0.039634146341463415
2 0.0770042194092827 0.2850609756097561 0.027426160337552744 0.03353658536585366
5 0.3881856540084388 0.2698170731707317 0.02109704641350211 0.03353658536585366
5 0.16244725738396623 0.1448170731707317 0.02109704641350211 0.03353658536585366
0 0.49050632911392406 0.24847560975609756 0.023206751054852322 0.03353658536585366
0 0.290084388185654 0.551829268292683 0.023206751054852322 0.036585365853658534
1 0.6329113924050633 0.32621951219512196 0.02109704641350211 0.036585365853658534
1 0.4820675105485232 0.19817073170731708 0.023206751054852322 0.036585365853658534
1 0.4778481012658228 0.0899390243902439 0.023206751054852322 0.039634146341463415
1 0.39451476793248946 0.036585365853658534 0.02109704641350211 0.036585365853658534
1 0.33016877637130804 0.07774390243902439 0.023206751054852322 0.039634146341463415
4 0.5210970464135021 0.5670731707317073 0.008438818565400843 0.012195121951219513