3 0.944078947368421 0.49841772151898733 0.1074561403508772 0.9968354430379747
2 0.6370614035087719 0.7120253164556962 0.02412280701754386 0.03164556962025317
2 0.5942982456140351 0.560126582278481 0.02631578947368421 0.0379746835443038
2 0.6546052631578947 0.4462025316455696 0.02412280701754386 0.0379746835443038
2 0.6754385964912281 0.3876582278481013 0.02631578947368421 0.03481012658227848
2 0.7423245614035088 0.4572784810126582 0.02412280701754386 0.03481012658227848
5 0.8662280701754386 0.8813291139240507 0.02631578947368421 0.03481012658227848
5 0.7730263157894737 0.2990506329113924 0.02412280701754386 0.03481012658227848
0 0.6644736842105263 0.5870253164556962 0.02631578947368421 0.03481012658227848
0 0.7182017543859649 0.6518987341772152 0.02412280701754386 0.0379746835443038
1 0.6074561403508771 0.7927215189873418 0.02631578947368421 0.04113924050632911
1 0.5789473684210527 0.745253164556962 0.021929824561403508 0.03481012658227848
1 0.5888157894736842 0.6835443037974683 0.02412280701754386 0.0379746835443038
1 0.6995614035087719 0.8085443037974683 0.021929824561403508 0.03481012658227848
1 0.7982456140350878 0.7325949367088608 0.021929824561403508 0.03481012658227848
4 0.9046052631578947 0.6091772151898734 0.010964912280701754 0.015822784810126583