3 0.022026431718061675 0.4984076433121019 0.04405286343612335 0.9968152866242038
3 0.9647577092511013 0.4984076433121019 0.06607929515418502 0.9968152866242038
2 0.6035242290748899 0.5031847133757962 0.02643171806167401 0.03821656050955414
2 0.6475770925110133 0.45063694267515925 0.022026431718061675 0.03503184713375796
2 0.381057268722467 0.3630573248407643 0.02643171806167401 0.044585987261146494
2 0.552863436123348 0.12579617834394904 0.02643171806167401 0.041401273885350316
2 0.09801762114537445 0.28503184713375795 0.028634361233480177 0.03503184713375796
5 0.42290748898678415 0.26910828025477707 0.022026431718061675 0.03503184713375796
5 0.18722466960352424 0.13853503184713375 0.022026431718061675 0.03503184713375796
0 0.5297356828193832 0.24681528662420382 0.024229074889867842 0.03503184713375796
0 0.32048458149779735 0.5636942675159236 0.024229074889867842 0.03821656050955414
1 0.6784140969162996 0.32802547770700635 0.022026431718061675 0.03821656050955414
1 0.5209251101321586 0.1942675159235669 0.024229074889867842 0.03821656050955414
1 0.5165198237885462 0.08121019108280254 0.024229074889867842 0.041401273885350316
1 0.42951541850220265 0.025477707006369428 0.022026431718061675 0.03821656050955414
1 0.3623348017621145 0.06847133757961783 0.024229074889867842 0.041401273885350316
4 0.5616740088105727 0.5796178343949044 0.00881057268722467 0.012738853503184714