3 0.012711864406779662 0.49846625766871167 0.025423728813559324 0.9969325153374233
3 0.9427966101694916 0.49846625766871167 0.11016949152542373 0.9969325153374233
2 0.659957627118644 0.43098159509202455 0.023305084745762712 0.03374233128834356
2 0.6811440677966102 0.37576687116564417 0.023305084745762712 0.03374233128834356
2 0.7447033898305084 0.44171779141104295 0.023305084745762712 0.03067484662576687
2 0.6016949152542372 0.5429447852760736 0.025423728813559324 0.03680981595092025
2 0.6440677966101694 0.6901840490797546 0.025423728813559324 0.03680981595092025
5 0.864406779661017 0.8542944785276073 0.025423728813559324 0.03374233128834356
5 0.774364406779661 0.2898773006134969 0.023305084745762712 0.03374233128834356
0 0.6694915254237288 0.5690184049079755 0.0211864406779661 0.03374233128834356
0 0.7213983050847458 0.6319018404907976 0.023305084745762712 0.03680981595092025
1 0.798728813559322 0.7116564417177914 0.0211864406779661 0.03067484662576687
1 0.7033898305084746 0.7852760736196319 0.0211864406779661 0.03067484662576687
1 0.614406779661017 0.7699386503067485 0.025423728813559324 0.03680981595092025
1 0.5858050847457628 0.7239263803680982 0.023305084745762712 0.03680981595092025
1 0.5953389830508474 0.6641104294478528 0.025423728813559324 0.03374233128834356
4 0.902542372881356 0.6748466257668712 0.012711864406779662 0.018404907975460124