3 0.05844155844155844 0.5 0.11255411255411256 0.9937106918238994
2 0.34523809523809523 0.5518867924528302 0.023809523809523808 0.03459119496855346
2 0.3235930735930736 0.6084905660377359 0.023809523809523808 0.03459119496855346
2 0.25865800865800864 0.5408805031446541 0.023809523809523808 0.031446540880503145
2 0.40476190476190477 0.4371069182389937 0.025974025974025976 0.03773584905660377
2 0.36147186147186144 0.2861635220125786 0.025974025974025976 0.03773584905660377
5 0.13636363636363635 0.1179245283018868 0.025974025974025976 0.03459119496855346
5 0.22835497835497837 0.6965408805031447 0.023809523809523808 0.03459119496855346
0 0.3354978354978355 0.41037735849056606 0.021645021645021644 0.03459119496855346
0 0.2824675324675325 0.34591194968553457 0.023809523809523808 0.03773584905660377
1 0.20346320346320346 0.2641509433962264 0.021645021645021644 0.031446540880503145
1 0.3008658008658009 0.18867924528301888 0.021645021645021644 0.031446540880503145
1 0.3917748917748918 0.20440251572327045 0.025974025974025976 0.03773584905660377
1 0.420995670995671 0.25157232704402516 0.023809523809523808 0.03773584905660377
1 0.41125541125541126 0.3128930817610063 0.025974025974025976 0.03459119496855346
4 0.09740259740259741 0.3018867924528302 0.012987012987012988 0.018867924528301886