3 0.9893162393162394 0.5 0.017094017094017096 1
3 0.053418803418803416 0.6894409937888198 0.10256410256410256 0.6149068322981367
2 0.3055555555555556 0.8835403726708074 0.02564102564102564 0.034161490683229816
2 0.23931623931623933 0.7406832298136646 0.02564102564102564 0.034161490683229816
2 0.24465811965811965 0.6987577639751553 0.023504273504273504 0.031055900621118012
2 0.2168803418803419 0.687888198757764 0.027777777777777776 0.040372670807453416
2 0.3087606837606838 0.6708074534161491 0.027777777777777776 0.037267080745341616
5 0.4081196581196581 0.6739130434782609 0.021367521367521368 0.031055900621118012
5 0.2702991452991453 0.9813664596273292 0.023504273504273504 0.031055900621118012
0 0.21901709401709402 0.7267080745341615 0.023504273504273504 0.031055900621118012
0 0.23397435897435898 0.65527950310559 0.023504273504273504 0.031055900621118012
1 0.29594017094017094 0.6149068322981367 0.023504273504273504 0.037267080745341616
1 0.28205128205128205 0.672360248447205 0.021367521367521368 0.034161490683229816
1 0.24572649572649571 0.8167701863354038 0.021367521367521368 0.031055900621118012
1 0.4497863247863248 0.7453416149068323 0.023504273504273504 0.031055900621118012
1 0.25 0.967391304347826 0.02564102564102564 0.034161490683229816
4 0.2564102564102564 0.9891304347826086 0.008547008547008548 0.015527950310559006