3 0.05947136563876652 0.4984076433121019 0.1145374449339207 0.9968152866242038
2 0.3711453744493392 0.6687898089171974 0.024229074889867842 0.03821656050955414
2 0.41409691629955947 0.5159235668789809 0.02643171806167401 0.03821656050955414
2 0.3535242290748899 0.3996815286624204 0.024229074889867842 0.03503184713375796
2 0.3314977973568282 0.34235668789808915 0.024229074889867842 0.041401273885350316
2 0.2654185022026432 0.410828025477707 0.024229074889867842 0.03184713375796178
5 0.14096916299559473 0.839171974522293 0.02643171806167401 0.03503184713375796
5 0.23458149779735682 0.25477707006369427 0.024229074889867842 0.03184713375796178
0 0.3436123348017621 0.5414012738853503 0.022026431718061675 0.03184713375796178
0 0.28854625550660795 0.60828025477707 0.022026431718061675 0.03184713375796178
1 0.4185022026431718 0.643312101910828 0.022026431718061675 0.03184713375796178
1 0.42951541850220265 0.7054140127388535 0.02643171806167401 0.03503184713375796
1 0.3997797356828194 0.7515923566878981 0.024229074889867842 0.03821656050955414
1 0.30837004405286345 0.767515923566879 0.022026431718061675 0.03184713375796178
1 0.2092511013215859 0.6910828025477707 0.022026431718061675 0.03821656050955414
4 0.10903083700440529 0.7308917197452229 0.011013215859030838 0.01592356687898089