3 0.9897727272727272 0.5 0.015909090909090907 0.993421052631579
3 0.031818181818181815 0.5 0.05909090909090909 0.993421052631579
2 0.3215909090909091 0.32894736842105265 0.025 0.039473684210526314
2 0.3659090909090909 0.4868421052631579 0.02727272727272727 0.039473684210526314
2 0.3034090909090909 0.6069078947368421 0.025 0.03618421052631579
2 0.2806818181818182 0.6661184210526315 0.025 0.04276315789473684
2 0.2125 0.5953947368421053 0.025 0.03289473684210526
5 0.08409090909090909 0.15296052631578946 0.02727272727272727 0.03618421052631579
5 0.1806818181818182 0.756578947368421 0.025 0.03289473684210526
0 0.29318181818181815 0.4605263157894737 0.022727272727272728 0.03289473684210526
0 0.23636363636363636 0.39144736842105265 0.022727272727272728 0.03289473684210526
1 0.3704545454545455 0.35526315789473684 0.022727272727272728 0.03289473684210526
1 0.38181818181818183 0.2911184210526316 0.02727272727272727 0.03618421052631579
1 0.35113636363636364 0.24342105263157895 0.025 0.039473684210526314
1 0.25681818181818183 0.22697368421052633 0.022727272727272728 0.03289473684210526
1 0.15454545454545454 0.3059210526315789 0.022727272727272728 0.039473684210526314
4 0.05113636363636364 0.26480263157894735 0.011363636363636364 0.01644736842105263