3 0.9794372294372294 0.5 0.0367965367965368 1
3 0.045454545454545456 0.49842767295597484 0.08658008658008658 0.9968553459119497
2 0.41125541125541126 0.5047169811320755 0.025974025974025976 0.040880503144654086
2 0.33874458874458874 0.5188679245283019 0.023809523809523808 0.03773584905660377
2 0.6298701298701299 0.36477987421383645 0.025974025974025976 0.03773584905660377
2 0.9069264069264069 0.28773584905660377 0.030303030303030304 0.03459119496855346
2 0.4458874458874459 0.11635220125786164 0.025974025974025976 0.03773584905660377
5 0.5898268398268398 0.27358490566037735 0.023809523809523808 0.031446540880503145
5 0.8203463203463204 0.1430817610062893 0.025974025974025976 0.03459119496855346
0 0.553030303030303 0.2248427672955975 0.023809523809523808 0.040880503144654086
0 0.6893939393939394 0.5644654088050315 0.023809523809523808 0.03459119496855346
1 0.3528138528138528 0.45125786163522014 0.021645021645021644 0.03459119496855346
1 0.3268398268398268 0.38207547169811323 0.021645021645021644 0.03459119496855346
1 0.33766233766233766 0.33176100628930816 0.021645021645021644 0.03459119496855346
1 0.4967532467532468 0.08647798742138364 0.023809523809523808 0.040880503144654086
1 0.5833333333333334 0.029874213836477988 0.023809523809523808 0.040880503144654086
4 0.45346320346320346 0.5786163522012578 0.010822510822510822 0.012578616352201259