3 0.019230769230769232 0.5 0.038461538461538464 0.9937888198757764
3 0.9529914529914529 0.5 0.09401709401709402 0.9937888198757764
2 0.6591880341880342 0.2981366459627329 0.023504273504273504 0.037267080745341616
2 0.6175213675213675 0.4472049689440994 0.02564102564102564 0.037267080745341616
2 0.6773504273504274 0.562111801242236 0.02564102564102564 0.037267080745341616
2 0.6987179487179487 0.6164596273291926 0.02564102564102564 0.040372670807453416
2 0.7617521367521367 0.5496894409937888 0.023504273504273504 0.031055900621118012
5 0.7916666666666666 0.7018633540372671 0.023504273504273504 0.031055900621118012
5 0.8824786324786325 0.13198757763975155 0.02564102564102564 0.034161490683229816
0 0.7393162393162394 0.3555900621118012 0.02564102564102564 0.040372670807453416
0 0.6858974358974359 0.42080745341614906 0.02564102564102564 0.034161490683229816
1 0.6111111111111112 0.3245341614906832 0.02564102564102564 0.034161490683229816
1 0.6036324786324786 0.2639751552795031 0.023504273504273504 0.037267080745341616
1 0.6314102564102564 0.21739130434782608 0.023504273504273504 0.037267080745341616
1 0.7200854700854701 0.20341614906832298 0.021367521367521368 0.034161490683229816
1 0.8173076923076923 0.27639751552795033 0.023504273504273504 0.037267080745341616
4 0.9123931623931624 0.006211180124223602 0.01282051282051282 0.006211180124223602