3 0.01956521739130435 0.49841772151898733 0.0391304347826087 0.9968354430379747
3 0.9565217391304348 0.49841772151898733 0.08260869565217391 0.9968354430379747
2 0.591304347826087 0.4762658227848101 0.02608695652173913 0.04113924050632911
2 0.6641304347826087 0.49050632911392406 0.02391304347826087 0.0379746835443038
2 0.3717391304347826 0.33544303797468356 0.02608695652173913 0.0379746835443038
2 0.09347826086956522 0.2579113924050633 0.030434782608695653 0.03481012658227848
2 0.5565217391304348 0.08544303797468354 0.02608695652173913 0.0379746835443038
5 0.41195652173913044 0.24367088607594936 0.02391304347826087 0.03164556962025317
5 0.18043478260869567 0.11234177215189874 0.02608695652173913 0.03481012658227848
0 0.4489130434782609 0.19462025316455697 0.02391304347826087 0.04113924050632911
0 0.3119565217391304 0.5363924050632911 0.02391304347826087 0.03481012658227848
1 0.65 0.4224683544303797 0.021739130434782608 0.03481012658227848
1 0.6760869565217391 0.3528481012658228 0.021739130434782608 0.03481012658227848
1 0.6652173913043479 0.3022151898734177 0.021739130434782608 0.03481012658227848
1 0.5054347826086957 0.055379746835443035 0.02391304347826087 0.04113924050632911
1 0.41956521739130437 0.011075949367088608 0.02608695652173913 0.022151898734177215
4 0.5489130434782609 0.5506329113924051 0.010869565217391304 0.012658227848101266