3 0.013888888888888888 0.4984472049689441 0.027777777777777776 0.9968944099378882
3 0.9487179487179487 0.4984472049689441 0.09829059829059829 0.9968944099378882
2 0.6506410256410257 0.7111801242236024 0.023504273504273504 0.037267080745341616
2 0.6079059829059829 0.562111801242236 0.027777777777777776 0.037267080745341616
2 0.7532051282051282 0.45962732919254656 0.023504273504273504 0.031055900621118012
2 0.6666666666666666 0.4472049689440994 0.02564102564102564 0.037267080745341616
2 0.688034188034188 0.39285714285714285 0.02564102564102564 0.040372670807453416
5 0.7831196581196581 0.30745341614906835 0.023504273504273504 0.031055900621118012
5 0.8739316239316239 0.8773291925465838 0.02564102564102564 0.034161490683229816
0 0.6773504273504274 0.5885093167701864 0.021367521367521368 0.034161490683229816
0 0.7297008547008547 0.6521739130434783 0.023504273504273504 0.037267080745341616
1 0.6025641025641025 0.6847826086956522 0.021367521367521368 0.034161490683229816
1 0.592948717948718 0.7453416149068323 0.023504273504273504 0.031055900621118012
1 0.6217948717948718 0.7903726708074534 0.02564102564102564 0.040372670807453416
1 0.7115384615384616 0.8059006211180124 0.021367521367521368 0.034161490683229816
1 0.8066239316239316 0.7313664596273292 0.023504273504273504 0.034161490683229816