3 0.011956521739130435 0.5 0.02391304347826087 0.9936708860759493
3 0.9543478260869566 0.5 0.09130434782608696 0.9936708860759493
2 0.6554347826086957 0.27531645569620256 0.02391304347826087 0.0379746835443038
2 0.6119565217391304 0.4272151898734177 0.02826086956521739 0.0379746835443038
2 0.7597826086956522 0.5316455696202531 0.02391304347826087 0.03164556962025317
2 0.6717391304347826 0.5443037974683544 0.02608695652173913 0.0379746835443038
2 0.6934782608695652 0.5996835443037974 0.02608695652173913 0.04113924050632911
5 0.7902173913043479 0.6867088607594937 0.02391304347826087 0.03164556962025317
5 0.8826086956521739 0.1060126582278481 0.02608695652173913 0.03481012658227848
0 0.6826086956521739 0.40031645569620256 0.021739130434782608 0.03481012658227848
0 0.7358695652173913 0.33544303797468356 0.02391304347826087 0.0379746835443038
1 0.6065217391304348 0.3022151898734177 0.021739130434782608 0.03481012658227848
1 0.5967391304347827 0.24050632911392406 0.02391304347826087 0.03164556962025317
1 0.6260869565217392 0.19462025316455697 0.02608695652173913 0.04113924050632911
1 0.717391304347826 0.1787974683544304 0.021739130434782608 0.03481012658227848
1 0.8141304347826087 0.254746835443038 0.02391304347826087 0.03481012658227848