3 0.03784403669724771 0.5 0.07110091743119266 0.9933333333333333
2 0.338302752293578 0.29 0.02522935779816514 0.04
2 0.3841743119266055 0.45 0.02981651376146789 0.04
2 0.22821100917431192 0.56 0.02522935779816514 0.03333333333333333
2 0.3211009174311927 0.5733333333333334 0.027522935779816515 0.04
2 0.2981651376146789 0.6316666666666667 0.027522935779816515 0.043333333333333335
5 0.19610091743119265 0.7233333333333334 0.02522935779816514 0.03333333333333333
5 0.09862385321100918 0.11166666666666666 0.027522935779816515 0.03666666666666667
0 0.30963302752293576 0.4216666666666667 0.022935779816513763 0.03666666666666667
0 0.25344036697247707 0.35333333333333333 0.02522935779816514 0.04
1 0.38990825688073394 0.31833333333333336 0.022935779816513763 0.03666666666666667
1 0.40022935779816515 0.25333333333333335 0.02522935779816514 0.03333333333333333
1 0.36926605504587157 0.205 0.027522935779816515 0.043333333333333335
1 0.27293577981651373 0.18833333333333332 0.022935779816513763 0.03666666666666667
1 0.17087155963302753 0.2683333333333333 0.02522935779816514 0.03666666666666667