3 0.017699115044247787 0.5 0.035398230088495575 0.9935897435897436
3 0.9657079646017699 0.5 0.06858407079646017 0.9935897435897436
2 0.6758849557522124 0.2692307692307692 0.024336283185840708 0.038461538461538464
2 0.6316371681415929 0.4230769230769231 0.024336283185840708 0.038461538461538464
2 0.7820796460176991 0.5288461538461539 0.024336283185840708 0.03205128205128205
2 0.7146017699115044 0.5977564102564102 0.02654867256637168 0.035256410256410256
2 0.6935840707964602 0.5400641025641025 0.024336283185840708 0.035256410256410256
5 0.9070796460176991 0.09615384615384616 0.02654867256637168 0.038461538461538464
5 0.8130530973451328 0.6858974358974359 0.024336283185840708 0.03205128205128205
0 0.7588495575221239 0.3301282051282051 0.022123893805309734 0.038461538461538464
0 0.7046460176991151 0.3958333333333333 0.024336283185840708 0.035256410256410256
1 0.7389380530973452 0.16987179487179488 0.022123893805309734 0.03205128205128205
1 0.6460176991150443 0.1858974358974359 0.022123893805309734 0.038461538461538464
1 0.6183628318584071 0.23397435897435898 0.024336283185840708 0.038461538461538464
1 0.6272123893805309 0.2948717948717949 0.024336283185840708 0.038461538461538464
1 0.8396017699115044 0.2467948717948718 0.024336283185840708 0.038461538461538464