3 0.9385964912280702 0.49841772151898733 0.11842105263157894 0.9968354430379747
2 0.6260964912280702 0.6772151898734177 0.02412280701754386 0.0379746835443038
2 0.5822368421052632 0.5253164556962026 0.02412280701754386 0.0379746835443038
2 0.731359649122807 0.4208860759493671 0.02412280701754386 0.03164556962025317
2 0.6644736842105263 0.3528481012658228 0.02631578947368421 0.03481012658227848
2 0.643640350877193 0.4098101265822785 0.02412280701754386 0.03481012658227848
5 0.8552631578947368 0.8481012658227848 0.02631578947368421 0.0379746835443038
5 0.7620614035087719 0.26582278481012656 0.02412280701754386 0.03164556962025317
0 0.7083333333333334 0.6170886075949367 0.021929824561403508 0.0379746835443038
0 0.6546052631578947 0.5522151898734177 0.02412280701754386 0.03481012658227848
1 0.6885964912280702 0.7753164556962026 0.021929824561403508 0.03164556962025317
1 0.5964912280701754 0.759493670886076 0.021929824561403508 0.0379746835443038
1 0.569078947368421 0.7120253164556962 0.02412280701754386 0.0379746835443038
1 0.5778508771929824 0.6518987341772152 0.02412280701754386 0.0379746835443038
1 0.7883771929824561 0.6993670886075949 0.02412280701754386 0.0379746835443038
4 0.7489035087719298 0.9715189873417721 0.010964912280701754 0.0189873417721519