3 0.008620689655172414 0.4984375 0.017241379310344827 0.996875
3 0.9450431034482759 0.4984375 0.10560344827586207 0.996875
2 0.6433189655172413 0.703125 0.023706896551724137 0.0375
2 0.6002155172413793 0.553125 0.023706896551724137 0.0375
2 0.7467672413793104 0.45 0.023706896551724137 0.03125
2 0.6810344827586207 0.3828125 0.02586206896551724 0.034375
2 0.6605603448275862 0.4390625 0.023706896551724137 0.034375
5 0.8685344827586207 0.871875 0.02586206896551724 0.0375
5 0.7769396551724138 0.296875 0.023706896551724137 0.03125
0 0.7241379310344828 0.64375 0.021551724137931036 0.0375
0 0.6713362068965517 0.5796875 0.023706896551724137 0.034375
1 0.7047413793103449 0.8 0.021551724137931036 0.03125
1 0.6142241379310345 0.784375 0.021551724137931036 0.0375
1 0.5872844827586207 0.7375 0.023706896551724137 0.0375
1 0.5959051724137931 0.678125 0.023706896551724137 0.0375
1 0.802801724137931 0.725 0.023706896551724137 0.0375
4 0.7650862068965517 0.990625 0.01293103448275862 0.0125