3 0.9385775862068966 0.5 0.12284482758620689 0.99375
4 0.6637931034482759 0.0734375 0.01293103448275862 0.015625
1 0.6875 0.1875 0.021551724137931036 0.03125
1 0.7855603448275862 0.2609375 0.01939655172413793 0.034375
1 0.5786637931034483 0.309375 0.023706896551724137 0.03125
1 0.5700431034482759 0.2484375 0.023706896551724137 0.034375
1 0.5980603448275862 0.2015625 0.023706896551724137 0.034375
0 0.7068965517241379 0.340625 0.021551724137931036 0.03125
0 0.6540948275862069 0.40625 0.01939655172413793 0.03125
5 0.8502155172413793 0.1140625 0.023706896551724137 0.034375
5 0.759698275862069 0.6890625 0.023706896551724137 0.034375
2 0.6648706896551724 0.6015625 0.023706896551724137 0.034375
2 0.7295258620689655 0.534375 0.023706896551724137 0.03125
2 0.5829741379310345 0.4296875 0.023706896551724137 0.034375
2 0.625 0.2828125 0.021551724137931036 0.034375
2 0.6422413793103449 0.5453125 0.02586206896551724 0.034375