3 0.06995412844036697 0.5 0.1353211009174312 0.9933333333333333
4 0.3623853211009174 0.10166666666666667 0.013761467889908258 0.016666666666666666
1 0.33715596330275227 0.22333333333333333 0.022935779816513763 0.03333333333333333
1 0.23279816513761467 0.3016666666666667 0.020642201834862386 0.03666666666666667
1 0.45298165137614677 0.35333333333333333 0.02522935779816514 0.03333333333333333
1 0.46215596330275227 0.28833333333333333 0.02522935779816514 0.03666666666666667
1 0.4323394495412844 0.23833333333333334 0.02522935779816514 0.03666666666666667
0 0.3165137614678899 0.38666666666666666 0.022935779816513763 0.03333333333333333
0 0.37270642201834864 0.45666666666666667 0.020642201834862386 0.03333333333333333
5 0.16399082568807338 0.145 0.02522935779816514 0.03666666666666667
5 0.2603211009174312 0.7583333333333333 0.02522935779816514 0.03666666666666667
2 0.36123853211009177 0.665 0.02522935779816514 0.03666666666666667
2 0.29243119266055045 0.5933333333333334 0.02522935779816514 0.03333333333333333
2 0.44839449541284404 0.4816666666666667 0.02522935779816514 0.03666666666666667
2 0.4036697247706422 0.325 0.022935779816513763 0.03666666666666667
2 0.3853211009174312 0.605 0.027522935779816515 0.03666666666666667