3 0.014008620689655173 0.4984375 0.028017241379310345 0.996875
3 0.9504310344827587 0.4984375 0.09482758620689655 0.996875
2 0.6540948275862069 0.703125 0.023706896551724137 0.0375
2 0.6120689655172413 0.553125 0.02586206896551724 0.0375
2 0.7575431034482759 0.45 0.023706896551724137 0.03125
2 0.6928879310344828 0.384375 0.023706896551724137 0.0375
2 0.6713362068965517 0.4375 0.028017241379310345 0.0375
5 0.7877155172413793 0.296875 0.023706896551724137 0.0375
5 0.8793103448275862 0.8703125 0.02586206896551724 0.034375
0 0.7338362068965517 0.64375 0.023706896551724137 0.0375
0 0.6821120689655172 0.5796875 0.023706896551724137 0.034375
1 0.6066810344827587 0.675 0.023706896551724137 0.0375
1 0.5980603448275862 0.7375 0.023706896551724137 0.0375
1 0.625 0.784375 0.02586206896551724 0.0375
1 0.7155172413793104 0.8 0.021551724137931036 0.03125
1 0.8125 0.7234375 0.02586206896551724 0.034375
4 0.5775862068965517 0.9421875 0.01293103448275862 0.015625