3 0.9793388429752066 0.5 0.0371900826446281 1
3 0.06198347107438017 0.49850299401197606 0.11983471074380166 0.9970059880239521
2 0.3605371900826446 0.6916167664670658 0.022727272727272728 0.03592814371257485
2 0.40082644628099173 0.5479041916167665 0.024793388429752067 0.03592814371257485
2 0.26136363636363635 0.4491017964071856 0.022727272727272728 0.029940119760479042
2 0.32334710743801653 0.38622754491017963 0.022727272727272728 0.03592814371257485
2 0.3440082644628099 0.437125748502994 0.026859504132231406 0.03592814371257485
5 0.23243801652892562 0.3023952095808383 0.022727272727272728 0.03592814371257485
5 0.1446280991735537 0.8517964071856288 0.024793388429752067 0.03293413173652695
0 0.2840909090909091 0.6347305389221557 0.022727272727272728 0.03592814371257485
0 0.33367768595041325 0.5733532934131736 0.022727272727272728 0.03293413173652695
1 0.4059917355371901 0.6646706586826348 0.022727272727272728 0.03592814371257485
1 0.4142561983471074 0.7245508982035929 0.022727272727272728 0.03592814371257485
1 0.3884297520661157 0.7694610778443114 0.024793388429752067 0.03592814371257485
1 0.30165289256198347 0.7844311377245509 0.02066115702479339 0.029940119760479042
1 0.20867768595041322 0.7110778443113772 0.024793388429752067 0.03293413173652695
4 0.43388429752066116 0.9206586826347305 0.012396694214876033 0.014970059880239521