3 0.009868421052631578 0.5 0.019736842105263157 0.9936708860759493
3 0.9506578947368421 0.5 0.09868421052631579 0.9936708860759493
2 0.5668859649122807 0.5379746835443038 0.02412280701754386 0.0379746835443038
2 0.5339912280701754 0.6012658227848101 0.02412280701754386 0.0379746835443038
2 0.49451754385964913 0.6408227848101266 0.02412280701754386 0.04113924050632911
2 0.3530701754385965 0.6265822784810127 0.02631578947368421 0.0379746835443038
2 0.07236842105263158 0.7041139240506329 0.03070175438596491 0.03481012658227848
5 0.39473684210526316 0.7199367088607594 0.021929824561403508 0.03481012658227848
5 0.1600877192982456 0.8496835443037974 0.02631578947368421 0.03481012658227848
0 0.4309210526315789 0.7689873417721519 0.02412280701754386 0.0379746835443038
0 0.29276315789473684 0.42563291139240506 0.02412280701754386 0.03481012658227848
1 0.3991228070175439 0.49841772151898733 0.02631578947368421 0.04113924050632911
1 0.6096491228070176 0.49683544303797467 0.02631578947368421 0.0379746835443038
1 0.6403508771929824 0.4873417721518987 0.02631578947368421 0.03164556962025317
1 0.6403508771929824 0.5221518987341772 0.02631578947368421 0.0379746835443038
1 0.48135964912280704 0.7800632911392406 0.02412280701754386 0.04113924050632911
4 0.5328947368421053 0.4129746835443038 0.008771929824561403 0.015822784810126583