3 0.01970954356846473 0.5 0.03941908713692946 0.9939759036144579
3 0.9367219917012448 0.5 0.12655601659751037 0.9939759036144579
2 0.5570539419087137 0.5662650602409639 0.022821576763485476 0.03614457831325301
2 0.5259336099585062 0.6265060240963856 0.022821576763485476 0.03614457831325301
2 0.48858921161825725 0.6641566265060241 0.022821576763485476 0.0391566265060241
2 0.35477178423236516 0.6506024096385542 0.024896265560165973 0.03614457831325301
2 0.08921161825726141 0.7243975903614458 0.029045643153526972 0.03313253012048193
5 0.3941908713692946 0.7394578313253012 0.02074688796680498 0.03313253012048193
5 0.17219917012448133 0.8629518072289156 0.024896265560165973 0.03313253012048193
0 0.4284232365145228 0.786144578313253 0.022821576763485476 0.03614457831325301
0 0.29771784232365145 0.45933734939759036 0.022821576763485476 0.03313253012048193
1 0.3983402489626556 0.5286144578313253 0.024896265560165973 0.0391566265060241
1 0.5975103734439834 0.5271084337349398 0.024896265560165973 0.03614457831325301
1 0.6265560165975104 0.5180722891566265 0.024896265560165973 0.030120481927710843
1 0.6265560165975104 0.5512048192771084 0.024896265560165973 0.03614457831325301
1 0.47614107883817425 0.7966867469879518 0.022821576763485476 0.0391566265060241
4 0.524896265560166 0.44728915662650603 0.008298755186721992 0.015060240963855422