3 0.9369469026548672 0.5 0.1261061946902655 0.9935897435897436
2 0.6183628318584071 0.26282051282051283 0.024336283185840708 0.038461538461538464
2 0.5741150442477876 0.4166666666666667 0.028761061946902654 0.038461538461538464
2 0.6349557522123894 0.5352564102564102 0.02654867256637168 0.038461538461538464
2 0.6581858407079646 0.5913461538461539 0.028761061946902654 0.035256410256410256
2 0.7245575221238938 0.5224358974358975 0.024336283185840708 0.03205128205128205
5 0.8495575221238938 0.08974358974358974 0.02654867256637168 0.038461538461538464
5 0.7555309734513275 0.6794871794871795 0.024336283185840708 0.038461538461538464
0 0.6471238938053098 0.3894230769230769 0.024336283185840708 0.035256410256410256
0 0.7002212389380531 0.32371794871794873 0.024336283185840708 0.038461538461538464
1 0.7809734513274337 0.2403846153846154 0.022123893805309734 0.038461538461538464
1 0.6825221238938053 0.16346153846153846 0.024336283185840708 0.038461538461538464
1 0.5896017699115044 0.1794871794871795 0.024336283185840708 0.038461538461538464
1 0.5608407079646017 0.22756410256410256 0.024336283185840708 0.038461538461538464
1 0.5707964601769911 0.2916666666666667 0.02654867256637168 0.038461538461538464
4 0.48008849557522126 0.08653846153846154 0.01327433628318584 0.019230769230769232