3 0.9352678571428571 0.5 0.12946428571428573 0.9935483870967742
2 0.5301339285714286 0.5774193548387097 0.024553571428571428 0.03870967741935484
2 0.4966517857142857 0.6419354838709678 0.024553571428571428 0.03870967741935484
2 0.4564732142857143 0.682258064516129 0.024553571428571428 0.041935483870967745
2 0.3125 0.667741935483871 0.026785714285714284 0.03870967741935484
2 0.026785714285714284 0.7467741935483871 0.03125 0.035483870967741936
5 0.3549107142857143 0.7629032258064516 0.022321428571428572 0.035483870967741936
5 0.11607142857142858 0.8951612903225806 0.026785714285714284 0.035483870967741936
0 0.39174107142857145 0.8129032258064516 0.024553571428571428 0.03870967741935484
0 0.25111607142857145 0.4629032258064516 0.024553571428571428 0.035483870967741936
1 0.359375 0.5370967741935484 0.026785714285714284 0.041935483870967745
1 0.5736607142857143 0.535483870967742 0.026785714285714284 0.03870967741935484
1 0.6049107142857143 0.5258064516129032 0.026785714285714284 0.03225806451612903
1 0.6049107142857143 0.5612903225806452 0.026785714285714284 0.03870967741935484
1 0.44308035714285715 0.8241935483870968 0.024553571428571428 0.041935483870967745
4 0.4955357142857143 0.45 0.008928571428571428 0.016129032258064516