3 0.9783549783549783 0.5 0.03896103896103896 1
3 0.04112554112554113 0.49842767295597484 0.07792207792207792 0.9968553459119497
2 0.3300865800865801 0.7169811320754716 0.023809523809523808 0.03773584905660377
2 0.37337662337662336 0.5660377358490566 0.02813852813852814 0.03773584905660377
2 0.31385281385281383 0.449685534591195 0.025974025974025976 0.03773584905660377
2 0.2911255411255411 0.3946540880503145 0.02813852813852814 0.03459119496855346
2 0.2261904761904762 0.46226415094339623 0.023809523809523808 0.031446540880503145
5 0.1038961038961039 0.8867924528301887 0.025974025974025976 0.03773584905660377
5 0.1958874458874459 0.3081761006289308 0.023809523809523808 0.03773584905660377
0 0.30194805194805197 0.5927672955974843 0.023809523809523808 0.03459119496855346
0 0.25 0.6572327044025157 0.023809523809523808 0.03773584905660377
1 0.170995670995671 0.7389937106918238 0.021645021645021644 0.03773584905660377
1 0.26731601731601734 0.8144654088050315 0.023809523809523808 0.03773584905660377
1 0.3582251082251082 0.7987421383647799 0.023809523809523808 0.03773584905660377
1 0.38636363636363635 0.7515723270440252 0.023809523809523808 0.03773584905660377
1 0.37662337662337664 0.6886792452830188 0.025974025974025976 0.03773584905660377
4 0.4653679653679654 0.889937106918239 0.012987012987012988 0.018867924528301886