3 0.9321120689655172 0.5 0.13577586206896552 0.99375
2 0.5344827586206896 0.55625 0.021551724137931036 0.03125
2 0.5043103448275862 0.6296875 0.02586206896551724 0.040625
2 0.4676724137931034 0.665625 0.02586206896551724 0.04375
2 0.3275862068965517 0.6546875 0.02586206896551724 0.040625
2 0.05172413793103448 0.7296875 0.03017241379310345 0.040625
5 0.36745689655172414 0.7453125 0.023706896551724137 0.034375
5 0.13900862068965517 0.8734375 0.023706896551724137 0.034375
0 0.4040948275862069 0.7921875 0.023706896551724137 0.034375
0 0.2672413793103448 0.4546875 0.021551724137931036 0.034375
1 0.6702586206896551 0.25 0.021551724137931036 0.03125
1 0.6088362068965517 0.5140625 0.023706896551724137 0.028125
1 0.6099137931034483 0.55 0.02586206896551724 0.0375
1 0.37176724137931033 0.525 0.023706896551724137 0.0375
1 0.4536637931034483 0.8046875 0.023706896551724137 0.040625
4 0.5032327586206896 0.440625 0.010775862068965518 0.0125