3 0.06361607142857142 0.5 0.12276785714285714 0.9935483870967742
2 0.3783482142857143 0.3161290322580645 0.024553571428571428 0.03870967741935484
2 0.421875 0.47096774193548385 0.026785714285714284 0.03870967741935484
2 0.36160714285714285 0.5887096774193549 0.026785714285714284 0.035483870967741936
2 0.27120535714285715 0.5774193548387097 0.024553571428571428 0.03225806451612903
2 0.33816964285714285 0.646774193548387 0.024553571428571428 0.035483870967741936
5 0.23995535714285715 0.7354838709677419 0.024553571428571428 0.03225806451612903
5 0.14508928571428573 0.1435483870967742 0.026785714285714284 0.035483870967741936
0 0.29575892857142855 0.3774193548387097 0.024553571428571428 0.03870967741935484
0 0.34933035714285715 0.44516129032258067 0.024553571428571428 0.03225806451612903
1 0.42857142857142855 0.3467741935483871 0.026785714285714284 0.035483870967741936
1 0.43638392857142855 0.28225806451612906 0.024553571428571428 0.035483870967741936
1 0.40736607142857145 0.23225806451612904 0.024553571428571428 0.03870967741935484
1 0.31473214285714285 0.2161290322580645 0.022321428571428572 0.03225806451612903
1 0.21428571428571427 0.29516129032258065 0.022321428571428572 0.035483870967741936
4 0.5066964285714286 0.34838709677419355 0.008928571428571428 0.03225806451612903