3 0.9462719298245614 0.5 0.1074561403508772 0.9936708860759493
2 0.6392543859649122 0.29430379746835444 0.02412280701754386 0.0379746835443038
2 0.5964912280701754 0.4462025316455696 0.02631578947368421 0.0379746835443038
2 0.6567982456140351 0.5632911392405063 0.02412280701754386 0.0379746835443038
2 0.6776315789473685 0.6170886075949367 0.02631578947368421 0.0379746835443038
2 0.7445175438596491 0.5522151898734177 0.02412280701754386 0.03481012658227848
5 0.7752192982456141 0.7041139240506329 0.02412280701754386 0.03481012658227848
5 0.868421052631579 0.125 0.02631578947368421 0.03481012658227848
0 0.7214912280701754 0.3560126582278481 0.021929824561403508 0.03481012658227848
0 0.6677631578947368 0.4208860759493671 0.02412280701754386 0.03164556962025317
1 0.8004385964912281 0.2737341772151899 0.021929824561403508 0.03481012658227848
1 0.7028508771929824 0.19778481012658228 0.02412280701754386 0.03481012658227848
1 0.6096491228070176 0.21044303797468356 0.02631578947368421 0.03481012658227848
1 0.5822368421052632 0.2579113924050633 0.02412280701754386 0.03481012658227848
1 0.5910087719298246 0.3227848101265823 0.02412280701754386 0.0379746835443038
4 0.5043859649122807 0.7642405063291139 0.013157894736842105 0.015822784810126583