3 0.0211864406779661 0.5 0.0423728813559322 0.9938650306748467
3 0.9470338983050848 0.5 0.1059322033898305 0.9938650306748467
2 0.5391949152542372 0.6226993865030674 0.023305084745762712 0.03680981595092025
2 0.5572033898305084 0.691717791411043 0.0211864406779661 0.03374233128834356
2 0.5021186440677966 0.6595092024539877 0.025423728813559324 0.04294478527607362
2 0.3654661016949153 0.647239263803681 0.023305084745762712 0.03680981595092025
2 0.09216101694915255 0.7223926380368099 0.02754237288135593 0.03374233128834356
5 0.4046610169491525 0.7377300613496932 0.0211864406779661 0.03374233128834356
5 0.17690677966101695 0.8634969325153374 0.023305084745762712 0.03374233128834356
0 0.4396186440677966 0.7837423312883436 0.023305084745762712 0.03374233128834356
0 0.3061440677966102 0.4539877300613497 0.023305084745762712 0.03680981595092025
1 0.4088983050847458 0.5230061349693251 0.025423728813559324 0.03987730061349693
1 0.5254237288135594 0.5720858895705522 0.0211864406779661 0.03374233128834356
1 0.6408898305084746 0.5444785276073619 0.023305084745762712 0.03374233128834356
1 0.6398305084745762 0.5122699386503068 0.0211864406779661 0.03067484662576687
1 0.4883474576271186 0.7960122699386503 0.023305084745762712 0.03987730061349693
4 0.538135593220339 0.4386503067484663 0.00847457627118644 0.012269938650306749