3 0.9923245614035088 0.5 0.010964912280701754 1
3 0.049342105263157895 0.49841772151898733 0.09429824561403509 0.9968354430379747
2 0.34978070175438597 0.689873417721519 0.02412280701754386 0.0379746835443038
2 0.3925438596491228 0.5379746835443038 0.02631578947368421 0.0379746835443038
2 0.33223684210526316 0.4208860759493671 0.02412280701754386 0.0379746835443038
2 0.31140350877192985 0.3670886075949367 0.02631578947368421 0.0379746835443038
2 0.24451754385964913 0.4319620253164557 0.02412280701754386 0.03481012658227848
5 0.2138157894736842 0.2800632911392405 0.02412280701754386 0.03481012658227848
5 0.1206140350877193 0.8591772151898734 0.02631578947368421 0.03481012658227848
0 0.2675438596491228 0.6281645569620253 0.021929824561403508 0.03481012658227848
0 0.32127192982456143 0.5632911392405063 0.02412280701754386 0.03164556962025317
1 0.18859649122807018 0.7104430379746836 0.021929824561403508 0.03481012658227848
1 0.28618421052631576 0.7863924050632911 0.02412280701754386 0.03481012658227848
1 0.3793859649122807 0.7737341772151899 0.02631578947368421 0.03481012658227848
1 0.4067982456140351 0.7262658227848101 0.02412280701754386 0.03481012658227848
1 0.3980263157894737 0.6613924050632911 0.02412280701754386 0.0379746835443038
4 0.48464912280701755 0.2199367088607595 0.013157894736842105 0.015822784810126583