3 0.9782157676348547 0.5 0.03941908713692946 1
3 0.06224066390041494 0.49849397590361444 0.12033195020746888 0.9969879518072289
2 0.4699170124481328 0.3825301204819277 0.022821576763485476 0.03614457831325301
2 0.45228215767634855 0.3147590361445783 0.02074688796680498 0.03313253012048193
2 0.5062240663900415 0.3463855421686747 0.024896265560165973 0.04216867469879518
2 0.6400414937759336 0.35843373493975905 0.022821576763485476 0.03614457831325301
2 0.9076763485477178 0.28463855421686746 0.026970954356846474 0.03313253012048193
5 0.6016597510373444 0.26957831325301207 0.02074688796680498 0.03313253012048193
5 0.8246887966804979 0.1460843373493976 0.022821576763485476 0.03313253012048193
0 0.5674273858921162 0.22439759036144577 0.022821576763485476 0.03313253012048193
0 0.6981327800829875 0.5481927710843374 0.022821576763485476 0.03614457831325301
1 0.5975103734439834 0.48042168674698793 0.024896265560165973 0.0391566265060241
1 0.483402489626556 0.4322289156626506 0.02074688796680498 0.03313253012048193
1 0.3703319502074689 0.45933734939759036 0.022821576763485476 0.03313253012048193
1 0.37136929460580914 0.49096385542168675 0.02074688796680498 0.030120481927710843
1 0.5197095435684648 0.21234939759036145 0.022821576763485476 0.0391566265060241
4 0.470954356846473 0.5632530120481928 0.008298755186721992 0.012048192771084338