3 0.012114537444933921 0.5 0.024229074889867842 0.9936305732484076
3 0.9548458149779736 0.5 0.09030837004405286 0.9936305732484076
2 0.5407488986784141 0.5955414012738853 0.024229074889867842 0.03821656050955414
2 0.5594713656387665 0.6671974522292994 0.022026431718061675 0.03503184713375796
2 0.5022026431718062 0.6337579617834395 0.02643171806167401 0.044585987261146494
2 0.3601321585903084 0.6210191082802548 0.024229074889867842 0.03821656050955414
2 0.07599118942731277 0.6990445859872612 0.028634361233480177 0.03503184713375796
5 0.4008810572687225 0.714968152866242 0.022026431718061675 0.03503184713375796
5 0.16409691629955947 0.8455414012738853 0.024229074889867842 0.03503184713375796
0 0.43722466960352424 0.7627388535031847 0.024229074889867842 0.03503184713375796
0 0.29845814977973567 0.42038216560509556 0.024229074889867842 0.03821656050955414
1 0.4052863436123348 0.49203821656050956 0.02643171806167401 0.041401273885350316
1 0.526431718061674 0.5429936305732485 0.022026431718061675 0.03503184713375796
1 0.6464757709251101 0.5143312101910829 0.024229074889867842 0.03503184713375796
1 0.6453744493392071 0.48089171974522293 0.022026431718061675 0.03184713375796178
1 0.4878854625550661 0.7754777070063694 0.024229074889867842 0.041401273885350316
4 0.539647577092511 0.40445859872611467 0.00881057268722467 0.012738853503184714