3 0.020562770562770564 0.5 0.04112554112554113 0.9937106918238994
3 0.95995670995671 0.5 0.08008658008658008 0.9937106918238994
2 0.724025974025974 0.0959119496855346 0.02813852813852814 0.040880503144654086
2 0.79004329004329 0.24213836477987422 0.025974025974025976 0.031446540880503145
2 0.7824675324675324 0.2861635220125786 0.023809523809523808 0.031446540880503145
2 0.8116883116883117 0.29874213836477986 0.025974025974025976 0.03773584905660377
2 0.7186147186147186 0.3160377358490566 0.025974025974025976 0.03459119496855346
5 0.6190476190476191 0.3113207547169811 0.021645021645021644 0.031446540880503145
5 0.7586580086580087 0.009433962264150943 0.023809523809523808 0.012578616352201259
0 0.8116883116883117 0.2578616352201258 0.021645021645021644 0.031446540880503145
0 0.7954545454545454 0.330188679245283 0.023809523809523808 0.031446540880503145
1 0.7316017316017316 0.3694968553459119 0.025974025974025976 0.03459119496855346
1 0.7456709956709957 0.3113207547169811 0.023809523809523808 0.031446540880503145
1 0.7824675324675324 0.16823899371069181 0.023809523809523808 0.03459119496855346
1 0.7792207792207793 0.01729559748427673 0.025974025974025976 0.02830188679245283
1 0.5746753246753247 0.2389937106918239 0.023809523809523808 0.031446540880503145