3 0.986228813559322 0.5 0.023305084745762712 0.9938650306748467
3 0.0635593220338983 0.5 0.1228813559322034 0.9938650306748467
2 0.7235169491525424 0.2392638036809816 0.023305084745762712 0.03680981595092025
2 0.625 0.4647239263803681 0.025423728813559324 0.03374233128834356
2 0.6239406779661016 0.5168711656441718 0.02754237288135593 0.03374233128834356
2 0.2923728813559322 0.4662576687116564 0.025423728813559324 0.03680981595092025
2 0.3845338983050847 0.6012269938650306 0.023305084745762712 0.03067484662576687
5 0.6440677966101694 0.6073619631901841 0.0211864406779661 0.03067484662576687
5 0.2807203389830508 0.49693251533742333 0.023305084745762712 0.03067484662576687
0 0.6048728813559322 0.48773006134969327 0.023305084745762712 0.03067484662576687
0 0.4067796610169492 0.6073619631901841 0.0211864406779661 0.03067484662576687
1 0.350635593220339 0.7315950920245399 0.023305084745762712 0.03987730061349693
1 0.3633474576271186 0.5659509202453987 0.023305084745762712 0.03374233128834356
1 0.3230932203389831 0.549079754601227 0.023305084745762712 0.03680981595092025
1 0.6885593220338984 0.19631901840490798 0.0211864406779661 0.03067484662576687
1 0.17584745762711865 0.29754601226993865 0.0211864406779661 0.03067484662576687
4 0.3866525423728814 0.6257668711656442 0.01059322033898305 0.012269938650306749