3 0.9915254237288136 0.5 0.012711864406779662 1
3 0.0625 0.495398773006135 0.12076271186440678 0.99079754601227
2 0.3146186440677966 0.8788343558282209 0.02754237288135593 0.03987730061349693
2 0.25 0.7361963190184049 0.025423728813559324 0.03067484662576687
2 0.2574152542372881 0.6932515337423313 0.023305084745762712 0.03067484662576687
2 0.2288135593220339 0.6809815950920245 0.025423728813559324 0.03680981595092025
2 0.3199152542372881 0.6641104294478528 0.025423728813559324 0.03374233128834356
5 0.4173728813559322 0.6687116564417178 0.0211864406779661 0.03067484662576687
5 0.2817796610169492 0.9739263803680982 0.0211864406779661 0.03374233128834356
0 0.2288135593220339 0.7208588957055214 0.0211864406779661 0.03067484662576687
0 0.24470338983050846 0.6503067484662577 0.023305084745762712 0.03067484662576687
1 0.3072033898305085 0.6119631901840491 0.025423728813559324 0.03374233128834356
1 0.2934322033898305 0.6687116564417178 0.023305084745762712 0.03067484662576687
1 0.2574152542372881 0.808282208588957 0.023305084745762712 0.03374233128834356
1 0.2616525423728814 0.9570552147239264 0.023305084745762712 0.03067484662576687
4 0.2680084745762712 0.9831288343558282 0.006355932203389831 0.015337423312883436
1 0.4608050847457627 0.7392638036809815 0.023305084745762712 0.03067484662576687