3 0.04617117117117117 0.4852941176470588 0.08783783783783784 0.9705882352941176
2 0.2939189189189189 0.8513071895424836 0.02927927927927928 0.042483660130718956
2 0.22522522522522523 0.6993464052287581 0.02702702702702703 0.032679738562091505
2 0.23310810810810811 0.6535947712418301 0.024774774774774775 0.032679738562091505
2 0.20270270270270271 0.6405228758169934 0.02702702702702703 0.0392156862745098
2 0.29954954954954954 0.6225490196078431 0.02702702702702703 0.03594771241830065
5 0.40315315315315314 0.6274509803921569 0.02252252252252252 0.032679738562091505
5 0.25900900900900903 0.9526143790849673 0.02252252252252252 0.03594771241830065
0 0.20270270270270271 0.6830065359477124 0.02252252252252252 0.032679738562091505
0 0.2195945945945946 0.6078431372549019 0.024774774774774775 0.032679738562091505
1 0.28603603603603606 0.5669934640522876 0.02702702702702703 0.03594771241830065
1 0.2713963963963964 0.6274509803921569 0.024774774774774775 0.032679738562091505
1 0.23310810810810811 0.7761437908496732 0.024774774774774775 0.03594771241830065
1 0.2376126126126126 0.934640522875817 0.024774774774774775 0.032679738562091505
4 0.24436936936936937 0.9624183006535948 0.006756756756756757 0.016339869281045753
1 0.44932432432432434 0.7026143790849673 0.024774774774774775 0.032679738562091505