3 0.010638297872340425 0.5 0.02127659574468085 0.9938271604938271
3 0.9372340425531915 0.5 0.125531914893617 0.9938271604938271
2 0.2712765957446808 0.22839506172839505 0.023404255319148935 0.037037037037037035
2 0.3702127659574468 0.45524691358024694 0.02553191489361702 0.033950617283950615
2 0.37127659574468086 0.5077160493827161 0.027659574468085105 0.033950617283950615
2 0.7042553191489361 0.4567901234567901 0.02553191489361702 0.037037037037037035
2 0.6117021276595744 0.5925925925925926 0.023404255319148935 0.030864197530864196
5 0.35106382978723405 0.5987654320987654 0.02127659574468085 0.030864197530864196
5 0.7159574468085106 0.4876543209876543 0.023404255319148935 0.030864197530864196
0 0.3904255319148936 0.4783950617283951 0.023404255319148935 0.030864197530864196
0 0.5893617021276596 0.5987654320987654 0.02127659574468085 0.030864197530864196
1 0.6457446808510638 0.7237654320987654 0.023404255319148935 0.040123456790123455
1 0.6329787234042553 0.5570987654320988 0.023404255319148935 0.033950617283950615
1 0.6734042553191489 0.5401234567901234 0.023404255319148935 0.037037037037037035
1 0.30638297872340425 0.18518518518518517 0.02127659574468085 0.030864197530864196
1 0.8212765957446808 0.28703703703703703 0.02127659574468085 0.030864197530864196
4 0.6095744680851064 0.6172839506172839 0.010638297872340425 0.012345679012345678