3 0.9893162393162394 0.5 0.017094017094017096 1
3 0.05876068376068376 0.4984472049689441 0.11324786324786325 0.9968944099378882
2 0.3482905982905983 0.6273291925465838 0.02564102564102564 0.037267080745341616
2 0.4081196581196581 0.6226708074534162 0.021367521367521368 0.034161490683229816
2 0.4636752136752137 0.6413043478260869 0.021367521367521368 0.034161490683229816
2 0.42414529914529914 0.5481366459627329 0.023504273504273504 0.034161490683229816
2 0.36217948717948717 0.7795031055900621 0.023504273504273504 0.037267080745341616
5 0.2692307692307692 0.7717391304347826 0.021367521367521368 0.034161490683229816
5 0.24893162393162394 0.6335403726708074 0.023504273504273504 0.031055900621118012
0 0.23076923076923078 0.7624223602484472 0.021367521367521368 0.034161490683229816
0 0.4305555555555556 0.6211180124223602 0.019230769230769232 0.031055900621118012
1 0.4412393162393162 0.593167701863354 0.023504273504273504 0.031055900621118012
1 0.36645299145299143 0.5481366459627329 0.023504273504273504 0.034161490683229816
1 0.33760683760683763 0.5978260869565217 0.021367521367521368 0.027950310559006212
1 0.3386752136752137 0.7996894409937888 0.023504273504273504 0.034161490683229816
1 0.44551282051282054 0.7003105590062112 0.019230769230769232 0.027950310559006212
4 0.45085470085470086 0.6506211180124224 0.008547008547008548 0.015527950310559006