3 0.9579545454545455 0.49835526315789475 0.07954545454545454 0.9967105263157895
2 0.6704545454545454 0.6381578947368421 0.02727272727272727 0.039473684210526314
2 0.6068181818181818 0.6332236842105263 0.022727272727272728 0.03618421052631579
2 0.5477272727272727 0.6529605263157895 0.022727272727272728 0.03618421052631579
2 0.5897727272727272 0.5542763157894737 0.025 0.03618421052631579
2 0.6556818181818181 0.7993421052631579 0.025 0.039473684210526314
5 0.7545454545454545 0.7911184210526315 0.022727272727272728 0.03618421052631579
5 0.7761363636363636 0.6447368421052632 0.025 0.03289473684210526
0 0.7954545454545454 0.78125 0.022727272727272728 0.03618421052631579
0 0.5829545454545455 0.631578947368421 0.020454545454545454 0.03289473684210526
1 0.571590909090909 0.6019736842105263 0.025 0.03289473684210526
1 0.6511363636363636 0.5542763157894737 0.025 0.03618421052631579
1 0.6818181818181818 0.6069078947368421 0.022727272727272728 0.029605263157894735
1 0.6806818181818182 0.8207236842105263 0.025 0.03618421052631579
1 0.5670454545454545 0.7154605263157895 0.020454545454545454 0.029605263157894735
4 0.5613636363636364 0.662828947368421 0.00909090909090909 0.01644736842105263