3 0.02066115702479339 0.49850299401197606 0.04132231404958678 0.9970059880239521
3 0.9349173553719008 0.49850299401197606 0.12603305785123967 0.9970059880239521
2 0.09297520661157024 0.28293413173652693 0.028925619834710745 0.038922155688622756
2 0.3574380165289256 0.35479041916167664 0.024793388429752067 0.038922155688622756
2 0.49173553719008267 0.3458083832335329 0.024793388429752067 0.038922155688622756
2 0.5268595041322314 0.38173652694610777 0.024793388429752067 0.038922155688622756
2 0.5423553719008265 0.3562874251497006 0.022727272727272728 0.03592814371257485
5 0.39669421487603307 0.2679640718562874 0.02066115702479339 0.03293413173652695
5 0.1756198347107438 0.1437125748502994 0.024793388429752067 0.029940119760479042
0 0.43078512396694213 0.22305389221556887 0.022727272727272728 0.03293413173652695
0 0.3006198347107438 0.5449101796407185 0.022727272727272728 0.03592814371257485
1 0.5020661157024794 0.4041916167664671 0.02066115702479339 0.03592814371257485
1 0.6260330578512396 0.4565868263473054 0.024793388429752067 0.03293413173652695
1 0.6270661157024794 0.4880239520958084 0.022727272727272728 0.029940119760479042
1 0.47830578512396693 0.20958083832335328 0.022727272727272728 0.03592814371257485
1 0.39979338842975204 0.47904191616766467 0.022727272727272728 0.03592814371257485
4 0.5268595041322314 0.5583832335329342 0.008264462809917356 0.014970059880239521