3 0.012552301255230125 0.4984848484848485 0.02510460251046025 0.996969696969697
3 0.9382845188284519 0.4984848484848485 0.1192468619246862 0.996969696969697
2 0.6349372384937239 0.6833333333333333 0.02301255230125523 0.03333333333333333
2 0.5941422594142259 0.5363636363636364 0.02510460251046025 0.03636363636363636
2 0.7353556485355649 0.43636363636363634 0.02301255230125523 0.030303030303030304
2 0.6725941422594143 0.3712121212121212 0.02301255230125523 0.03333333333333333
2 0.6516736401673641 0.4257575757575758 0.02301255230125523 0.03333333333333333
5 0.7646443514644351 0.2878787878787879 0.02301255230125523 0.030303030303030304
5 0.8535564853556485 0.843939393939394 0.02510460251046025 0.03333333333333333
0 0.7133891213389121 0.6257575757575757 0.02092050209205021 0.03333333333333333
0 0.6610878661087866 0.5606060606060606 0.02092050209205021 0.030303030303030304
1 0.5878661087866108 0.656060606060606 0.02092050209205021 0.03333333333333333
1 0.5794979079497908 0.7136363636363636 0.02510460251046025 0.03333333333333333
1 0.6077405857740585 0.7606060606060606 0.02301255230125523 0.03636363636363636
1 0.694560669456067 0.7742424242424243 0.02092050209205021 0.03333333333333333
1 0.7887029288702929 0.703030303030303 0.02092050209205021 0.030303030303030304
4 0.41841004184100417 0.5121212121212121 0.012552301255230125 0.024242424242424242