3 0.9946808510638298 0.5 0.006382978723404255 0.9938271604938271
3 0.06382978723404255 0.5 0.12340425531914893 0.9938271604938271
2 0.37127659574468086 0.3132716049382716 0.023404255319148935 0.033950617283950615
2 0.4127659574468085 0.46296296296296297 0.02553191489361702 0.037037037037037035
2 0.2691489361702128 0.5648148148148148 0.023404255319148935 0.030864197530864196
2 0.33297872340425533 0.6311728395061729 0.023404255319148935 0.033950617283950615
2 0.35425531914893615 0.5756172839506173 0.023404255319148935 0.033950617283950615
5 0.2393617021276596 0.7160493827160493 0.023404255319148935 0.030864197530864196
5 0.14893617021276595 0.14969135802469136 0.02553191489361702 0.033950617283950615
0 0.29148936170212764 0.37191358024691357 0.02127659574468085 0.033950617283950615
0 0.3446808510638298 0.4382716049382716 0.02127659574468085 0.030864197530864196
1 0.41914893617021276 0.3410493827160494 0.02127659574468085 0.033950617283950615
1 0.4276595744680851 0.2824074074074074 0.02553191489361702 0.033950617283950615
1 0.39893617021276595 0.2345679012345679 0.023404255319148935 0.037037037037037035
1 0.31063829787234043 0.22067901234567902 0.02127659574468085 0.033950617283950615
1 0.2148936170212766 0.2932098765432099 0.02127659574468085 0.030864197530864196
4 0.5914893617021276 0.4876543209876543 0.01276595744680851 0.024691358024691357