3 0.018008474576271187 0.5 0.036016949152542374 0.9938650306748467
3 0.9491525423728814 0.5 0.1016949152542373 0.9938650306748467
2 0.6514830508474576 0.3052147239263804 0.023305084745762712 0.03374233128834356
2 0.6101694915254238 0.4539877300613497 0.025423728813559324 0.03680981595092025
2 0.753177966101695 0.5552147239263804 0.023305084745762712 0.03067484662576687
2 0.6896186440677966 0.6211656441717791 0.023305084745762712 0.03374233128834356
2 0.6684322033898306 0.5659509202453987 0.023305084745762712 0.03374233128834356
5 0.7828389830508474 0.7055214723926381 0.023305084745762712 0.03067484662576687
5 0.8728813559322034 0.14263803680981596 0.025423728813559324 0.03374233128834356
0 0.7309322033898306 0.36349693251533743 0.0211864406779661 0.03374233128834356
0 0.6779661016949152 0.4294478527607362 0.0211864406779661 0.03067484662576687
1 0.6038135593220338 0.3328220858895706 0.0211864406779661 0.03374233128834356
1 0.5953389830508474 0.2745398773006135 0.025423728813559324 0.03374233128834356
1 0.6239406779661016 0.22699386503067484 0.023305084745762712 0.03680981595092025
1 0.711864406779661 0.21319018404907975 0.0211864406779661 0.03374233128834356
1 0.8072033898305084 0.2852760736196319 0.0211864406779661 0.03067484662576687
4 0.4322033898305085 0.4785276073619632 0.012711864406779662 0.024539877300613498