3 0.9893162393162394 0.5 0.017094017094017096 1
3 0.06196581196581197 0.4984472049689441 0.11965811965811966 0.9968944099378882
2 0.49572649572649574 0.4860248447204969 0.03418803418803419 0.052795031055900624
2 0.5170940170940171 0.35248447204968947 0.02564102564102564 0.040372670807453416
2 0.6217948717948718 0.3695652173913043 0.021367521367521368 0.037267080745341616
2 0.6549145299145299 0.36180124223602483 0.023504273504273504 0.034161490683229816
2 0.9305555555555556 0.28726708074534163 0.027777777777777776 0.034161490683229816
5 0.7596153846153846 0.9860248447204969 0.027777777777777776 0.021739130434782608
5 0.6153846153846154 0.2732919254658385 0.021367521367521368 0.031055900621118012
0 0.7147435897435898 0.5590062111801242 0.023504273504273504 0.037267080745341616
0 0.5801282051282052 0.2236024844720497 0.023504273504273504 0.037267080745341616
1 0.5192307692307693 0.4254658385093168 0.021367521367521368 0.037267080745341616
1 0.5790598290598291 0.4767080745341615 0.02564102564102564 0.040372670807453416
1 0.6111111111111112 0.4891304347826087 0.02564102564102564 0.034161490683229816
1 0.36324786324786323 0.4611801242236025 0.02564102564102564 0.034161490683229816
1 0.37393162393162394 0.4968944099378882 0.021367521367521368 0.031055900621118012
4 0.8707264957264957 0.10869565217391304 0.010683760683760684 0.018633540372670808