2 0.19748858447488585 0.16390728476821192 0.02968036529680365 0.04304635761589404
2 0.3139269406392694 0.347682119205298 0.02968036529680365 0.039735099337748346
2 0.5422374429223744 0.3675496688741722 0.02511415525114155 0.039735099337748346
2 0.526255707762557 0.46688741721854304 0.02511415525114155 0.039735099337748346
2 0.6735159817351598 0.37251655629139074 0.0228310502283105 0.03642384105960265
5 0.5182648401826484 0.33774834437086093 0.0228310502283105 0.033112582781456956
5 0.6666666666666666 0.26986754966887416 0.0228310502283105 0.03642384105960265
0 0.773972602739726 0.5778145695364238 0.0228310502283105 0.03642384105960265
0 0.906392694063927 0.0380794701986755 0.0228310502283105 0.03642384105960265
1 0.5742009132420092 0.3973509933774834 0.02511415525114155 0.039735099337748346
1 0.4406392694063927 0.3675496688741722 0.0228310502283105 0.033112582781456956
1 0.5068493150684932 0.48841059602649006 0.0228310502283105 0.03642384105960265
1 0.2545662100456621 0.25496688741721857 0.02511415525114155 0.039735099337748346
1 0.21232876712328766 0.271523178807947 0.0273972602739726 0.046357615894039736
4 0.9440639269406392 0.07450331125827815 0.01141552511415525 0.016556291390728478
3 0.07077625570776255 0.17052980132450332 0.136986301369863 0.34105960264900664
3 0.06621004566210045 0.6804635761589404 0.1278538812785388 0.6324503311258278