3 0.010964912280701754 0.49841772151898733 0.021929824561403508 0.9968354430379747
2 0.8519736842105263 0.13132911392405064 0.02850877192982456 0.04113924050632911
2 0.7401315789473685 0.3069620253164557 0.02850877192982456 0.0379746835443038
2 0.5208333333333334 0.3259493670886076 0.02412280701754386 0.0379746835443038
2 0.5361842105263158 0.4208860759493671 0.02412280701754386 0.0379746835443038
2 0.39473684210526316 0.33069620253164556 0.021929824561403508 0.03481012658227848
5 0.543859649122807 0.2974683544303797 0.021929824561403508 0.03164556962025317
5 0.40131578947368424 0.23259493670886075 0.021929824561403508 0.03481012658227848
0 0.2982456140350877 0.5268987341772152 0.021929824561403508 0.03481012658227848
0 0.17214912280701755 0.015822784810126583 0.02412280701754386 0.03164556962025317
1 0.4901315789473684 0.35443037974683544 0.02412280701754386 0.0379746835443038
1 0.618421052631579 0.3259493670886076 0.021929824561403508 0.03164556962025317
1 0.5548245614035088 0.44145569620253167 0.021929824561403508 0.03481012658227848
1 0.7971491228070176 0.21835443037974683 0.02412280701754386 0.0379746835443038
1 0.8377192982456141 0.23417721518987342 0.02631578947368421 0.04430379746835443
4 0.13486842105263158 0.04588607594936709 0.010964912280701754 0.015822784810126583
3 0.9528508771929824 0.15031645569620253 0.08991228070175439 0.30063291139240506
3 0.9572368421052632 0.6598101265822784 0.08114035087719298 0.6740506329113924