3 0.9572072072072072 0.5 0.08558558558558559 0.9934640522875817
2 0.38738738738738737 0.6715686274509803 0.02252252252252252 0.042483660130718956
2 0.5180180180180181 0.6781045751633987 0.02702702702702703 0.042483660130718956
2 0.4864864864864865 0.7875816993464052 0.03153153153153153 0.0392156862745098
2 0.5315315315315315 0.5800653594771242 0.02702702702702703 0.042483660130718956
2 0.8558558558558559 0.8774509803921569 0.02702702702702703 0.042483660130718956
5 0.5394144144144144 0.7075163398692811 0.024774774774774775 0.03594771241830065
5 0.39414414414414417 0.7728758169934641 0.02252252252252252 0.03594771241830065
0 0.2894144144144144 0.46895424836601307 0.024774774774774775 0.03594771241830065
0 0.15990990990990991 0.988562091503268 0.02702702702702703 0.016339869281045753
1 0.6171171171171171 0.6781045751633987 0.02252252252252252 0.03594771241830065
1 0.5518018018018018 0.5571895424836601 0.02252252252252252 0.03594771241830065
1 0.8423423423423423 0.7728758169934641 0.02702702702702703 0.042483660130718956
1 0.8006756756756757 0.7859477124183006 0.024774774774774775 0.042483660130718956
1 0.48536036036036034 0.6454248366013072 0.024774774774774775 0.042483660130718956
4 0.11936936936936937 0.9673202614379085 0.013513513513513514 0.0196078431372549