3 0.9873417721518988 0.5 0.02109704641350211 1
3 0.06434599156118144 0.49847560975609756 0.12447257383966245 0.9969512195121951
2 0.620253164556962 0.3490853658536585 0.02109704641350211 0.039634146341463415
2 0.4978902953586498 0.3429878048780488 0.02531645569620253 0.039634146341463415
2 0.5274261603375527 0.24085365853658536 0.029535864978902954 0.036585365853658534
2 0.48523206751054854 0.4344512195121951 0.02531645569620253 0.039634146341463415
2 0.18143459915611815 0.15701219512195122 0.02531645569620253 0.039634146341463415
5 0.4778481012658228 0.3155487804878049 0.023206751054852322 0.03353658536585366
5 0.6139240506329114 0.2545731707317073 0.02109704641350211 0.03353658536585366
0 0.7120253164556962 0.538109756097561 0.023206751054852322 0.03353658536585366
0 0.8354430379746836 0.041158536585365856 0.02109704641350211 0.03353658536585366
1 0.4050632911392405 0.3429878048780488 0.02109704641350211 0.03353658536585366
1 0.46624472573839665 0.4557926829268293 0.02109704641350211 0.03353658536585366
1 0.1940928270042194 0.2545731707317073 0.02531645569620253 0.039634146341463415
1 0.23312236286919832 0.2423780487804878 0.023206751054852322 0.039634146341463415
1 0.5284810126582279 0.37347560975609756 0.023206751054852322 0.039634146341463415
4 0.8713080168776371 0.07317073170731707 0.012658227848101266 0.018292682926829267