3 0.9413716814159292 0.4983974358974359 0.11283185840707964 0.9967948717948718
2 0.3672566371681416 0.3541666666666667 0.022123893805309734 0.041666666666666664
2 0.49557522123893805 0.34775641025641024 0.02654867256637168 0.041666666666666664
2 0.4646017699115044 0.2403846153846154 0.030973451327433628 0.038461538461538464
2 0.5088495575221239 0.4439102564102564 0.02654867256637168 0.041666666666666664
2 0.827433628318584 0.15224358974358973 0.02654867256637168 0.041666666666666664
5 0.5165929203539823 0.3189102564102564 0.024336283185840708 0.035256410256410256
5 0.37389380530973454 0.2548076923076923 0.022123893805309734 0.035256410256410256
0 0.27101769911504425 0.5528846153846154 0.024336283185840708 0.035256410256410256
0 0.1415929203539823 0.030448717948717948 0.022123893805309734 0.035256410256410256
1 0.5929203539823009 0.34775641025641024 0.022123893805309734 0.035256410256410256
1 0.5287610619469026 0.46634615384615385 0.022123893805309734 0.035256410256410256
1 0.8141592920353983 0.2548076923076923 0.02654867256637168 0.041666666666666664
1 0.7732300884955752 0.2419871794871795 0.024336283185840708 0.041666666666666664
1 0.46349557522123896 0.3798076923076923 0.024336283185840708 0.041666666666666664
4 0.10398230088495575 0.0641025641025641 0.01327433628318584 0.019230769230769232