3 0.02066115702479339 0.49850299401197606 0.04132231404958678 0.9970059880239521
2 0.3894628099173554 0.36227544910179643 0.022727272727272728 0.03592814371257485
2 0.5092975206611571 0.35479041916167664 0.022727272727272728 0.038922155688622756
2 0.5227272727272727 0.44610778443113774 0.024793388429752067 0.03592814371257485
2 0.253099173553719 0.10179640718562874 0.022727272727272728 0.03592814371257485
2 0.5785123966942148 0.12125748502994012 0.024793388429752067 0.03293413173652695
5 0.39669421487603307 0.2679640718562874 0.02066115702479339 0.03293413173652695
5 0.5299586776859504 0.33083832335329344 0.01859504132231405 0.03293413173652695
0 0.18181818181818182 0.058383233532934134 0.02066115702479339 0.03293413173652695
0 0.1384297520661157 0.688622754491018 0.024793388429752067 0.03592814371257485
1 0.5402892561983471 0.4655688622754491 0.022727272727272728 0.03293413173652695
1 0.6012396694214877 0.3562874251497006 0.02066115702479339 0.03592814371257485
1 0.7696280991735537 0.2559880239520958 0.022727272727272728 0.038922155688622756
1 0.8078512396694215 0.2679640718562874 0.024793388429752067 0.04491017964071856
1 0.48037190082644626 0.38323353293413176 0.022727272727272728 0.041916167664670656
4 0.14566115702479338 0.09131736526946108 0.010330578512396695 0.014970059880239521
3 0.9369834710743802 0.08083832335329341 0.12190082644628099 0.16167664670658682
3 0.9369834710743802 0.5898203592814372 0.12190082644628099 0.8143712574850299