3 0.017634854771784232 0.49849397590361444 0.035269709543568464 0.9969879518072289
3 0.9336099585062241 0.49849397590361444 0.12863070539419086 0.9969879518072289
2 0.5186721991701245 0.4442771084337349 0.024896265560165973 0.0391566265060241
2 0.5051867219917012 0.3539156626506024 0.026970954356846474 0.0391566265060241
2 0.3848547717842324 0.35993975903614456 0.022821576763485476 0.03313253012048193
2 0.3454356846473029 0.06927710843373494 0.026970954356846474 0.03614457831325301
2 0.2479253112033195 0.09939759036144578 0.022821576763485476 0.03614457831325301
5 0.3921161825726141 0.26656626506024095 0.02074688796680498 0.03313253012048193
5 0.5269709543568465 0.32981927710843373 0.02074688796680498 0.03313253012048193
0 0.13278008298755187 0.6897590361445783 0.024896265560165973 0.03614457831325301
0 0.17531120331950206 0.05572289156626506 0.022821576763485476 0.0391566265060241
1 0.47614107883817425 0.38403614457831325 0.022821576763485476 0.0391566265060241
1 0.5373443983402489 0.46536144578313254 0.02074688796680498 0.03313253012048193
1 0.5975103734439834 0.35542168674698793 0.02074688796680498 0.030120481927710843
1 0.7655601659751037 0.2545180722891566 0.024896265560165973 0.03313253012048193
1 0.803941908713693 0.2680722891566265 0.022821576763485476 0.04216867469879518
4 0.1400414937759336 0.08734939759036145 0.01037344398340249 0.018072289156626505