3 0.9832635983263598 0.5 0.029288702928870293 0.9939393939393939
3 0.06589958158995816 0.5 0.12761506276150628 0.9939393939393939
2 0.4811715481171548 0.553030303030303 0.02510460251046025 0.03939393939393939
2 0.49476987447698745 0.6439393939393939 0.027196652719665274 0.03939393939393939
2 0.6161087866108786 0.6378787878787879 0.02301255230125523 0.03333333333333333
2 0.6558577405857741 0.9303030303030303 0.027196652719665274 0.03636363636363636
2 0.75418410041841 0.9 0.02301255230125523 0.03636363636363636
5 0.608786610878661 0.7318181818181818 0.02092050209205021 0.03333333333333333
5 0.47280334728033474 0.6681818181818182 0.02092050209205021 0.03333333333333333
0 0.8702928870292888 0.30606060606060603 0.02510460251046025 0.03636363636363636
0 0.8274058577405857 0.943939393939394 0.02301255230125523 0.03939393939393939
1 0.5240585774058577 0.6136363636363636 0.02301255230125523 0.03939393939393939
1 0.46234309623430964 0.5318181818181819 0.02092050209205021 0.03333333333333333
1 0.401673640167364 0.6424242424242425 0.02092050209205021 0.030303030303030304
1 0.23221757322175732 0.7439393939393939 0.02510460251046025 0.03333333333333333
1 0.19351464435146443 0.7303030303030303 0.02301255230125523 0.04242424242424243
4 0.8629707112970711 0.9121212121212121 0.010460251046025104 0.01818181818181818