3 0.020833333333333332 0.5 0.041666666666666664 0.9939393939393939
3 0.9427083333333334 0.5 0.11458333333333333 0.9939393939393939
2 0.6979166666666666 0.12878787878787878 0.025 0.03333333333333333
2 0.7625 0.26666666666666666 0.025 0.03636363636363636
2 0.75625 0.3090909090909091 0.025 0.030303030303030304
2 0.69375 0.33484848484848484 0.025 0.03333333333333333
2 0.7833333333333333 0.3212121212121212 0.025 0.03636363636363636
5 0.75 0.12878787878787878 0.020833333333333332 0.03333333333333333
5 0.5979166666666667 0.3333333333333333 0.020833333333333332 0.030303030303030304
0 0.7677083333333333 0.3515151515151515 0.022916666666666665 0.030303030303030304
0 0.7822916666666667 0.2803030303030303 0.022916666666666665 0.03333333333333333
1 0.55625 0.2636363636363636 0.020833333333333332 0.030303030303030304
1 0.740625 0.24848484848484848 0.022916666666666665 0.030303030303030304
1 0.70625 0.3893939393939394 0.025 0.03333333333333333
1 0.7197916666666667 0.33484848484848484 0.022916666666666665 0.03333333333333333
1 0.8520833333333333 0.31666666666666665 0.025 0.03333333333333333
4 0.740625 0.1484848484848485 0.010416666666666666 0.012121212121212121