3 0.0641304347826087 0.49841772151898733 0.12391304347826088 0.9968354430379747
2 0.3217391304347826 0.8528481012658228 0.02608695652173913 0.03481012658227848
2 0.2543478260869565 0.7088607594936709 0.02608695652173913 0.0379746835443038
2 0.2608695652173913 0.6645569620253164 0.02608695652173913 0.03164556962025317
2 0.32608695652173914 0.6376582278481012 0.02608695652173913 0.03481012658227848
2 0.2326086956521739 0.6518987341772152 0.02608695652173913 0.0379746835443038
5 0.2673913043478261 0.8528481012658228 0.021739130434782608 0.03481012658227848
5 0.4260869565217391 0.6392405063291139 0.021739130434782608 0.03164556962025317
0 0.24891304347826088 0.620253164556962 0.02391304347826087 0.03164556962025317
0 0.23369565217391305 0.694620253164557 0.02391304347826087 0.03481012658227848
1 0.46956521739130436 0.7120253164556962 0.021739130434782608 0.03164556962025317
1 0.27717391304347827 0.7278481012658228 0.02391304347826087 0.03164556962025317
1 0.3130434782608696 0.5806962025316456 0.02608695652173913 0.03481012658227848
1 0.29891304347826086 0.6376582278481012 0.02391304347826087 0.03481012658227848
1 0.1608695652173913 0.6566455696202531 0.02608695652173913 0.03481012658227848
4 0.27717391304347827 0.8322784810126582 0.010869565217391304 0.012658227848101266