3 0.9899553571428571 0.5 0.015625 0.9935483870967742
3 0.04017857142857143 0.5 0.07589285714285714 0.9935483870967742
2 0.2767857142857143 0.11129032258064517 0.026785714285714284 0.035483870967741936
2 0.20758928571428573 0.25806451612903225 0.026785714285714284 0.03870967741935484
2 0.21428571428571427 0.3032258064516129 0.026785714285714284 0.03225806451612903
2 0.28125 0.33064516129032256 0.026785714285714284 0.035483870967741936
2 0.18526785714285715 0.3161290322580645 0.026785714285714284 0.03870967741935484
5 0.22098214285714285 0.11129032258064517 0.022321428571428572 0.035483870967741936
5 0.38392857142857145 0.32903225806451614 0.022321428571428572 0.03225806451612903
0 0.20200892857142858 0.34838709677419355 0.024553571428571428 0.03225806451612903
0 0.18638392857142858 0.2725806451612903 0.024553571428571428 0.035483870967741936
1 0.42857142857142855 0.25483870967741934 0.022321428571428572 0.03225806451612903
1 0.23102678571428573 0.23870967741935484 0.024553571428571428 0.03225806451612903
1 0.26785714285714285 0.38870967741935486 0.026785714285714284 0.035483870967741936
1 0.2533482142857143 0.33064516129032256 0.024553571428571428 0.035483870967741936
1 0.11160714285714286 0.31129032258064515 0.026785714285714284 0.035483870967741936
4 0.23102678571428573 0.13225806451612904 0.011160714285714286 0.012903225806451613