3 0.9464285714285714 0.49838709677419357 0.10267857142857142 0.9967741935483871
2 0.5189732142857143 0.43709677419354837 0.029017857142857144 0.041935483870967745
2 0.5044642857142857 0.3403225806451613 0.026785714285714284 0.041935483870967745
2 0.375 0.3467741935483871 0.026785714285714284 0.041935483870967745
2 0.2265625 0.06774193548387097 0.029017857142857144 0.04516129032258064
5 0.3828125 0.2467741935483871 0.024553571428571428 0.041935483870967745
5 0.5256696428571429 0.31290322580645163 0.024553571428571428 0.03870967741935484
0 0.10267857142857142 0.7 0.026785714285714284 0.03870967741935484
0 0.1484375 0.02258064516129032 0.024553571428571428 0.03870967741935484
1 0.6026785714285714 0.3403225806451613 0.022321428571428572 0.035483870967741936
1 0.5368303571428571 0.45806451612903226 0.024553571428571428 0.03870967741935484
1 0.8236607142857143 0.2467741935483871 0.026785714285714284 0.041935483870967745
1 0.8113839285714286 0.18225806451612903 0.024553571428571428 0.041935483870967745
1 0.47098214285714285 0.3725806451612903 0.026785714285714284 0.041935483870967745
4 0.8236607142857143 0.5790322580645161 0.013392857142857142 0.02258064516129032