3 0.023809523809523808 0.49842767295597484 0.047619047619047616 0.9968553459119497
3 0.9577922077922078 0.49842767295597484 0.08008658008658008 0.9968553459119497
2 0.553030303030303 0.4638364779874214 0.02813852813852814 0.040880503144654086
2 0.538961038961039 0.3694968553459119 0.025974025974025976 0.040880503144654086
2 0.4134199134199134 0.3757861635220126 0.025974025974025976 0.040880503144654086
2 0.2694805194805195 0.10377358490566038 0.02813852813852814 0.0440251572327044
2 0.19155844155844157 0.018867924528301886 0.023809523809523808 0.03773584905660377
5 0.420995670995671 0.2783018867924528 0.023809523809523808 0.040880503144654086
5 0.5595238095238095 0.34276729559748426 0.023809523809523808 0.03773584905660377
0 0.14935064935064934 0.720125786163522 0.025974025974025976 0.03773584905660377
0 0.1937229437229437 0.059748427672955975 0.023809523809523808 0.03773584905660377
1 0.6341991341991342 0.3694968553459119 0.021645021645021644 0.03459119496855346
1 0.5703463203463204 0.48427672955974843 0.023809523809523808 0.03773584905660377
1 0.8484848484848485 0.2783018867924528 0.025974025974025976 0.040880503144654086
1 0.8365800865800865 0.21540880503144655 0.023809523809523808 0.040880503144654086
1 0.5064935064935064 0.4009433962264151 0.025974025974025976 0.040880503144654086
4 0.8484848484848485 0.6022012578616353 0.012987012987012988 0.0220125786163522