3 0.9847826086956522 0.5 0.02608695652173913 1
3 0.05 0.49841772151898733 0.09565217391304348 0.9968354430379747
2 0.4641304347826087 0.42563291139240506 0.02826086956521739 0.04113924050632911
2 0.4782608695652174 0.33069620253164556 0.02608695652173913 0.04113924050632911
2 0.6043478260869565 0.3370253164556962 0.02608695652173913 0.04113924050632911
2 0.7489130434782608 0.06329113924050633 0.02826086956521739 0.04430379746835443
5 0.5967391304347827 0.2389240506329114 0.02391304347826087 0.04113924050632911
5 0.45760869565217394 0.3037974683544304 0.02391304347826087 0.0379746835443038
0 0.8695652173913043 0.6835443037974683 0.02608695652173913 0.0379746835443038
0 0.825 0.0189873417721519 0.02391304347826087 0.0379746835443038
1 0.3826086956521739 0.33069620253164556 0.021739130434782608 0.03481012658227848
1 0.4467391304347826 0.4462025316455696 0.02391304347826087 0.0379746835443038
1 0.1673913043478261 0.2389240506329114 0.02608695652173913 0.04113924050632911
1 0.1793478260869565 0.17563291139240506 0.02391304347826087 0.04113924050632911
1 0.5108695652173914 0.3623417721518987 0.02608695652173913 0.04113924050632911
4 0.1673913043478261 0.564873417721519 0.013043478260869565 0.022151898734177215