3 0.022821576763485476 0.5 0.04564315352697095 0.9939759036144579
3 0.9398340248962656 0.5 0.12033195020746888 0.9939759036144579
2 0.18360995850622408 0.9804216867469879 0.026970954356846474 0.03313253012048193
2 0.25622406639004147 0.9006024096385542 0.022821576763485476 0.03614457831325301
2 0.3941908713692946 0.6385542168674698 0.02074688796680498 0.030120481927710843
2 0.5145228215767634 0.6460843373493976 0.024896265560165973 0.03313253012048193
2 0.5280082987551867 0.5542168674698795 0.022821576763485476 0.03614457831325301
5 0.4004149377593361 0.733433734939759 0.02074688796680498 0.03313253012048193
5 0.5342323651452282 0.6716867469879518 0.01867219917012448 0.030120481927710843
0 0.1400414937759336 0.30873493975903615 0.022821576763485476 0.03313253012048193
0 0.18360995850622408 0.9442771084337349 0.022821576763485476 0.03313253012048193
1 0.48443983402489627 0.6174698795180723 0.022821576763485476 0.04216867469879518
1 0.5456431535269709 0.5346385542168675 0.02074688796680498 0.03313253012048193
1 0.6058091286307054 0.6460843373493976 0.02074688796680498 0.03313253012048193
1 0.8122406639004149 0.7319277108433735 0.026970954356846474 0.04216867469879518
1 0.7987551867219918 0.7951807228915663 0.024896265560165973 0.04216867469879518
4 0.770746887966805 0.5768072289156626 0.01037344398340249 0.015060240963855422