3 0.0198744769874477 0.5 0.0397489539748954 0.9939393939393939
3 0.9403765690376569 0.5 0.1192468619246862 0.9939393939393939
2 0.1799163179916318 0.9848484848484849 0.029288702928870293 0.024242424242424242
2 0.252092050209205 0.9121212121212121 0.02301255230125523 0.03636363636363636
2 0.3912133891213389 0.6484848484848484 0.02092050209205021 0.030303030303030304
2 0.5125523012552301 0.656060606060606 0.02510460251046025 0.03333333333333333
2 0.5261506276150628 0.5636363636363636 0.02301255230125523 0.03636363636363636
5 0.39748953974895396 0.7439393939393939 0.02092050209205021 0.03333333333333333
5 0.5324267782426778 0.6818181818181818 0.01882845188284519 0.030303030303030304
0 0.13493723849372385 0.31666666666666665 0.02301255230125523 0.03333333333333333
0 0.1788702928870293 0.956060606060606 0.02301255230125523 0.03333333333333333
1 0.48221757322175735 0.6272727272727273 0.02301255230125523 0.04242424242424243
1 0.5439330543933054 0.543939393939394 0.02092050209205021 0.03333333333333333
1 0.604602510460251 0.656060606060606 0.02092050209205021 0.03333333333333333
1 0.8127615062761506 0.7424242424242424 0.027196652719665274 0.04242424242424243
1 0.799163179916318 0.806060606060606 0.02510460251046025 0.04242424242424243
4 0.7709205020920502 0.5863636363636363 0.010460251046025104 0.015151515151515152