3 0.9811715481171548 0.5 0.03347280334728033 0.9939393939393939
3 0.06380753138075314 0.5 0.12343096234309624 0.9939393939393939
2 0.6108786610878661 0.6409090909090909 0.02092050209205021 0.03333333333333333
2 0.4895397489539749 0.6484848484848484 0.02510460251046025 0.04242424242424243
2 0.47594142259414224 0.5545454545454546 0.02301255230125523 0.03636363636363636
2 0.5669456066945606 0.8803030303030303 0.029288702928870293 0.03939393939393939
2 0.7489539748953975 0.9045454545454545 0.02510460251046025 0.03939393939393939
5 0.604602510460251 0.7348484848484849 0.02092050209205021 0.03333333333333333
5 0.4696652719665272 0.6727272727272727 0.01882845188284519 0.030303030303030304
0 0.8232217573221757 0.9454545454545454 0.02301255230125523 0.03636363636363636
0 0.8671548117154811 0.30757575757575756 0.02301255230125523 0.03333333333333333
1 0.4581589958158996 0.5348484848484848 0.02092050209205021 0.03333333333333333
1 0.3713389121338912 0.5833333333333334 0.02301255230125523 0.03939393939393939
1 0.39748953974895396 0.646969696969697 0.02092050209205021 0.03939393939393939
1 0.20292887029288703 0.7954545454545454 0.02510460251046025 0.03939393939393939
1 0.5198744769874477 0.6181818181818182 0.02301255230125523 0.03636363636363636
4 0.23326359832635984 0.5833333333333334 0.010460251046025104 0.015151515151515152