3 0.9914893617021276 0.5 0.01276595744680851 0.9938271604938271
3 0.06595744680851064 0.5 0.1276595744680851 0.9938271604938271
2 0.625531914893617 0.6589506172839507 0.02127659574468085 0.033950617283950615
2 0.502127659574468 0.6651234567901234 0.02127659574468085 0.033950617283950615
2 0.48936170212765956 0.5725308641975309 0.02553191489361702 0.033950617283950615
2 0.23191489361702128 0.7530864197530864 0.029787234042553193 0.037037037037037035
2 0.7670212765957447 0.9259259259259259 0.027659574468085105 0.037037037037037035
5 0.6191489361702127 0.7546296296296297 0.02127659574468085 0.033950617283950615
5 0.4808510638297872 0.691358024691358 0.02127659574468085 0.030864197530864196
0 0.8414893617021276 0.9691358024691358 0.023404255319148935 0.037037037037037035
0 0.8861702127659574 0.3194444444444444 0.023404255319148935 0.033950617283950615
1 0.4702127659574468 0.5509259259259259 0.02127659574468085 0.033950617283950615
1 0.5329787234042553 0.6358024691358025 0.023404255319148935 0.037037037037037035
1 0.38085106382978723 0.6003086419753086 0.02127659574468085 0.033950617283950615
1 0.4085106382978723 0.6651234567901234 0.02127659574468085 0.033950617283950615
1 0.20957446808510638 0.8132716049382716 0.023404255319148935 0.033950617283950615
4 0.24148936170212765 0.6003086419753086 0.010638297872340425 0.015432098765432098