3 0.9851694915254238 0.5 0.025423728813559324 1
3 0.06038135593220339 0.49846625766871167 0.11652542372881355 0.9969325153374233
2 0.423728813559322 0.5398773006134969 0.025423728813559324 0.03680981595092025
2 0.4788135593220339 0.4386503067484663 0.025423728813559324 0.03680981595092025
2 0.614406779661017 0.3512269938650307 0.0211864406779661 0.03374233128834356
2 0.4915254237288136 0.3450920245398773 0.025423728813559324 0.03374233128834356
2 0.7542372881355932 0.08588957055214724 0.025423728813559324 0.03680981595092025
5 0.4713983050847458 0.31901840490797545 0.019067796610169493 0.03067484662576687
5 0.6080508474576272 0.25766871165644173 0.0211864406779661 0.03067484662576687
0 0.5 0.19325153374233128 0.029661016949152543 0.03680981595092025
0 0.8739406779661016 0.6886503067484663 0.023305084745762712 0.03374233128834356
1 0.4597457627118644 0.45858895705521474 0.0211864406779661 0.03374233128834356
1 0.5233050847457628 0.37576687116564417 0.0211864406779661 0.03374233128834356
1 0.3707627118644068 0.4110429447852761 0.025423728813559324 0.03680981595092025
1 0.3983050847457627 0.3450920245398773 0.0211864406779661 0.03374233128834356
1 0.20021186440677965 0.19631901840490798 0.023305084745762712 0.03680981595092025
4 0.2309322033898305 0.40950920245398775 0.012711864406779662 0.015337423312883436