3 0.9892241379310345 0.5 0.017241379310344827 1
3 0.052801724137931036 0.4984375 0.10129310344827586 0.996875
2 0.2963362068965517 0.8640625 0.023706896551724137 0.034375
2 0.23060344827586207 0.721875 0.02586206896551724 0.03125
2 0.23706896551724138 0.6796875 0.021551724137931036 0.028125
2 0.3017241379310345 0.65 0.02586206896551724 0.03125
2 0.20905172413793102 0.665625 0.02586206896551724 0.0375
5 0.40086206896551724 0.653125 0.021551724137931036 0.03125
5 0.2435344827586207 0.8640625 0.021551724137931036 0.034375
0 0.2101293103448276 0.70625 0.023706896551724137 0.03125
0 0.2252155172413793 0.634375 0.023706896551724137 0.03125
1 0.25538793103448276 0.740625 0.023706896551724137 0.03125
1 0.13900862068965517 0.66875 0.023706896551724137 0.03125
1 0.27370689655172414 0.653125 0.021551724137931036 0.03125
1 0.28771551724137934 0.59375 0.023706896551724137 0.03125
1 0.44396551724137934 0.7234375 0.021551724137931036 0.028125
4 0.25323275862068967 0.84375 0.010775862068965518 0.0125