3 0.007446808510638298 0.4984567901234568 0.014893617021276596 0.9969135802469136
3 0.9351063829787234 0.08487654320987655 0.125531914893617 0.1697530864197531
2 0.5659574468085107 0.5555555555555556 0.02553191489361702 0.037037037037037035
2 0.37446808510638296 0.36574074074074076 0.02127659574468085 0.033950617283950615
2 0.4968085106382979 0.35802469135802467 0.023404255319148935 0.037037037037037035
2 0.5106382978723404 0.4521604938271605 0.02553191489361702 0.040123456790123455
2 0.23404255319148937 0.09876543209876543 0.02553191489361702 0.037037037037037035
5 0.5170212765957447 0.3333333333333333 0.02127659574468085 0.030864197530864196
5 0.3797872340425532 0.2716049382716049 0.023404255319148935 0.037037037037037035
0 0.7276595744680852 0.470679012345679 0.02127659574468085 0.033950617283950615
0 0.1148936170212766 0.7037037037037037 0.02553191489361702 0.037037037037037035
1 0.5297872340425532 0.4737654320987654 0.02127659574468085 0.033950617283950615
1 0.6180851063829788 0.4243827160493827 0.023404255319148935 0.033950617283950615
1 0.5914893617021276 0.3595679012345679 0.02127659574468085 0.033950617283950615
1 0.6404255319148936 0.30092592592592593 0.02553191489361702 0.033950617283950615
1 0.46702127659574466 0.3873456790123457 0.023404255319148935 0.040123456790123455
4 0.7585106382978724 0.4243827160493827 0.010638297872340425 0.015432098765432098
3 0.9382978723404255 0.6018518518518519 0.11914893617021277 0.7901234567901234