3 0.9772727272727273 0.2964071856287425 0.04132231404958678 0.592814371257485
3 0.06301652892561983 0.49850299401197606 0.12190082644628099 0.9970059880239521
2 0.5929752066115702 0.6152694610778443 0.02066115702479339 0.03293413173652695
2 0.4555785123966942 0.5404191616766467 0.022727272727272728 0.038922155688622756
2 0.42045454545454547 0.5419161676646707 0.022727272727272728 0.03592814371257485
2 0.47417355371900827 0.4416167664670659 0.022727272727272728 0.038922155688622756
2 0.48863636363636365 0.3502994011976048 0.022727272727272728 0.03592814371257485
5 0.48760330578512395 0.2679640718562874 0.02066115702479339 0.03293413173652695
5 0.5092975206611571 0.2275449101796407 0.022727272727272728 0.03592814371257485
0 0.6663223140495868 0.36676646706586824 0.026859504132231406 0.038922155688622756
0 0.2644628099173554 0.45808383233532934 0.02066115702479339 0.03592814371257485
1 0.5175619834710744 0.38023952095808383 0.022727272727272728 0.03592814371257485
1 0.5092975206611571 0.33083832335329344 0.022727272727272728 0.038922155688622756
1 0.36983471074380164 0.4161676646706587 0.024793388429752067 0.03592814371257485
1 0.40392561983471076 0.47754491017964074 0.022727272727272728 0.03293413173652695
1 0.45661157024793386 0.46107784431137727 0.02066115702479339 0.03592814371257485
4 0.4194214876033058 0.2634730538922156 0.008264462809917356 0.011976047904191617
3 0.984504132231405 0.8398203592814372 0.026859504132231406 0.3203592814371258