3 0.06136363636363636 0.5 0.11818181818181818 0.993421052631579
2 0.634090909090909 0.36348684210526316 0.022727272727272728 0.03618421052631579
2 0.48295454545454547 0.4457236842105263 0.025 0.04276315789473684
2 0.44431818181818183 0.4440789473684211 0.025 0.039473684210526314
2 0.5034090909090909 0.5542763157894737 0.025 0.04276315789473684
2 0.5193181818181818 0.6546052631578947 0.025 0.039473684210526314
5 0.5181818181818182 0.7450657894736842 0.022727272727272728 0.03618421052631579
5 0.5420454545454545 0.7894736842105263 0.025 0.039473684210526314
0 0.7147727272727272 0.6365131578947368 0.029545454545454545 0.04276315789473684
0 0.2727272727272727 0.5361842105263158 0.022727272727272728 0.039473684210526314
1 0.5511363636363636 0.6217105263157895 0.025 0.039473684210526314
1 0.5420454545454545 0.6759868421052632 0.025 0.04276315789473684
1 0.3886363636363636 0.5822368421052632 0.02727272727272727 0.039473684210526314
1 0.42613636363636365 0.5148026315789473 0.025 0.03618421052631579
1 0.48409090909090907 0.5328947368421053 0.022727272727272728 0.039473684210526314
4 0.4431818181818182 0.75 0.00909090909090909 0.013157894736842105