3 0.9875 0.5 0.020454545454545454 0.993421052631579
3 0.03409090909090909 0.5 0.06363636363636363 0.993421052631579
2 0.2943181818181818 0.04276315789473684 0.025 0.039473684210526314
2 0.4034090909090909 0.3404605263157895 0.025 0.03618421052631579
2 0.30568181818181817 0.4144736842105263 0.029545454545454545 0.039473684210526314
2 0.07613636363636364 0.6578947368421053 0.029545454545454545 0.039473684210526314
5 0.5920454545454545 0.6052631578947368 0.025 0.039473684210526314
5 0.6306818181818182 0.7993421052631579 0.025 0.039473684210526314
0 0.31136363636363634 0.7648026315789473 0.022727272727272728 0.03618421052631579
0 0.21477272727272728 0.5032894736842105 0.025 0.039473684210526314
1 0.3534090909090909 0.6381578947368421 0.025 0.039473684210526314
1 0.7159090909090909 0.4144736842105263 0.02727272727272727 0.039473684210526314
1 0.6875 0.22697368421052633 0.025 0.039473684210526314
1 0.425 0.046052631578947366 0.022727272727272728 0.039473684210526314
1 0.2727272727272727 0.9111842105263158 0.02727272727272727 0.039473684210526314
4 0.38636363636363635 0.7203947368421053 0.00909090909090909 0.013157894736842105