3 0.023026315789473683 0.5 0.046052631578947366 0.9936708860759493
3 0.9627192982456141 0.5 0.07456140350877193 0.9936708860759493
2 0.4407894736842105 0.03955696202531646 0.02631578947368421 0.04113924050632911
2 0.7028508771929824 0.0981012658227848 0.02412280701754386 0.0379746835443038
2 0.5975877192982456 0.38449367088607594 0.02412280701754386 0.03481012658227848
2 0.6918859649122807 0.45569620253164556 0.02850877192982456 0.0379746835443038
2 0.9133771929824561 0.689873417721519 0.02850877192982456 0.0379746835443038
5 0.4155701754385965 0.6392405063291139 0.02412280701754386 0.0379746835443038
5 0.3782894736842105 0.8259493670886076 0.02412280701754386 0.0379746835443038
0 0.6864035087719298 0.7927215189873418 0.021929824561403508 0.03481012658227848
0 0.7796052631578947 0.5411392405063291 0.02412280701754386 0.0379746835443038
1 0.6458333333333334 0.6708860759493671 0.02412280701754386 0.0379746835443038
1 0.29605263157894735 0.45569620253164556 0.02631578947368421 0.0379746835443038
1 0.32346491228070173 0.27531645569620256 0.02412280701754386 0.0379746835443038
1 0.5767543859649122 0.10126582278481013 0.021929824561403508 0.0379746835443038
1 0.7236842105263158 0.9335443037974683 0.02631578947368421 0.0379746835443038
4 0.6140350877192983 0.75 0.008771929824561403 0.012658227848101266