3 0.9810126582278481 0.5 0.03375527426160337 1
3 0.05907172995780591 0.49847560975609756 0.11392405063291139 0.9969512195121951
2 0.5822784810126582 0.9496951219512195 0.02531645569620253 0.039634146341463415
2 0.33016877637130804 0.8932926829268293 0.023206751054852322 0.036585365853658534
2 0.43143459915611815 0.6173780487804879 0.023206751054852322 0.03353658536585366
2 0.3407172995780591 0.5487804878048781 0.027426160337552744 0.036585365853658534
2 0.12763713080168776 0.3231707317073171 0.027426160337552744 0.036585365853658534
5 0.6065400843881856 0.3719512195121951 0.023206751054852322 0.036585365853658534
5 0.6424050632911392 0.19207317073170732 0.023206751054852322 0.036585365853658534
0 0.3459915611814346 0.22408536585365854 0.02109704641350211 0.03353658536585366
0 0.2563291139240506 0.46646341463414637 0.023206751054852322 0.036585365853658534
1 0.3850210970464135 0.34146341463414637 0.023206751054852322 0.036585365853658534
1 0.7215189873417721 0.5487804878048781 0.02531645569620253 0.036585365853658534
1 0.6951476793248945 0.7225609756097561 0.023206751054852322 0.036585365853658534
1 0.45147679324894513 0.8902439024390244 0.02109704641350211 0.036585365853658534
1 0.310126582278481 0.08841463414634146 0.02531645569620253 0.036585365853658534
4 0.41561181434599154 0.2652439024390244 0.008438818565400843 0.012195121951219513