3 0.9304932735426009 0.49837662337662336 0.13452914798206278 0.9967532467532467
2 0.3654708520179372 0.9707792207792207 0.026905829596412557 0.03896103896103896
2 0.6311659192825112 0.9090909090909091 0.02466367713004484 0.045454545454545456
2 0.5280269058295964 0.6168831168831169 0.02466367713004484 0.03896103896103896
2 0.6233183856502242 0.5422077922077922 0.026905829596412557 0.03896103896103896
2 0.8486547085201793 0.30194805194805197 0.02914798206278027 0.045454545454545456
5 0.3396860986547085 0.3522727272727273 0.02466367713004484 0.03571428571428571
5 0.30269058295964124 0.16396103896103897 0.02242152466367713 0.03571428571428571
0 0.6177130044843049 0.19480519480519481 0.02466367713004484 0.03896103896103896
0 0.7118834080717489 0.4512987012987013 0.02466367713004484 0.03896103896103896
1 0.5762331838565022 0.3198051948051948 0.02242152466367713 0.04220779220779221
1 0.26121076233183854 0.5292207792207793 0.02914798206278027 0.03896103896103896
1 0.21748878923766815 0.5422077922077922 0.026905829596412557 0.03896103896103896
1 0.24663677130044842 0.7256493506493507 0.026905829596412557 0.04220779220779221
1 0.5044843049327354 0.9042207792207793 0.02242152466367713 0.03571428571428571
4 0.5426008968609866 0.24025974025974026 0.008968609865470852 0.012987012987012988