3 0.018008474576271187 0.5 0.036016949152542374 0.9938650306748467
3 0.9438559322033898 0.5 0.11228813559322035 0.9938650306748467
2 0.4173728813559322 0.06748466257668712 0.025423728813559324 0.03680981595092025
2 0.6684322033898306 0.12576687116564417 0.023305084745762712 0.04294478527607362
2 0.5709745762711864 0.401840490797546 0.023305084745762712 0.03680981595092025
2 0.6610169491525424 0.4723926380368098 0.025423728813559324 0.03680981595092025
2 0.8739406779661016 0.6993865030674846 0.02754237288135593 0.04294478527607362
5 0.3930084745762712 0.651840490797546 0.023305084745762712 0.03374233128834356
5 0.3580508474576271 0.8297546012269938 0.0211864406779661 0.03374233128834356
0 0.6557203389830508 0.8006134969325154 0.023305084745762712 0.03680981595092025
0 0.7447033898305084 0.558282208588957 0.023305084745762712 0.03680981595092025
1 0.6165254237288136 0.6825153374233128 0.0211864406779661 0.03987730061349693
1 0.3188559322033898 0.48466257668711654 0.02754237288135593 0.03680981595092025
1 0.2775423728813559 0.4723926380368098 0.025423728813559324 0.03680981595092025
1 0.3050847457627119 0.299079754601227 0.025423728813559324 0.03987730061349693
1 0.548728813559322 0.1303680981595092 0.0211864406779661 0.03374233128834356
4 0.5847457627118644 0.7576687116564417 0.00847457627118644 0.012269938650306749