3 0.9935897435897436 0.5 0.008547008547008548 0.9937888198757764
3 0.0673076923076923 0.8804347826086957 0.13034188034188035 0.2329192546583851
2 0.6036324786324786 0.027950310559006212 0.023504273504273504 0.037267080745341616
2 0.34935897435897434 0.08850931677018634 0.023504273504273504 0.034161490683229816
2 0.4497863247863248 0.36645962732919257 0.023504273504273504 0.031055900621118012
2 0.35683760683760685 0.43788819875776397 0.02564102564102564 0.037267080745341616
2 0.30982905982905984 0.5093167701863354 0.02564102564102564 0.037267080745341616
5 0.6271367521367521 0.6195652173913043 0.023504273504273504 0.034161490683229816
5 0.6634615384615384 0.7996894409937888 0.023504273504273504 0.034161490683229816
0 0.3162393162393162 0.4363354037267081 0.02564102564102564 0.034161490683229816
0 0.36217948717948717 0.7686335403726708 0.023504273504273504 0.034161490683229816
1 0.7435897435897436 0.43788819875776397 0.02564102564102564 0.037267080745341616
1 0.7393162393162394 0.3695652173913043 0.02564102564102564 0.037267080745341616
1 0.7158119658119658 0.26242236024844723 0.02564102564102564 0.040372670807453416
1 0.6143162393162394 0.2593167701863354 0.023504273504273504 0.040372670807453416
1 0.4700854700854701 0.09006211180124224 0.021367521367521368 0.037267080745341616
4 0.4337606837606838 0.7282608695652174 0.01282051282051282 0.015527950310559006
3 0.06196581196581197 0.36180124223602483 0.11965811965811966 0.717391304347826