3 0.9774590163934426 0.5 0.040983606557377046 1
3 0.06659836065573771 0.49851632047477745 0.1290983606557377 0.9970326409495549
2 0.7653688524590164 0.31008902077151335 0.02663934426229508 0.03857566765578635
2 0.617827868852459 0.41543026706231456 0.02663934426229508 0.03560830860534125
2 0.7725409836065574 0.2344213649851632 0.02459016393442623 0.03560830860534125
2 0.3442622950819672 0.4807121661721068 0.020491803278688523 0.02967359050445104
2 0.36885245901639346 0.6735905044510386 0.02459016393442623 0.03560830860534125
5 0.3719262295081967 0.798219584569733 0.022540983606557378 0.02967359050445104
5 0.7377049180327869 0.24925816023738873 0.020491803278688523 0.02967359050445104
0 0.39139344262295084 0.17655786350148367 0.020491803278688523 0.032640949554896145
0 0.42315573770491804 0.4020771513353116 0.018442622950819672 0.032640949554896145
1 0.7346311475409836 0.3768545994065282 0.022540983606557378 0.02967359050445104
1 0.4334016393442623 0.4762611275964392 0.022540983606557378 0.032640949554896145
1 0.27049180327868855 0.46142433234421365 0.02459016393442623 0.03857566765578635
1 0.18237704918032788 0.701780415430267 0.020491803278688523 0.032640949554896145
1 0.18954918032786885 0.30415430267062316 0.022540983606557378 0.03857566765578635
4 0.40061475409836067 0.46439169139465875 0.010245901639344262 0.01483679525222552