3 0.9774590163934426 0.5 0.040983606557377046 0.9940652818991098
3 0.06762295081967214 0.5 0.13114754098360656 0.9940652818991098
2 0.7653688524590164 0.6899109792284867 0.02663934426229508 0.03857566765578635
2 0.617827868852459 0.5845697329376854 0.02663934426229508 0.03560830860534125
2 0.7725409836065574 0.7655786350148368 0.02459016393442623 0.03560830860534125
2 0.3442622950819672 0.5192878338278932 0.020491803278688523 0.02967359050445104
2 0.36885245901639346 0.3264094955489614 0.02459016393442623 0.03560830860534125
5 0.3719262295081967 0.20178041543026706 0.022540983606557378 0.02967359050445104
5 0.7377049180327869 0.7507418397626113 0.020491803278688523 0.02967359050445104
0 0.39139344262295084 0.8234421364985163 0.020491803278688523 0.032640949554896145
0 0.42315573770491804 0.5979228486646885 0.018442622950819672 0.032640949554896145
1 0.7346311475409836 0.6231454005934718 0.022540983606557378 0.02967359050445104
1 0.4334016393442623 0.5237388724035609 0.022540983606557378 0.032640949554896145
1 0.27049180327868855 0.5385756676557863 0.02459016393442623 0.03857566765578635
1 0.18237704918032788 0.29821958456973297 0.020491803278688523 0.032640949554896145
1 0.18954918032786885 0.6958456973293768 0.022540983606557378 0.03857566765578635
4 0.40061475409836067 0.5356083086053413 0.010245901639344262 0.01483679525222552