3 0.9369266055045872 0.49833333333333335 0.12155963302752294 0.9966666666666667
2 0.6387614678899083 0.92 0.02522935779816514 0.04
2 0.5321100917431193 0.62 0.022935779816513763 0.04
2 0.6295871559633027 0.5416666666666666 0.02981651376146789 0.043333333333333335
2 0.6811926605504587 0.4666666666666667 0.027522935779816515 0.04
2 0.47706422018348627 0.7866666666666666 0.03211009174311927 0.04666666666666667
5 0.3394495412844037 0.35 0.022935779816513763 0.03333333333333333
5 0.30275229357798167 0.15333333333333332 0.022935779816513763 0.03333333333333333
0 0.6238532110091743 0.18666666666666668 0.022935779816513763 0.04
0 0.6754587155963303 0.545 0.02522935779816514 0.043333333333333335
1 0.5103211009174312 0.9166666666666666 0.02522935779816514 0.04
1 0.3302752293577982 0.805 0.022935779816513763 0.03666666666666667
1 0.24541284403669725 0.73 0.027522935779816515 0.04666666666666667
1 0.22018348623853212 0.62 0.027522935779816515 0.04
1 0.21559633027522937 0.5416666666666666 0.027522935779816515 0.043333333333333335
4 0.5481651376146789 0.235 0.009174311926605505 0.016666666666666666