3 0.017094017094017096 0.5 0.03418803418803419 0.9937888198757764
3 0.9465811965811965 0.5 0.10683760683760683 0.9937888198757764
2 0.6720085470085471 0.10559006211180125 0.023504273504273504 0.037267080745341616
2 0.5726495726495726 0.38509316770186336 0.021367521367521368 0.037267080745341616
2 0.6634615384615384 0.4580745341614907 0.027777777777777776 0.040372670807453416
2 0.7115384615384616 0.5279503105590062 0.02564102564102564 0.037267080745341616
2 0.5213675213675214 0.22981366459627328 0.029914529914529916 0.043478260869565216
5 0.39316239316239315 0.6366459627329193 0.021367521367521368 0.031055900621118012
5 0.358974358974359 0.8198757763975155 0.021367521367521368 0.031055900621118012
0 0.6581196581196581 0.7888198757763976 0.021367521367521368 0.037267080745341616
0 0.7061965811965812 0.4549689440993789 0.023504273504273504 0.040372670807453416
1 0.5523504273504274 0.10869565217391304 0.023504273504273504 0.037267080745341616
1 0.38461538461538464 0.2127329192546584 0.021367521367521368 0.034161490683229816
1 0.3055555555555556 0.2826086956521739 0.02564102564102564 0.043478260869565216
1 0.28205128205128205 0.38509316770186336 0.02564102564102564 0.037267080745341616
1 0.2777777777777778 0.4580745341614907 0.02564102564102564 0.040372670807453416
4 0.5876068376068376 0.7437888198757764 0.008547008547008548 0.015527950310559006