3 0.01847826086956522 0.49841772151898733 0.03695652173913044 0.9968354430379747
3 0.9554347826086956 0.49841772151898733 0.08478260869565217 0.9968354430379747
2 0.6880434782608695 0.9272151898734177 0.02391304347826087 0.0379746835443038
2 0.5869565217391305 0.6424050632911392 0.021739130434782608 0.0379746835443038
2 0.6793478260869565 0.5680379746835443 0.02826086956521739 0.04113924050632911
2 0.7282608695652174 0.49683544303797467 0.02608695652173913 0.0379746835443038
2 0.5347826086956522 0.8006329113924051 0.030434782608695653 0.04430379746835443
5 0.4043478260869565 0.3860759493670886 0.021739130434782608 0.03164556962025317
5 0.3695652173913043 0.19936708860759494 0.021739130434782608 0.03164556962025317
0 0.6739130434782609 0.2310126582278481 0.021739130434782608 0.0379746835443038
0 0.7228260869565217 0.5712025316455697 0.02391304347826087 0.04113924050632911
1 0.566304347826087 0.9240506329113924 0.02391304347826087 0.0379746835443038
1 0.39565217391304347 0.8180379746835443 0.021739130434782608 0.03481012658227848
1 0.31521739130434784 0.7468354430379747 0.02608695652173913 0.04430379746835443
1 0.29130434782608694 0.6424050632911392 0.02608695652173913 0.0379746835443038
1 0.28695652173913044 0.5680379746835443 0.02608695652173913 0.04113924050632911
4 0.6021739130434782 0.27689873417721517 0.008695652173913044 0.015822784810126583