3 0.05044843049327354 0.5 0.09641255605381166 0.9935064935064936
2 0.3273542600896861 0.0633116883116883 0.026905829596412557 0.04220779220779221
2 0.4304932735426009 0.3555194805194805 0.02242152466367713 0.03571428571428571
2 0.29260089686098656 0.4675324675324675 0.02914798206278027 0.03896103896103896
2 0.2825112107623318 0.5032467532467533 0.026905829596412557 0.03896103896103896
2 0.35650224215246634 0.4642857142857143 0.026905829596412557 0.045454545454545456
5 0.6177130044843049 0.6185064935064936 0.02466367713004484 0.03571428571428571
5 0.655829596412556 0.810064935064935 0.02466367713004484 0.03571428571428571
0 0.3396860986547085 0.7743506493506493 0.02466367713004484 0.04220779220779221
0 0.28475336322869954 0.4253246753246753 0.026905829596412557 0.03896103896103896
1 0.7399103139013453 0.42857142857142855 0.026905829596412557 0.03896103896103896
1 0.7354260089686099 0.3555194805194805 0.026905829596412557 0.04220779220779221
1 0.7118834080717489 0.2435064935064935 0.02466367713004484 0.03896103896103896
1 0.6289237668161435 0.17532467532467533 0.02466367713004484 0.03896103896103896
1 0.4517937219730942 0.06493506493506493 0.02466367713004484 0.03896103896103896
4 0.4147982062780269 0.7305194805194806 0.008968609865470852 0.012987012987012988