3 0.007575757575757576 0.5 0.015151515151515152 0.9937106918238994
3 0.9415584415584416 0.5 0.11688311688311688 0.9937106918238994
2 0.6601731601731602 0.0770440251572327 0.025974025974025976 0.040880503144654086
2 0.5606060606060606 0.360062893081761 0.021645021645021644 0.03459119496855346
2 0.6937229437229437 0.46855345911949686 0.02813852813852814 0.03773584905660377
2 0.7034632034632035 0.5031446540880503 0.025974025974025976 0.03773584905660377
2 0.6320346320346321 0.46540880503144655 0.025974025974025976 0.0440251572327044
5 0.37987012987012986 0.6147798742138365 0.023809523809523808 0.03459119496855346
5 0.3430735930735931 0.800314465408805 0.023809523809523808 0.03459119496855346
0 0.6482683982683982 0.7657232704402516 0.023809523809523808 0.040880503144654086
0 0.7012987012987013 0.4276729559748428 0.025974025974025976 0.03773584905660377
1 0.2619047619047619 0.4308176100628931 0.025974025974025976 0.03773584905660377
1 0.2662337662337662 0.360062893081761 0.025974025974025976 0.040880503144654086
1 0.288961038961039 0.25157232704402516 0.023809523809523808 0.03773584905660377
1 0.36904761904761907 0.18553459119496854 0.023809523809523808 0.03773584905660377
1 0.54004329004329 0.07861635220125786 0.023809523809523808 0.03773584905660377
4 0.5757575757575758 0.7232704402515723 0.008658008658008658 0.012578616352201259