3 0.9821428571428571 0.5 0.03125 0.9935483870967742
2 0.4017857142857143 0.3580645161290323 0.022321428571428572 0.03870967741935484
2 0.49441964285714285 0.4258064516129032 0.029017857142857144 0.04516129032258064
2 0.23995535714285715 0.4629032258064516 0.024553571428571428 0.041935483870967745
2 0.5993303571428571 0.6854838709677419 0.024553571428571428 0.035483870967741936
2 0.31138392857142855 0.6096774193548387 0.024553571428571428 0.03870967741935484
5 0.6216517857142857 0.5919354838709677 0.024553571428571428 0.035483870967741936
5 0.6261160714285714 0.8096774193548387 0.024553571428571428 0.03225806451612903
0 0.31138392857142855 0.7774193548387097 0.024553571428571428 0.03870967741935484
0 0.2544642857142857 0.4306451612903226 0.022321428571428572 0.035483870967741936
1 0.42410714285714285 0.07258064516129033 0.022321428571428572 0.035483870967741936
1 0.5982142857142857 0.17903225806451614 0.022321428571428572 0.035483870967741936
1 0.6808035714285714 0.25 0.026785714285714284 0.041935483870967745
1 0.7053571428571429 0.3596774193548387 0.026785714285714284 0.035483870967741936
1 0.7098214285714286 0.432258064516129 0.026785714285714284 0.03225806451612903
4 0.3861607142857143 0.7322580645161291 0.008928571428571428 0.012903225806451613
3 0.03459821428571429 0.4838709677419355 0.06473214285714286 0.9612903225806452