3 0.9935344827586207 0.5 0.008620689655172414 0.99375
2 0.44396551724137934 0.378125 0.021551724137931036 0.0375
2 0.5334051724137931 0.44375 0.028017241379310345 0.04375
2 0.28771551724137934 0.4796875 0.023706896551724137 0.040625
2 0.634698275862069 0.6953125 0.023706896551724137 0.034375
2 0.3566810344827586 0.621875 0.023706896551724137 0.0375
5 0.65625 0.6046875 0.023706896551724137 0.034375
5 0.6605603448275862 0.815625 0.023706896551724137 0.03125
0 0.3566810344827586 0.784375 0.023706896551724137 0.0375
0 0.3017241379310345 0.4484375 0.021551724137931036 0.034375
1 0.46551724137931033 0.1015625 0.021551724137931036 0.034375
1 0.6336206896551724 0.2046875 0.021551724137931036 0.034375
1 0.7133620689655172 0.2734375 0.02586206896551724 0.040625
1 0.7370689655172413 0.3796875 0.02586206896551724 0.034375
1 0.7413793103448276 0.45 0.02586206896551724 0.03125
4 0.42887931034482757 0.740625 0.008620689655172414 0.0125
3 0.061422413793103446 0.484375 0.11853448275862069 0.9625