3 0.9794372294372294 0.5 0.0367965367965368 0.9937106918238994
3 0.045454545454545456 0.9025157232704403 0.08658008658008658 0.18867924528301888
2 0.5346320346320347 0.3584905660377358 0.025974025974025976 0.03773584905660377
2 0.41233766233766234 0.3836477987421384 0.023809523809523808 0.03773584905660377
2 0.2532467532467532 0.48742138364779874 0.025974025974025976 0.03773584905660377
2 0.3235930735930736 0.6289308176100629 0.023809523809523808 0.03773584905660377
2 0.6038961038961039 0.7012578616352201 0.025974025974025976 0.03773584905660377
5 0.6233766233766234 0.6132075471698113 0.021645021645021644 0.031446540880503145
5 0.6287878787878788 0.8238993710691824 0.023809523809523808 0.031446540880503145
0 0.28354978354978355 0.6933962264150944 0.025974025974025976 0.02830188679245283
0 0.2694805194805195 0.45440251572327045 0.023809523809523808 0.03459119496855346
1 0.4329004329004329 0.10220125786163523 0.021645021645021644 0.03459119496855346
1 0.6028138528138528 0.21069182389937108 0.01948051948051948 0.031446540880503145
1 0.6818181818181818 0.27672955974842767 0.025974025974025976 0.03773584905660377
1 0.7056277056277056 0.38522012578616355 0.025974025974025976 0.03459119496855346
1 0.711038961038961 0.4559748427672956 0.023809523809523808 0.03773584905660377
4 0.3971861471861472 0.7468553459119497 0.010822510822510822 0.015723270440251572
3 0.04112554112554113 0.38836477987421386 0.07792207792207792 0.7704402515723271