3 0.022916666666666665 0.5 0.04583333333333333 0.9939393939393939
3 0.9427083333333334 0.896969696969697 0.11458333333333333 0.2
2 0.45416666666666666 0.36363636363636365 0.025 0.03636363636363636
2 0.571875 0.3878787878787879 0.022916666666666665 0.03636363636363636
2 0.725 0.48787878787878786 0.025 0.03636363636363636
2 0.6572916666666667 0.6242424242424243 0.022916666666666665 0.03636363636363636
2 0.3875 0.693939393939394 0.025 0.03636363636363636
5 0.36875 0.6090909090909091 0.020833333333333332 0.030303030303030304
5 0.36354166666666665 0.8121212121212121 0.022916666666666665 0.030303030303030304
0 0.6958333333333333 0.6863636363636364 0.025 0.02727272727272727
0 0.709375 0.45606060606060606 0.022916666666666665 0.03333333333333333
1 0.5520833333333334 0.11666666666666667 0.020833333333333332 0.03333333333333333
1 0.3885416666666667 0.22121212121212122 0.01875 0.030303030303030304
1 0.3125 0.28484848484848485 0.025 0.03636363636363636
1 0.28958333333333336 0.3893939393939394 0.025 0.03333333333333333
1 0.284375 0.4575757575757576 0.022916666666666665 0.03636363636363636
4 0.5864583333333333 0.7378787878787879 0.010416666666666666 0.015151515151515152
3 0.9447916666666667 0.38333333333333336 0.10625 0.7606060606060606