3 0.05592105263157895 0.49841772151898733 0.1074561403508772 0.9968354430379747
2 0.5635964912280702 0.6740506329113924 0.02631578947368421 0.0379746835443038
2 0.43859649122807015 0.6487341772151899 0.021929824561403508 0.0379746835443038
2 0.27960526315789475 0.5443037974683544 0.02412280701754386 0.0379746835443038
2 0.34868421052631576 0.40189873417721517 0.02631578947368421 0.0379746835443038
2 0.6337719298245614 0.3275316455696203 0.02631578947368421 0.04113924050632911
5 0.6677631578947368 0.40031645569620256 0.02412280701754386 0.03481012658227848
5 0.6578947368421053 0.2088607594936709 0.021929824561403508 0.0379746835443038
0 0.6502192982456141 0.46677215189873417 0.02412280701754386 0.04113924050632911
0 0.2949561403508772 0.5791139240506329 0.02412280701754386 0.03164556962025317
1 0.631578947368421 0.8227848101265823 0.021929824561403508 0.03164556962025317
1 0.7127192982456141 0.7563291139240507 0.02631578947368421 0.0379746835443038
1 0.7368421052631579 0.6471518987341772 0.02631578947368421 0.04113924050632911
1 0.7412280701754386 0.5775316455696202 0.02631578947368421 0.04113924050632911
1 0.6567982456140351 0.17088607594936708 0.02850877192982456 0.03164556962025317
4 0.4232456140350877 0.28322784810126583 0.008771929824561403 0.015822784810126583