3 0.9835526315789473 0.5 0.02850877192982456 0.9936708860759493
3 0.04057017543859649 0.5 0.07675438596491228 0.9936708860759493
2 0.2741228070175439 0.14082278481012658 0.02631578947368421 0.03481012658227848
2 0.20614035087719298 0.28639240506329117 0.02631578947368421 0.03481012658227848
2 0.2138157894736842 0.3291139240506329 0.02412280701754386 0.03164556962025317
2 0.18421052631578946 0.34177215189873417 0.02631578947368421 0.0379746835443038
2 0.27850877192982454 0.3575949367088608 0.02631578947368421 0.0379746835443038
5 0.19407894736842105 0.2563291139240506 0.02412280701754386 0.03164556962025317
5 0.3793859649122807 0.35443037974683544 0.021929824561403508 0.03164556962025317
0 0.20065789473684212 0.37341772151898733 0.02412280701754386 0.03164556962025317
0 0.18530701754385964 0.2990506329113924 0.02412280701754386 0.03481012658227848
1 0.2642543859649123 0.41455696202531644 0.02412280701754386 0.0379746835443038
1 0.25109649122807015 0.3560126582278481 0.02412280701754386 0.03481012658227848
1 0.11074561403508772 0.3401898734177215 0.02412280701754386 0.03481012658227848
1 0.4232456140350877 0.28164556962025317 0.021929824561403508 0.03164556962025317
1 0.22149122807017543 0.13924050632911392 0.021929824561403508 0.03164556962025317
4 0.3925438596491228 0.34335443037974683 0.008771929824561403 0.015822784810126583