3 0.007478632478632479 0.5 0.014957264957264958 0.9937888198757764
3 0.9412393162393162 0.5 0.11752136752136752 0.9937888198757764
2 0.6901709401709402 0.12888198757763975 0.02564102564102564 0.034161490683229816
2 0.7564102564102564 0.2717391304347826 0.02564102564102564 0.034161490683229816
2 0.7489316239316239 0.3136645962732919 0.023504273504273504 0.031055900621118012
2 0.7777777777777778 0.32608695652173914 0.02564102564102564 0.037267080745341616
2 0.6858974358974359 0.3416149068322981 0.02564102564102564 0.037267080745341616
5 0.7681623931623932 0.2422360248447205 0.023504273504273504 0.031055900621118012
5 0.5876068376068376 0.3385093167701863 0.021367521367521368 0.031055900621118012
0 0.7617521367521367 0.35714285714285715 0.023504273504273504 0.031055900621118012
0 0.7767094017094017 0.2841614906832298 0.023504273504273504 0.034161490683229816
1 0.6997863247863247 0.39751552795031053 0.023504273504273504 0.037267080745341616
1 0.7126068376068376 0.34006211180124224 0.023504273504273504 0.034161490683229816
1 0.8493589743589743 0.3245341614906832 0.023504273504273504 0.034161490683229816
1 0.5448717948717948 0.2670807453416149 0.021367521367521368 0.031055900621118012
1 0.7414529914529915 0.12732919254658384 0.021367521367521368 0.031055900621118012
4 0.5747863247863247 0.327639751552795 0.008547008547008548 0.015527950310559006