3 0.9493243243243243 0.5 0.10135135135135136 0.9934640522875817
2 0.6959459459459459 0.10947712418300654 0.02702702702702703 0.03594771241830065
2 0.7657657657657657 0.25980392156862747 0.02702702702702703 0.03594771241830065
2 0.7578828828828829 0.30392156862745096 0.024774774774774775 0.032679738562091505
2 0.7882882882882883 0.31699346405228757 0.02702702702702703 0.0392156862745098
2 0.6914414414414415 0.3333333333333333 0.02702702702702703 0.0392156862745098
5 0.7781531531531531 0.22875816993464052 0.024774774774774775 0.032679738562091505
5 0.5878378378378378 0.3300653594771242 0.02252252252252252 0.032679738562091505
0 0.7713963963963963 0.34967320261437906 0.024774774774774775 0.032679738562091505
0 0.7871621621621622 0.272875816993464 0.024774774774774775 0.03594771241830065
1 0.706081081081081 0.39215686274509803 0.024774774774774775 0.0392156862745098
1 0.7195945945945946 0.33169934640522875 0.024774774774774775 0.03594771241830065
1 0.8637387387387387 0.315359477124183 0.024774774774774775 0.03594771241830065
1 0.5427927927927928 0.2549019607843137 0.02252252252252252 0.032679738562091505
1 0.75 0.10784313725490197 0.02252252252252252 0.032679738562091505
4 0.5743243243243243 0.31862745098039214 0.009009009009009009 0.016339869281045753