3 0.05603448275862069 0.4984375 0.10775862068965517 0.996875
2 0.990301724137931 0.7984375 0.015086206896551725 0.046875
2 0.4385775862068966 0.634375 0.023706896551724137 0.0375
2 0.4375 0.35 0.02586206896551724 0.0375
2 0.6293103448275862 0.3203125 0.02586206896551724 0.040625
2 0.35560344827586204 0.3 0.02586206896551724 0.0375
5 0.6411637931034483 0.2921875 0.023706896551724137 0.034375
5 0.9859913793103449 0.028125 0.023706896551724137 0.04375
0 0.8114224137931034 0.33125 0.028017241379310345 0.0375
0 0.5635775862068966 0.540625 0.023706896551724137 0.0375
1 0.6271551724137931 0.8078125 0.021551724137931036 0.034375
1 0.7068965517241379 0.7421875 0.02586206896551724 0.040625
1 0.9913793103448276 0.5453125 0.01293103448275862 0.040625
1 0.5711206896551724 0.221875 0.021551724137931036 0.0375
4 0.4224137931034483 0.2734375 0.008620689655172414 0.015625
3 0.9935344827586207 0.2875 0.008620689655172414 0.48125