3 0.940625 0.4984848484848485 0.11458333333333333 0.996969696969697
2 0.023958333333333335 0.7651515151515151 0.027083333333333334 0.03939393939393939
2 0.565625 0.6090909090909091 0.022916666666666665 0.03636363636363636
2 0.5666666666666667 0.3333333333333333 0.025 0.03636363636363636
2 0.38125 0.30454545454545456 0.025 0.03939393939393939
2 0.6458333333333334 0.28484848484848485 0.025 0.03636363636363636
5 0.3697916666666667 0.2772727272727273 0.022916666666666665 0.03333333333333333
5 0.03229166666666667 0.01818181818181818 0.027083333333333334 0.03636363636363636
0 0.20520833333333333 0.3151515151515151 0.027083333333333334 0.03636363636363636
0 0.44479166666666664 0.5181818181818182 0.022916666666666665 0.03636363636363636
1 0.38333333333333336 0.7772727272727272 0.020833333333333332 0.03333333333333333
1 0.30625 0.7136363636363636 0.025 0.03939393939393939
1 0.028125 0.9818181818181818 0.03125 0.030303030303030304
1 0.022916666666666665 0.5196969696969697 0.025 0.03333333333333333
1 0.4375 0.20909090909090908 0.020833333333333332 0.03636363636363636
4 0.58125 0.2590909090909091 0.008333333333333333 0.015151515151515152
3 0.016666666666666666 0.27121212121212124 0.03333333333333333 0.4636363636363636
3 0.011458333333333333 0.6424242424242425 0.022916666666666665 0.20606060606060606
3 0.011458333333333333 0.8787878787878788 0.022916666666666665 0.18181818181818182