3 0.9468085106382979 0.5 0.10638297872340426 0.9938271604938271
2 0.015957446808510637 0.22067901234567902 0.027659574468085105 0.040123456790123455
2 0.5691489361702128 0.37962962962962965 0.023404255319148935 0.037037037037037035
2 0.5702127659574469 0.6604938271604939 0.02553191489361702 0.037037037037037035
2 0.38085106382978723 0.6898148148148148 0.02553191489361702 0.040123456790123455
2 0.6510638297872341 0.7098765432098766 0.02553191489361702 0.037037037037037035
5 0.36914893617021277 0.7175925925925926 0.023404255319148935 0.033950617283950615
5 0.02553191489361702 0.9799382716049383 0.029787234042553193 0.033950617283950615
0 0.20106382978723406 0.6790123456790124 0.027659574468085105 0.037037037037037035
0 0.44574468085106383 0.4722222222222222 0.023404255319148935 0.037037037037037035
1 0.3829787234042553 0.20833333333333334 0.02127659574468085 0.033950617283950615
1 0.30425531914893617 0.27314814814814814 0.02553191489361702 0.040123456790123455
1 0.02021276595744681 0.009259259259259259 0.031914893617021274 0.012345679012345678
1 0.014893617021276596 0.470679012345679 0.02553191489361702 0.033950617283950615
1 0.43829787234042555 0.7870370370370371 0.02127659574468085 0.037037037037037035
4 0.5851063829787234 0.7361111111111112 0.00851063829787234 0.015432098765432098
3 0.01276595744680851 0.7237654320987654 0.02553191489361702 0.4722222222222222
3 0.007446808510638298 0.345679012345679 0.014893617021276596 0.20987654320987653
3 0.007446808510638298 0.10493827160493827 0.014893617021276596 0.18518518518518517