3 0.061659192825112105 0.5 0.11883408071748879 0.9935064935064936
2 0.655829596412556 0.7207792207792207 0.02466367713004484 0.03896103896103896
2 0.45739910313901344 0.6883116883116883 0.026905829596412557 0.03896103896103896
2 0.3721973094170404 0.7402597402597403 0.026905829596412557 0.03896103896103896
2 0.4585201793721973 0.3944805194805195 0.02466367713004484 0.03571428571428571
5 0.67152466367713 0.7483766233766234 0.02466367713004484 0.03571428571428571
0 0.5885650224215246 0.4902597402597403 0.02466367713004484 0.032467532467532464
1 0.5952914798206278 0.8214285714285714 0.020179372197309416 0.03896103896103896
4 0.44170403587443946 0.7678571428571429 0.008968609865470852 0.016233766233766232
1 0.7387892376681614 0.2824675324675325 0.02466367713004484 0.03896103896103896
1 0.6547085201793722 0.21266233766233766 0.02242152466367713 0.03571428571428571