3 0.9852320675105485 0.8689024390243902 0.02531645569620253 0.2073170731707317
3 0.05907172995780591 0.5 0.11392405063291139 0.9939024390243902
2 0.9820675105485233 0.23780487804878048 0.027426160337552744 0.036585365853658534
2 0.619198312236287 0.7042682926829268 0.023206751054852322 0.036585365853658534
2 0.43248945147679324 0.6737804878048781 0.02531645569620253 0.036585365853658534
2 0.35232067510548526 0.7225609756097561 0.02531645569620253 0.036585365853658534
2 0.43354430379746833 0.3978658536585366 0.023206751054852322 0.03353658536585366
5 0.6339662447257384 0.7301829268292683 0.023206751054852322 0.03353658536585366
5 0.9704641350210971 0.9817073170731707 0.029535864978902954 0.03048780487804878
0 0.5559071729957806 0.4878048780487805 0.023206751054852322 0.03048780487804878
0 0.979957805907173 0.7484756097560976 0.023206751054852322 0.03353658536585366
1 0.5622362869198312 0.7987804878048781 0.0189873417721519 0.036585365853658534
1 0.9841772151898734 0.4878048780487805 0.023206751054852322 0.03048780487804878
4 0.4177215189873418 0.7484756097560976 0.008438818565400843 0.01524390243902439
1 0.6972573839662447 0.2926829268292683 0.023206751054852322 0.036585365853658534
1 0.6181434599156118 0.22713414634146342 0.02109704641350211 0.03353658536585366
1 0.9789029535864979 0.019817073170731708 0.029535864978902954 0.03353658536585366
3 0.9873417721518988 0.6173780487804879 0.02109704641350211 0.2347560975609756
3 0.990506329113924 0.3628048780487805 0.014767932489451477 0.21951219512195122
3 0.990506329113924 0.12652439024390244 0.014767932489451477 0.19207317073170732