3 0.9342672413793104 0.4984375 0.1271551724137931 0.996875
2 0.3545258620689655 0.284375 0.023706896551724137 0.0375
2 0.5452586206896551 0.315625 0.02586206896551724 0.0375
2 0.6271551724137931 0.265625 0.02586206896551724 0.0375
2 0.5441810344827587 0.5984375 0.023706896551724137 0.034375
5 0.3394396551724138 0.2578125 0.023706896551724137 0.034375
0 0.4191810344827586 0.50625 0.023706896551724137 0.03125
1 0.41271551724137934 0.1875 0.01939655172413793 0.0375
4 0.5603448275862069 0.2390625 0.008620689655172414 0.015625
1 0.27478448275862066 0.70625 0.023706896551724137 0.0375
1 0.35560344827586204 0.7734375 0.021551724137931036 0.034375