3 0.947198275862069 0.4984375 0.10129310344827586 0.996875
2 0.5711206896551724 0.334375 0.02586206896551724 0.04375
2 0.5689655172413793 0.6203125 0.021551724137931036 0.034375
2 0.3771551724137931 0.30625 0.02586206896551724 0.0375
2 0.6508620689655172 0.2875 0.02586206896551724 0.0375
2 0.011853448275862068 0.7859375 0.023706896551724137 0.040625
5 0.36530172413793105 0.28125 0.023706896551724137 0.0375
5 0.020474137931034482 0.01875 0.032327586206896554 0.0375
0 0.011853448275862068 0.2640625 0.023706896551724137 0.034375
0 0.44288793103448276 0.5296875 0.023706896551724137 0.034375
1 0.3793103448275862 0.796875 0.021551724137931036 0.0375
1 0.2995689655172414 0.728125 0.02586206896551724 0.0375
1 0.3415948275862069 0.60625 0.023706896551724137 0.0375
1 0.4353448275862069 0.2078125 0.021551724137931036 0.034375
1 0.009698275862068966 0.53125 0.01939655172413793 0.0375
4 0.5829741379310345 0.2609375 0.010775862068965518 0.015625
3 0.008620689655172414 0.1390625 0.017241379310344827 0.215625
3 0.005387931034482759 0.3953125 0.010775862068965518 0.234375