3 0.025 0.49835526315789475 0.045454545454545456 0.9967105263157895
2 0.39090909090909093 0.2730263157894737 0.02727272727272727 0.046052631578947366
2 0.3931818181818182 0.5740131578947368 0.022727272727272728 0.03618421052631579
2 0.5954545454545455 0.24342105263157895 0.02727272727272727 0.039473684210526314
2 0.3068181818181818 0.2236842105263158 0.02727272727272727 0.039473684210526314
2 0.9840909090909091 0.7483552631578947 0.02727272727272727 0.04276315789473684
5 0.6079545454545454 0.21710526315789475 0.025 0.039473684210526314
0 0.9840909090909091 0.19901315789473684 0.02727272727272727 0.03618421052631579
0 0.5261363636363636 0.4786184210526316 0.025 0.03618421052631579
1 0.5931818181818181 0.7598684210526315 0.022727272727272728 0.039473684210526314
1 0.6772727272727272 0.6875 0.02727272727272727 0.039473684210526314
1 0.6329545454545454 0.5592105263157895 0.025 0.039473684210526314
1 0.5340909090909091 0.13980263157894737 0.022727272727272728 0.03618421052631579
1 0.9863636363636363 0.48026315789473684 0.022727272727272728 0.039473684210526314
4 0.3784090909090909 0.19572368421052633 0.011363636363636364 0.01644736842105263
3 0.9863636363636363 0.09210526315789473 0.022727272727272728 0.18421052631578946
3 0.9897727272727272 0.33881578947368424 0.015909090909090907 0.25
3 0.9931818181818182 0.6151315789473685 0.00909090909090909 0.23684210526315788
3 0.9920454545454546 0.8848684210526315 0.011363636363636364 0.23026315789473684