3 0.05 0.4984567901234568 0.09574468085106383 0.9969135802469136
2 0.41914893617021276 0.33641975308641975 0.02553191489361702 0.043209876543209874
2 0.42127659574468085 0.6188271604938271 0.02127659574468085 0.033950617283950615
2 0.6106382978723405 0.30864197530864196 0.02553191489361702 0.037037037037037035
2 0.3404255319148936 0.29012345679012347 0.02553191489361702 0.037037037037037035
2 0.975531914893617 0.7808641975308642 0.027659574468085105 0.037037037037037035
5 0.6223404255319149 0.2839506172839506 0.023404255319148935 0.037037037037037035
5 0.9638297872340426 0.021604938271604937 0.029787234042553193 0.037037037037037035
0 0.975531914893617 0.2654320987654321 0.027659574468085105 0.030864197530864196
0 0.5457446808510639 0.529320987654321 0.023404255319148935 0.033950617283950615
1 0.6085106382978723 0.7932098765432098 0.02127659574468085 0.037037037037037035
1 0.6872340425531915 0.7253086419753086 0.02553191489361702 0.037037037037037035
1 0.6457446808510638 0.6049382716049383 0.023404255319148935 0.037037037037037035
1 0.5531914893617021 0.21141975308641975 0.02127659574468085 0.033950617283950615
1 0.9776595744680852 0.529320987654321 0.023404255319148935 0.033950617283950615
4 0.4074468085106383 0.2638888888888889 0.010638297872340425 0.015432098765432098
3 0.9819148936170212 0.14506172839506173 0.031914893617021274 0.21604938271604937
3 0.9851063829787234 0.39814814814814814 0.02553191489361702 0.2345679012345679
3 0.9882978723404255 0.6574074074074074 0.019148936170212766 0.2222222222222222
3 0.9872340425531915 0.9012345679012346 0.02127659574468085 0.19753086419753085