3 0.9795454545454545 0.850328947368421 0.03636363636363636 0.22697368421052633
3 0.019318181818181818 0.5 0.03409090909090909 0.993421052631579
2 0.9715909090909091 0.17105263157894737 0.029545454545454545 0.039473684210526314
2 0.3806818181818182 0.34375 0.025 0.03618421052631579
2 0.3784090909090909 0.6430921052631579 0.029545454545454545 0.04276315789473684
2 0.30227272727272725 0.6907894736842105 0.02727272727272727 0.05263157894736842
2 0.5806818181818182 0.6726973684210527 0.029545454545454545 0.04276315789473684
5 0.5943181818181819 0.7023026315789473 0.025 0.03618421052631579
5 0.9602272727272727 0.9802631578947368 0.029545454545454545 0.03289473684210526
0 0.5102272727272728 0.43914473684210525 0.025 0.029605263157894735
0 0.9704545454545455 0.725328947368421 0.02727272727272727 0.03618421052631579
1 0.5795454545454546 0.15789473684210525 0.022727272727272728 0.039473684210526314
1 0.6636363636363637 0.23026315789473684 0.02727272727272727 0.039473684210526314
1 0.9761363636363637 0.4407894736842105 0.029545454545454545 0.039473684210526314
1 0.5204545454545455 0.7779605263157895 0.022727272727272728 0.03618421052631579
1 0.4590909090909091 0.6430921052631579 0.02727272727272727 0.04276315789473684
4 0.36363636363636365 0.7220394736842105 0.00909090909090909 0.01644736842105263
3 0.9829545454545454 0.5789473684210527 0.029545454545454545 0.2565789473684211
3 0.9840909090909091 0.3042763157894737 0.02727272727272727 0.23355263157894737
3 0.9840909090909091 0.07730263157894737 0.02727272727272727 0.14802631578947367