3 0.9690265486725663 0.5 0.061946902654867256 0.9935897435897436
2 0.6283185840707964 0.34775641025641024 0.022123893805309734 0.035256410256410256
2 0.6039823008849557 0.7131410256410257 0.02654867256637168 0.041666666666666664
2 0.40707964601769914 0.7435897435897436 0.02654867256637168 0.038461538461538464
2 0.19579646017699115 0.42628205128205127 0.033185840707964605 0.04487179487179487
2 0.42920353982300885 0.09935897435897435 0.02654867256637168 0.038461538461538464
5 0.3938053097345133 0.7708333333333334 0.022123893805309734 0.035256410256410256
0 0.030973451327433628 0.7900641025641025 0.022123893805309734 0.035256410256410256
0 0.4756637168141593 0.5160256410256411 0.022123893805309734 0.03205128205128205
1 0.5265486725663717 0.7115384615384616 0.02654867256637168 0.038461538461538464
1 0.4668141592920354 0.844551282051282 0.022123893805309734 0.035256410256410256
1 0.02654867256637168 0.5160256410256411 0.02654867256637168 0.03205128205128205
1 0.3274336283185841 0.3092948717948718 0.02654867256637168 0.035256410256410256
1 0.4081858407079646 0.2403846153846154 0.024336283185840708 0.03205128205128205
4 0.6194690265486725 0.7900641025641025 0.008849557522123894 0.016025641025641024
3 0.01991150442477876 0.9006410256410257 0.03982300884955752 0.19230769230769232
3 0.015486725663716814 0.6522435897435898 0.030973451327433628 0.2403846153846154
3 0.01327433628318584 0.3701923076923077 0.02654867256637168 0.2467948717948718
3 0.014380530973451327 0.10256410256410256 0.028761061946902654 0.1987179487179487