3 0.030133928571428572 0.5 0.05580357142857143 0.9935483870967742
2 0.36830357142857145 0.3016129032258065 0.022321428571428572 0.035483870967741936
2 0.39285714285714285 0.6693548387096774 0.026785714285714284 0.041935483870967745
2 0.5915178571428571 0.7 0.026785714285714284 0.03870967741935484
2 0.8046875 0.38064516129032255 0.033482142857142856 0.04516129032258064
2 0.5691964285714286 0.05161290322580645 0.026785714285714284 0.03870967741935484
5 0.6049107142857143 0.7274193548387097 0.022321428571428572 0.035483870967741936
5 0.9631696428571429 0.9887096774193549 0.033482142857142856 0.016129032258064516
0 0.9709821428571429 0.7467741935483871 0.022321428571428572 0.035483870967741936
0 0.5223214285714286 0.47096774193548385 0.022321428571428572 0.03225806451612903
1 0.47098214285714285 0.667741935483871 0.026785714285714284 0.03870967741935484
1 0.53125 0.8016129032258065 0.022321428571428572 0.035483870967741936
1 0.9754464285714286 0.47096774193548385 0.026785714285714284 0.03225806451612903
1 0.671875 0.2629032258064516 0.026785714285714284 0.035483870967741936
1 0.5904017857142857 0.1935483870967742 0.024553571428571428 0.03225806451612903
4 0.37723214285714285 0.7467741935483871 0.008928571428571428 0.016129032258064516
3 0.9810267857142857 0.8741935483870967 0.033482142857142856 0.22580645161290322
3 0.984375 0.6096774193548387 0.026785714285714284 0.24516129032258063
3 0.9866071428571429 0.3258064516129032 0.022321428571428572 0.25161290322580643
3 0.9854910714285714 0.08064516129032258 0.024553571428571428 0.15483870967741936