3 0.020491803278688523 0.8545994065281899 0.040983606557377046 0.20178041543026706
3 0.9364754098360656 0.5 0.12704918032786885 0.9940652818991098
2 0.5860655737704918 0.3249258160237389 0.020491803278688523 0.032640949554896145
2 0.5635245901639344 0.6632047477744807 0.02459016393442623 0.03857566765578635
2 0.45286885245901637 0.6498516320474778 0.028688524590163935 0.03560830860534125
2 0.38114754098360654 0.6913946587537092 0.02459016393442623 0.03560830860534125
2 0.4016393442622951 0.09347181008902077 0.02459016393442623 0.03857566765578635
5 0.36885245901639346 0.7166172106824926 0.020491803278688523 0.032640949554896145
5 0.042008196721311473 0.9688427299703264 0.022540983606557378 0.032640949554896145
0 0.4456967213114754 0.4792284866468843 0.022540983606557378 0.032640949554896145
0 0.031762295081967214 0.7344213649851632 0.02663934426229508 0.032640949554896145
1 0.3831967213114754 0.22700296735905046 0.020491803278688523 0.032640949554896145
1 0.3073770491803279 0.2893175074183976 0.020491803278688523 0.03857566765578635
1 0.02663934426229508 0.4807121661721068 0.02459016393442623 0.02967359050445104
1 0.49077868852459017 0.6617210682492581 0.022540983606557378 0.03560830860534125
1 0.4364754098360656 0.7833827893175074 0.020491803278688523 0.03560830860534125
4 0.5778688524590164 0.7344213649851632 0.00819672131147541 0.01483679525222552
3 0.015368852459016393 0.6068249258160238 0.030737704918032786 0.22255192878338279
3 0.014344262295081968 0.2314540059347181 0.028688524590163935 0.456973293768546