3 0.978310502283105 0.12748344370860928 0.03881278538812785 0.25496688741721857
2 0.7363013698630136 0.2152317880794702 0.02968036529680365 0.046357615894039736
2 0.5787671232876712 0.31456953642384106 0.02511415525114155 0.039735099337748346
2 0.3744292237442922 0.34602649006622516 0.0273972602739726 0.04304635761589404
2 0.3515981735159817 0.7235099337748344 0.0228310502283105 0.03642384105960265
2 0.5559360730593608 0.9784768211920529 0.02968036529680365 0.03642384105960265
5 0.5924657534246576 0.2847682119205298 0.02054794520547945 0.033112582781456956
5 0.9577625570776256 0.014900662251655629 0.02968036529680365 0.029801324503311258
0 0.9703196347031964 0.26490066225165565 0.0273972602739726 0.033112582781456956
0 0.5079908675799086 0.5496688741721855 0.02511415525114155 0.033112582781456956
1 0.3904109589041096 0.3741721854304636 0.0228310502283105 0.039735099337748346
1 0.5182648401826484 0.2119205298013245 0.0228310502283105 0.033112582781456956
1 0.66324200913242 0.7632450331125827 0.02511415525114155 0.03642384105960265
1 0.5787671232876712 0.8344370860927153 0.02054794520547945 0.033112582781456956
1 0.9726027397260274 0.5496688741721855 0.0273972602739726 0.033112582781456956
4 0.3607305936073059 0.26655629139072845 0.0091324200913242 0.016556291390728478
3 0.9817351598173516 0.4105960264900662 0.0319634703196347 0.25165562913907286
3 0.9840182648401826 0.7831125827814569 0.0273972602739726 0.4337748344370861