3 0.9325221238938053 0.5 0.13495575221238937 0.9935897435897436
2 0.18252212389380532 0.8012820512820513 0.028761061946902654 0.04487179487179487
2 0.33517699115044247 0.7051282051282052 0.024336283185840708 0.038461538461538464
2 0.5331858407079646 0.6746794871794872 0.02654867256637168 0.041666666666666664
2 0.5553097345132744 0.3092948717948718 0.022123893805309734 0.035256410256410256
2 0.3561946902654867 0.060897435897435896 0.02654867256637168 0.038461538461538464
5 0.3219026548672566 0.7339743589743589 0.01991150442477876 0.03205128205128205
0 0.40376106194690264 0.4775641025641026 0.024336283185840708 0.03205128205128205
1 0.5176991150442478 0.6474358974358975 0.022123893805309734 0.038461538461538464
1 0.3938053097345133 0.8044871794871795 0.022123893805309734 0.03205128205128205
1 0.25331858407079644 0.2708333333333333 0.024336283185840708 0.035256410256410256
1 0.33517699115044247 0.20192307692307693 0.01991150442477876 0.03205128205128205
4 0.5464601769911505 0.7516025641025641 0.008849557522123894 0.016025641025641024