3 0.0182648401826484 0.49834437086092714 0.0365296803652968 0.9966887417218543
3 0.980593607305936 0.49834437086092714 0.03424657534246575 0.9966887417218543
2 0.7579908675799086 0.9221854304635762 0.0273972602739726 0.03642384105960265
2 0.8287671232876712 0.7698675496688742 0.0273972602739726 0.03642384105960265
2 0.8207762557077626 0.7268211920529801 0.02511415525114155 0.029801324503311258
2 0.7534246575342466 0.695364238410596 0.0273972602739726 0.033112582781456956
2 0.6484018264840182 0.7135761589403974 0.0273972602739726 0.03642384105960265
5 0.841324200913242 0.8013245033112583 0.02511415525114155 0.033112582781456956
5 0.6963470319634704 0.5562913907284768 0.0228310502283105 0.033112582781456956
0 0.8356164383561644 0.6788079470198676 0.0228310502283105 0.033112582781456956
0 0.8504566210045662 0.7582781456953642 0.02511415525114155 0.033112582781456956
1 0.8127853881278538 0.9254966887417219 0.0228310502283105 0.03642384105960265
1 0.928082191780822 0.7168874172185431 0.02511415525114155 0.03642384105960265
1 0.7819634703196348 0.6970198675496688 0.02511415525114155 0.03642384105960265
1 0.7682648401826484 0.6374172185430463 0.02968036529680365 0.03642384105960265
1 0.6027397260273972 0.7748344370860927 0.0228310502283105 0.033112582781456956
4 0.6666666666666666 0.7102649006622517 0.0091324200913242 0.016556291390728478