3 0.017708333333333333 0.14545454545454545 0.035416666666666666 0.20606060606060606
3 0.940625 0.4984848484848485 0.11458333333333333 0.996969696969697
2 0.40208333333333335 0.9166666666666666 0.025 0.03939393939393939
2 0.5895833333333333 0.6803030303030303 0.020833333333333332 0.03333333333333333
2 0.13541666666666666 0.29848484848484846 0.029166666666666667 0.03939393939393939
2 0.38229166666666664 0.30606060606060603 0.027083333333333334 0.03636363636363636
2 0.6375 0.27121212121212124 0.025 0.03939393939393939
5 0.36875 0.2803030303030303 0.020833333333333332 0.03333333333333333
5 0.034375 0.022727272727272728 0.027083333333333334 0.03333333333333333
0 0.446875 0.5212121212121212 0.022916666666666665 0.030303030303030304
0 0.023958333333333335 0.26212121212121214 0.027083333333333334 0.03333333333333333
1 0.5541666666666667 0.3606060606060606 0.025 0.03636363636363636
1 0.4375 0.2106060606060606 0.020833333333333332 0.03333333333333333
1 0.13541666666666666 0.4666666666666667 0.029166666666666667 0.03636363636363636
1 0.30625 0.7151515151515152 0.020833333333333332 0.03636363636363636
1 0.38229166666666664 0.7818181818181819 0.022916666666666665 0.03636363636363636
4 0.58125 0.2606060606060606 0.008333333333333333 0.012121212121212121
3 0.013541666666666667 0.3787878787878788 0.027083333333333334 0.20606060606060606
3 0.0125 0.7575757575757576 0.025 0.47878787878787876