3 0.05420353982300885 0.4983974358974359 0.10398230088495575 0.9967948717948718
2 0.6172566371681416 0.905448717948718 0.02654867256637168 0.041666666666666664
2 0.41814159292035397 0.655448717948718 0.022123893805309734 0.035256410256410256
2 0.9004424778761062 0.2516025641025641 0.030973451327433628 0.041666666666666664
2 0.6382743362831859 0.25961538461538464 0.028761061946902654 0.038461538461538464
2 0.3672566371681416 0.22275641025641027 0.02654867256637168 0.041666666666666664
5 0.6526548672566371 0.23237179487179488 0.022123893805309734 0.035256410256410256
0 0.5696902654867256 0.48717948717948717 0.024336283185840708 0.03205128205128205
1 0.4557522123893805 0.3173076923076923 0.02654867256637168 0.038461538461538464
1 0.5796460176991151 0.15865384615384615 0.022123893805309734 0.035256410256410256
1 0.9004424778761062 0.42948717948717946 0.030973451327433628 0.038461538461538464
1 0.7190265486725663 0.6923076923076923 0.022123893805309734 0.038461538461538464
1 0.6382743362831859 0.7628205128205128 0.024336283185840708 0.038461538461538464
4 0.4269911504424779 0.21153846153846154 0.008849557522123894 0.01282051282051282