3 0.9375 0.49841772151898733 0.1206140350877193 0.9968354430379747
2 0.5679824561403509 0.6566455696202531 0.021929824561403508 0.03481012658227848
2 0.08881578947368421 0.2579113924050633 0.02850877192982456 0.04113924050632911
2 0.34978070175438597 0.26582278481012656 0.02850877192982456 0.0379746835443038
2 0.618421052631579 0.22784810126582278 0.02631578947368421 0.04430379746835443
2 0.3706140350877193 0.9034810126582279 0.02631578947368421 0.04113924050632911
5 0.3366228070175439 0.23734177215189872 0.02412280701754386 0.0379746835443038
0 0.12390350877192982 0.2088607594936709 0.03728070175438596 0.0379746835443038
0 0.41776315789473684 0.4920886075949367 0.02412280701754386 0.03481012658227848
1 0.34978070175438597 0.7610759493670886 0.02412280701754386 0.03481012658227848
1 0.26864035087719296 0.6930379746835443 0.02412280701754386 0.0379746835443038
1 0.5296052631578947 0.3227848101265823 0.02412280701754386 0.0379746835443038
1 0.5635964912280702 0.18670886075949367 0.021929824561403508 0.0379746835443038
1 0.40789473684210525 0.16772151898734178 0.021929824561403508 0.0379746835443038
4 0.5581140350877193 0.2199367088607595 0.010964912280701754 0.015822784810126583