3 0.9531963470319634 0.5 0.09360730593607305 0.9933774834437086
2 0.5844748858447488 0.24668874172185432 0.0228310502283105 0.03642384105960265
2 0.08561643835616438 0.6639072847682119 0.02968036529680365 0.04304635761589404
2 0.3573059360730594 0.6556291390728477 0.02968036529680365 0.039735099337748346
2 0.636986301369863 0.695364238410596 0.0273972602739726 0.046357615894039736
5 0.3436073059360731 0.6854304635761589 0.02511415525114155 0.039735099337748346
0 0.12214611872146118 0.7152317880794702 0.03881278538812785 0.039735099337748346
0 0.4280821917808219 0.41887417218543044 0.02511415525114155 0.03642384105960265
1 0.3573059360730594 0.13741721854304637 0.02511415525114155 0.03642384105960265
1 0.2728310502283105 0.20860927152317882 0.02511415525114155 0.039735099337748346
1 0.5445205479452054 0.5960264900662252 0.02511415525114155 0.039735099337748346
1 0.5799086757990868 0.7384105960264901 0.0228310502283105 0.039735099337748346
1 0.4178082191780822 0.7582781456953642 0.0228310502283105 0.039735099337748346
4 0.5742009132420092 0.7036423841059603 0.01141552511415525 0.016556291390728478