3 0.03538812785388128 0.49834437086092714 0.06621004566210045 0.9966887417218543
2 0.3881278538812785 0.652317880794702 0.0228310502283105 0.039735099337748346
2 0.3344748858447489 0.20695364238410596 0.02511415525114155 0.04304635761589404
2 0.615296803652968 0.24668874172185432 0.02511415525114155 0.03642384105960265
2 0.884703196347032 0.23841059602649006 0.02968036529680365 0.039735099337748346
2 0.5924657534246576 0.9105960264900662 0.02511415525114155 0.039735099337748346
5 0.6301369863013698 0.21688741721854304 0.0228310502283105 0.03642384105960265
0 0.3607305936073059 0.2947019867549669 0.0228310502283105 0.039735099337748346
0 0.54337899543379 0.48013245033112584 0.0228310502283105 0.033112582781456956
1 0.4269406392694064 0.3029801324503311 0.0273972602739726 0.04304635761589404
1 0.3915525114155251 0.1605960264900662 0.02511415525114155 0.04304635761589404
1 0.5102739726027398 0.054635761589403975 0.02511415525114155 0.04304635761589404
1 0.6986301369863014 0.6903973509933775 0.0273972602739726 0.04304635761589404
1 0.6141552511415526 0.7615894039735099 0.0228310502283105 0.039735099337748346
4 0.3972602739726027 0.19701986754966888 0.0136986301369863 0.023178807947019868