3 0.06301652892561983 0.5 0.12190082644628099 0.9940119760479041
2 0.41115702479338845 0.32335329341317365 0.02066115702479339 0.03592814371257485
2 0.36260330578512395 0.7260479041916168 0.022727272727272728 0.038922155688622756
2 0.6167355371900827 0.6901197604790419 0.022727272727272728 0.03293413173652695
2 0.8605371900826446 0.6976047904191617 0.026859504132231406 0.03592814371257485
2 0.5960743801652892 0.08982035928143713 0.022727272727272728 0.03592814371257485
5 0.6301652892561983 0.7170658682634731 0.02066115702479339 0.03293413173652695
5 0.9607438016528925 0.9700598802395209 0.024793388429752067 0.03592814371257485
0 0.38636363636363635 0.6467065868263473 0.02066115702479339 0.03592814371257485
0 0.5516528925619835 0.47904191616766467 0.02066115702479339 0.029940119760479042
1 0.4462809917355372 0.6392215568862275 0.024793388429752067 0.038922155688622756
1 0.4142561983471074 0.7679640718562875 0.022727272727272728 0.038922155688622756
1 0.5216942148760331 0.8637724550898204 0.022727272727272728 0.038922155688622756
1 0.6921487603305785 0.28892215568862273 0.024793388429752067 0.038922155688622756
1 0.6157024793388429 0.2245508982035928 0.02066115702479339 0.03592814371257485
4 0.4194214876033058 0.7350299401197605 0.012396694214876033 0.020958083832335328
3 0.9783057851239669 0.47904191616766467 0.03925619834710744 0.9520958083832335