3 0.9540358744394619 0.5 0.09192825112107623 0.9935064935064936
2 0.594170403587444 0.3409090909090909 0.02242152466367713 0.03896103896103896
2 0.6468609865470852 0.7775974025974026 0.02466367713004484 0.04220779220779221
2 0.3710762331838565 0.7386363636363636 0.02466367713004484 0.03571428571428571
2 0.10650224215246637 0.7467532467532467 0.02914798206278027 0.03896103896103896
2 0.39349775784753366 0.08766233766233766 0.02466367713004484 0.03896103896103896
5 0.35650224215246634 0.7678571428571429 0.02242152466367713 0.03571428571428571
0 0.6210762331838565 0.6915584415584416 0.02242152466367713 0.03896103896103896
0 0.44170403587443946 0.5097402597402597 0.02242152466367713 0.032467532467532464
1 0.5560538116591929 0.6834415584415584 0.026905829596412557 0.04220779220779221
1 0.5908071748878924 0.823051948051948 0.02466367713004484 0.04220779220779221
1 0.4742152466367713 0.926948051948052 0.02466367713004484 0.04220779220779221
1 0.289237668161435 0.30357142857142855 0.026905829596412557 0.04220779220779221
1 0.3721973094170404 0.23376623376623376 0.02242152466367713 0.03896103896103896
4 0.5852017937219731 0.7873376623376623 0.013452914798206279 0.022727272727272728