3 0.021784232365145227 0.5090361445783133 0.043568464730290454 0.9759036144578314
3 0.9408713692946058 0.49849397590361444 0.11410788381742738 0.9969879518072289
2 0.5943983402489627 0.6762048192771084 0.022821576763485476 0.03313253012048193
2 0.1421161825726141 0.29668674698795183 0.026970954356846474 0.0391566265060241
2 0.38589211618257263 0.3042168674698795 0.024896265560165973 0.03614457831325301
2 0.6545643153526971 0.21686746987951808 0.026970954356846474 0.04216867469879518
2 0.4066390041493776 0.9081325301204819 0.024896265560165973 0.0391566265060241
5 0.37344398340248963 0.2786144578313253 0.02074688796680498 0.03313253012048193
5 0.1566390041493776 0.07680722891566265 0.026970954356846474 0.03313253012048193
0 0.6244813278008299 0.2876506024096386 0.02074688796680498 0.03313253012048193
0 0.4512448132780083 0.5195783132530121 0.022821576763485476 0.03313253012048193
1 0.558091286307054 0.3569277108433735 0.024896265560165973 0.0391566265060241
1 0.5892116182572614 0.23042168674698796 0.02074688796680498 0.03313253012048193
1 0.48132780082987553 0.13403614457831325 0.02074688796680498 0.03313253012048193
1 0.31016597510373445 0.7123493975903614 0.022821576763485476 0.03313253012048193
1 0.3869294605809129 0.7756024096385542 0.022821576763485476 0.03313253012048193
4 0.5850622406639004 0.2605421686746988 0.008298755186721992 0.015060240963855422