3 0.01962809917355372 0.5119760479041916 0.03925619834710744 0.9700598802395209
3 0.9369834710743802 0.49850299401197606 0.12190082644628099 0.9970059880239521
2 0.5878099173553719 0.6781437125748503 0.022727272727272728 0.03293413173652695
2 0.13739669421487602 0.3008982035928144 0.026859504132231406 0.038922155688622756
2 0.38016528925619836 0.3083832335329341 0.024793388429752067 0.03592814371257485
2 0.6477272727272727 0.2215568862275449 0.026859504132231406 0.041916167664670656
2 0.40082644628099173 0.9086826347305389 0.024793388429752067 0.038922155688622756
5 0.3677685950413223 0.28293413173652693 0.02066115702479339 0.03293413173652695
5 0.1518595041322314 0.08233532934131736 0.026859504132231406 0.03293413173652695
0 0.6177685950413223 0.29191616766467066 0.02066115702479339 0.03293413173652695
0 0.4452479338842975 0.5224550898203593 0.022727272727272728 0.03293413173652695
1 0.5516528925619835 0.36077844311377244 0.024793388429752067 0.038922155688622756
1 0.5826446280991735 0.23502994011976047 0.02066115702479339 0.03293413173652695
1 0.47520661157024796 0.13922155688622753 0.02066115702479339 0.03293413173652695
1 0.3047520661157025 0.7140718562874252 0.022727272727272728 0.03293413173652695
1 0.381198347107438 0.7769461077844312 0.022727272727272728 0.03293413173652695
4 0.5785123966942148 0.26497005988023953 0.008264462809917356 0.014970059880239521