3 0.05309734513274336 0.5 0.10176991150442478 0.9935897435897436
2 0.6603982300884956 0.19230769230769232 0.024336283185840708 0.038461538461538464
2 0.24336283185840707 0.6217948717948718 0.022123893805309734 0.03205128205128205
2 0.20907079646017698 0.8910256410256411 0.028761061946902654 0.038461538461538464
2 0.5940265486725663 0.8525641025641025 0.024336283185840708 0.038461538461538464
5 0.4081858407079646 0.844551282051282 0.024336283185840708 0.035256410256410256
5 0.19358407079646017 0.017628205128205128 0.028761061946902654 0.028846153846153848
0 0.459070796460177 0.6842948717948718 0.024336283185840708 0.035256410256410256
0 0.2245575221238938 0.8637820512820513 0.024336283185840708 0.035256410256410256
1 0.543141592920354 0.967948717948718 0.024336283185840708 0.038461538461538464
1 0.4247787610619469 0.5961538461538461 0.022123893805309734 0.038461538461538464
1 0.27101769911504425 0.5496794871794872 0.024336283185840708 0.035256410256410256
1 0.2013274336283186 0.35096153846153844 0.02654867256637168 0.041666666666666664
1 0.46349557522123896 0.09455128205128205 0.01991150442477876 0.035256410256410256
4 0.3064159292035398 0.46634615384615385 0.011061946902654867 0.016025641025641024