3 0.02169421487603306 0.49850299401197606 0.04338842975206612 0.9970059880239521
3 0.9359504132231405 0.49850299401197606 0.12396694214876033 0.9970059880239521
2 0.3522727272727273 0.8083832335329342 0.022727272727272728 0.03592814371257485
2 0.7417355371900827 0.40718562874251496 0.02066115702479339 0.029940119760479042
2 0.7737603305785123 0.15568862275449102 0.026859504132231406 0.03592814371257485
2 0.6239669421487604 0.038922155688622756 0.024793388429752067 0.03592814371257485
2 0.4142561983471074 0.19161676646706588 0.022727272727272728 0.03592814371257485
5 0.5878099173553719 0.19910179640718562 0.022727272727272728 0.03293413173652695
5 0.7871900826446281 0.9760479041916168 0.024793388429752067 0.03592814371257485
0 0.5402892561983471 0.34880239520958084 0.022727272727272728 0.03293413173652695
0 0.7592975206611571 0.18113772455089822 0.022727272727272728 0.03293413173652695
1 0.4617768595041322 0.08383233532934131 0.022727272727272728 0.03592814371257485
1 0.5723140495867769 0.4311377245508982 0.02066115702479339 0.03592814371257485
1 0.7159090909090909 0.4745508982035928 0.022727272727272728 0.03293413173652695
1 0.78099173553719 0.6601796407185628 0.024793388429752067 0.038922155688622756
1 0.5361570247933884 0.8997005988023952 0.01859504132231405 0.03293413173652695
4 0.6828512396694215 0.5523952095808383 0.010330578512396695 0.014970059880239521