3 0.9380165289256198 0.49850299401197606 0.11983471074380166 0.9970059880239521
2 0.4142561983471074 0.937125748502994 0.022727272727272728 0.03592814371257485
2 0.5857438016528925 0.6796407185628742 0.022727272727272728 0.03592814371257485
2 0.381198347107438 0.312874251497006 0.022727272727272728 0.03293413173652695
2 0.256198347107438 0.20359281437125748 0.03305785123966942 0.03592814371257485
2 0.6477272727272727 0.22305389221556887 0.022727272727272728 0.038922155688622756
5 0.43388429752066116 0.2440119760479042 0.02066115702479339 0.03293413173652695
5 0.3677685950413223 0.28592814371257486 0.02066115702479339 0.03293413173652695
0 0.6177685950413223 0.2949101796407186 0.02066115702479339 0.03293413173652695
0 0.4452479338842975 0.5254491017964071 0.022727272727272728 0.03293413173652695
1 0.3822314049586777 0.7799401197604791 0.02066115702479339 0.03293413173652695
1 0.30578512396694213 0.7140718562874252 0.024793388429752067 0.038922155688622756
1 0.5506198347107438 0.36377245508982037 0.022727272727272728 0.03293413173652695
1 0.5836776859504132 0.23652694610778444 0.022727272727272728 0.03592814371257485
1 0.4772727272727273 0.14221556886227546 0.02066115702479339 0.03293413173652695
4 0.5785123966942148 0.2679640718562874 0.008264462809917356 0.014970059880239521
3 0.01859504132231405 0.07035928143712575 0.0371900826446281 0.1407185628742515
3 0.01652892561983471 0.5838323353293413 0.03305785123966942 0.8263473053892215