3 0.9568181818181818 0.49835526315789475 0.08181818181818182 0.9967105263157895
2 0.4056818181818182 0.9736842105263158 0.025 0.039473684210526314
2 0.5943181818181819 0.6907894736842105 0.025 0.039473684210526314
2 0.3693181818181818 0.2878289473684211 0.025 0.03618421052631579
2 0.2318181818181818 0.16776315789473684 0.03636363636363636 0.039473684210526314
2 0.6625 0.18914473684210525 0.025 0.04276315789473684
5 0.42727272727272725 0.21217105263157895 0.022727272727272728 0.03618421052631579
5 0.35454545454545455 0.2582236842105263 0.022727272727272728 0.03618421052631579
0 0.6295454545454545 0.2680921052631579 0.022727272727272728 0.03618421052631579
0 0.43977272727272726 0.5213815789473685 0.025 0.03618421052631579
1 0.3704545454545455 0.8009868421052632 0.022727272727272728 0.03618421052631579
1 0.2863636363636364 0.7286184210526315 0.02727272727272727 0.04276315789473684
1 0.5556818181818182 0.34375 0.025 0.03618421052631579
1 0.5920454545454545 0.20394736842105263 0.025 0.039473684210526314
1 0.475 0.10032894736842106 0.022727272727272728 0.03618421052631579
4 0.5863636363636363 0.23848684210526316 0.00909090909090909 0.01644736842105263