3 0.05128205128205128 0.5 0.09829059829059829 0.9937888198757764
2 0.5779914529914529 0.043478260869565216 0.023504273504273504 0.037267080745341616
2 0.40064102564102566 0.3105590062111801 0.023504273504273504 0.037267080745341616
2 0.6121794871794872 0.6909937888198758 0.023504273504273504 0.034161490683229816
2 0.7414529914529915 0.8043478260869565 0.03418803418803419 0.037267080745341616
2 0.33653846153846156 0.7841614906832298 0.023504273504273504 0.040372670807453416
5 0.5576923076923077 0.7624223602484472 0.021367521367521368 0.034161490683229816
5 0.6260683760683761 0.718944099378882 0.021367521367521368 0.034161490683229816
0 0.36752136752136755 0.7096273291925466 0.021367521367521368 0.034161490683229816
0 0.5459401709401709 0.4704968944099379 0.023504273504273504 0.034161490683229816
1 0.6111111111111112 0.20652173913043478 0.021367521367521368 0.034161490683229816
1 0.6901709401709402 0.2748447204968944 0.02564102564102564 0.040372670807453416
1 0.43696581196581197 0.6381987577639752 0.023504273504273504 0.034161490683229816
1 0.4027777777777778 0.7701863354037267 0.023504273504273504 0.037267080745341616
1 0.5128205128205128 0.8680124223602484 0.021367521367521368 0.034161490683229816
4 0.4081196581196581 0.7375776397515528 0.008547008547008548 0.015527950310559006
3 0.9829059829059829 0.9332298136645962 0.029914529914529916 0.12732919254658384
3 0.9850427350427351 0.422360248447205 0.02564102564102564 0.8385093167701864