3 0.02510460251046025 0.5 0.0502092050209205 0.9939393939393939
3 0.9456066945606695 0.5 0.1087866108786611 0.9939393939393939
2 0.4236401673640167 0.06515151515151515 0.027196652719665274 0.03939393939393939
2 0.5972803347280334 0.3242424242424242 0.02301255230125523 0.030303030303030304
2 0.3891213389121339 0.696969696969697 0.02510460251046025 0.03636363636363636
2 0.549163179916318 0.8454545454545455 0.02301255230125523 0.03636363636363636
2 0.6589958158995816 0.7848484848484848 0.02510460251046025 0.03636363636363636
5 0.5575313807531381 0.6787878787878788 0.02301255230125523 0.03636363636363636
5 0.37552301255230125 0.7227272727272728 0.02301255230125523 0.03333333333333333
0 0.6297071129707112 0.7151515151515152 0.02092050209205021 0.03636363636363636
0 0.45502092050209203 0.4818181818181818 0.02301255230125523 0.030303030303030304
1 0.5763598326359832 0.6196969696969697 0.02301255230125523 0.03939393939393939
1 0.5941422594142259 0.7712121212121212 0.02510460251046025 0.03333333333333333
1 0.48640167364016734 0.8696969696969697 0.02301255230125523 0.03636363636363636
1 0.3148535564853556 0.2878787878787879 0.02301255230125523 0.03636363636363636
1 0.3912133891213389 0.22272727272727272 0.02092050209205021 0.03333333333333333
4 0.5899581589958159 0.7424242424242424 0.008368200836820083 0.012121212121212121