3 0.06357758620689655 0.4984375 0.12284482758620689 0.996875
2 0.6066810344827587 0.9515625 0.028017241379310345 0.040625
2 0.42780172413793105 0.684375 0.023706896551724137 0.03125
2 0.6422413793103449 0.3 0.02586206896551724 0.0375
2 0.47737068965517243 0.146875 0.023706896551724137 0.0375
2 0.3642241379310345 0.209375 0.02586206896551724 0.0375
5 0.46875 0.31875 0.023706896551724137 0.0375
5 0.65625 0.2734375 0.023706896551724137 0.034375
0 0.39439655172413796 0.28125 0.021551724137931036 0.0375
0 0.5743534482758621 0.521875 0.023706896551724137 0.03125
1 0.44935344827586204 0.3796875 0.023706896551724137 0.040625
1 0.43103448275862066 0.2234375 0.02586206896551724 0.034375
1 0.5420258620689655 0.121875 0.023706896551724137 0.0375
1 0.71875 0.721875 0.023706896551724137 0.0375
1 0.6400862068965517 0.7890625 0.021551724137931036 0.034375
4 0.4353448275862069 0.253125 0.008620689655172414 0.0125