3 0.9403765690376569 0.4984848484848485 0.11506276150627615 0.996969696969697
3 0.01778242677824268 0.4984848484848485 0.03556485355648536 0.996969696969697
2 0.5868200836820083 0.6803030303030303 0.02301255230125523 0.03333333333333333
2 0.3786610878661088 0.30606060606060603 0.02510460251046025 0.03636363636363636
2 0.5826359832635983 0.35909090909090907 0.02301255230125523 0.03939393939393939
2 0.649581589958159 0.21666666666666667 0.027196652719665274 0.03939393939393939
2 0.7301255230125523 0.06363636363636363 0.02510460251046025 0.04242424242424243
5 0.5784518828451883 0.3090909090909091 0.02301255230125523 0.030303030303030304
5 0.36610878661087864 0.2803030303030303 0.02092050209205021 0.03333333333333333
0 0.6192468619246861 0.28939393939393937 0.02092050209205021 0.03333333333333333
0 0.4445606694560669 0.5212121212121212 0.02301255230125523 0.030303030303030304
1 0.3797071129707113 0.7818181818181819 0.01882845188284519 0.030303030303030304
1 0.3023012552301255 0.7151515151515152 0.02301255230125523 0.03636363636363636
1 0.6673640167364017 0.3712121212121212 0.02510460251046025 0.03939393939393939
1 0.5847280334728033 0.2287878787878788 0.02301255230125523 0.03333333333333333
1 0.47489539748953974 0.13333333333333333 0.02092050209205021 0.03636363636363636
4 0.5794979079497908 0.26212121212121214 0.008368200836820083 0.015151515151515152