3 0.014767932489451477 0.49847560975609756 0.029535864978902954 0.9969512195121951
3 0.9409282700421941 0.49847560975609756 0.11392405063291139 0.9969512195121951
2 0.5833333333333334 0.6905487804878049 0.023206751054852322 0.03353658536585366
2 0.3744725738396624 0.31402439024390244 0.023206751054852322 0.036585365853658534
2 0.6075949367088608 0.3201219512195122 0.02531645569620253 0.036585365853658534
2 0.6466244725738397 0.22713414634146342 0.023206751054852322 0.039634146341463415
2 0.7278481012658228 0.07317073170731707 0.02531645569620253 0.042682926829268296
5 0.5664556962025317 0.25 0.023206751054852322 0.03048780487804878
5 0.36075949367088606 0.28810975609756095 0.02109704641350211 0.03353658536585366
0 0.439873417721519 0.5304878048780488 0.023206751054852322 0.03048780487804878
0 0.630801687763713 0.2820121951219512 0.02109704641350211 0.03353658536585366
1 0.2974683544303797 0.725609756097561 0.02531645569620253 0.036585365853658534
1 0.7510548523206751 0.2926829268292683 0.02531645569620253 0.036585365853658534
1 0.5654008438818565 0.28810975609756095 0.02109704641350211 0.03353658536585366
1 0.5843881856540084 0.22408536585365854 0.02531645569620253 0.03353658536585366
1 0.4704641350210971 0.14176829268292682 0.02109704641350211 0.03353658536585366
4 0.6149789029535865 0.2423780487804878 0.010548523206751054 0.01524390243902439