3 0.01141552511415525 0.49834437086092714 0.0228310502283105 0.9966887417218543
3 0.9726027397260274 0.49834437086092714 0.0502283105022831 0.9966887417218543
2 0.6221461187214612 0.6605960264900662 0.02511415525114155 0.03642384105960265
2 0.3961187214611872 0.25165562913907286 0.02511415525114155 0.039735099337748346
2 0.6484018264840182 0.2582781456953642 0.0273972602739726 0.039735099337748346
2 0.6906392694063926 0.15728476821192053 0.02511415525114155 0.04304635761589404
2 0.7796803652968036 0.008278145695364239 0.02968036529680365 0.016556291390728478
5 0.6038812785388128 0.18211920529801323 0.02511415525114155 0.033112582781456956
5 0.3812785388127854 0.22350993377483444 0.0228310502283105 0.03642384105960265
0 0.4668949771689498 0.4867549668874172 0.02511415525114155 0.033112582781456956
0 0.6735159817351598 0.21688741721854304 0.0228310502283105 0.03642384105960265
1 0.3127853881278539 0.6986754966887417 0.0273972602739726 0.039735099337748346
1 0.8036529680365296 0.22847682119205298 0.0273972602739726 0.039735099337748346
1 0.6027397260273972 0.22350993377483444 0.0228310502283105 0.03642384105960265
1 0.6232876712328768 0.15397350993377484 0.0273972602739726 0.03642384105960265
1 0.5 0.06456953642384106 0.0228310502283105 0.03642384105960265
4 0.656392694063927 0.173841059602649 0.01141552511415525 0.016556291390728478