3 0.9861702127659574 0.5 0.023404255319148935 0.9938271604938271
3 0.059574468085106386 0.5 0.1148936170212766 0.9938271604938271
2 0.4117021276595745 0.3287037037037037 0.023404255319148935 0.033950617283950615
2 0.625531914893617 0.7114197530864198 0.02553191489361702 0.033950617283950615
2 0.3904255319148936 0.7052469135802469 0.023404255319148935 0.033950617283950615
2 0.35 0.8009259259259259 0.023404255319148935 0.040123456790123455
2 0.2680851063829787 0.9567901234567902 0.02553191489361702 0.043209876543209874
5 0.4319148936170213 0.7808641975308642 0.02127659574468085 0.030864197530864196
5 0.6382978723404256 0.7361111111111112 0.02127659574468085 0.033950617283950615
0 0.3648936170212766 0.7407407407407407 0.023404255319148935 0.037037037037037035
0 0.5585106382978723 0.49228395061728397 0.023404255319148935 0.033950617283950615
1 0.24361702127659574 0.7299382716049383 0.023404255319148935 0.040123456790123455
1 0.4095744680851064 0.8070987654320988 0.023404255319148935 0.033950617283950615
1 0.4925531914893617 0.8132716049382716 0.023404255319148935 0.033950617283950615
1 0.4319148936170213 0.7469135802469136 0.02127659574468085 0.030864197530864196
1 0.7031914893617022 0.2932098765432099 0.023404255319148935 0.037037037037037035
4 0.3670212765957447 0.7947530864197531 0.010638297872340425 0.015432098765432098