3 0.021784232365145227 0.5 0.043568464730290454 0.9939759036144579
3 0.9398340248962656 0.5 0.12033195020746888 0.9939759036144579
2 0.5902489626556017 0.32379518072289154 0.022821576763485476 0.03313253012048193
2 0.3817427385892116 0.697289156626506 0.024896265560165973 0.03313253012048193
2 0.6109958506224067 0.6912650602409639 0.022821576763485476 0.03313253012048193
2 0.6504149377593361 0.7846385542168675 0.022821576763485476 0.0391566265060241
2 0.7302904564315352 0.9367469879518072 0.024896265560165973 0.04216867469879518
5 0.5705394190871369 0.7650602409638554 0.02074688796680498 0.030120481927710843
5 0.36929460580912865 0.7213855421686747 0.02074688796680498 0.03313253012048193
0 0.6358921161825726 0.7259036144578314 0.022821576763485476 0.03614457831325301
0 0.4470954356846473 0.48343373493975905 0.022821576763485476 0.03313253012048193
1 0.754149377593361 0.7153614457831325 0.022821576763485476 0.0391566265060241
1 0.5923236514522822 0.7906626506024096 0.022821576763485476 0.03313253012048193
1 0.5114107883817427 0.7966867469879518 0.022821576763485476 0.03313253012048193
1 0.5705394190871369 0.7319277108433735 0.02074688796680498 0.030120481927710843
1 0.30601659751037347 0.2891566265060241 0.022821576763485476 0.03614457831325301
4 0.6338174273858921 0.7786144578313253 0.01037344398340249 0.015060240963855422