3 0.009574468085106383 0.4984567901234568 0.019148936170212766 0.9969135802469136
3 0.9393617021276596 0.4984567901234568 0.11702127659574468 0.9969135802469136
2 0.07234042553191489 0.5123456790123457 0.029787234042553193 0.037037037037037035
2 0.36914893617021277 0.24691358024691357 0.023404255319148935 0.037037037037037035
2 0.725531914893617 0.046296296296296294 0.02553191489361702 0.043209876543209874
2 0.6819148936170213 0.8858024691358025 0.023404255319148935 0.037037037037037035
5 0.7436170212765958 0.22993827160493827 0.023404255319148935 0.033950617283950615
5 0.015957446808510637 0.4367283950617284 0.027659574468085105 0.033950617283950615
2 0.8606382978723405 0.31635802469135804 0.027659574468085105 0.040123456790123455
0 0.926595744680851 0.37191358024691357 0.023404255319148935 0.033950617283950615
0 0.15212765957446808 0.7885802469135802 0.023404255319148935 0.033950617283950615
1 0.5765957446808511 0.3595679012345679 0.02127659574468085 0.033950617283950615
1 0.5553191489361702 0.32407407407407407 0.02127659574468085 0.030864197530864196
1 0.5829787234042553 0.19444444444444445 0.02553191489361702 0.037037037037037035
1 0.776595744680851 0.25308641975308643 0.02553191489361702 0.037037037037037035
1 0.3851063829787234 0.9598765432098766 0.02553191489361702 0.037037037037037035
4 0.42872340425531913 0.31790123456790126 0.010638297872340425 0.012345679012345678