3 0.9806034482758621 0.5 0.034482758620689655 0.99375
3 0.04525862068965517 0.5 0.08620689655172414 0.99375
2 0.21767241379310345 0.3078125 0.02586206896551724 0.034375
2 0.2823275862068966 0.4078125 0.02586206896551724 0.034375
2 0.28125 0.2875 0.023706896551724137 0.03125
2 0.25754310344827586 0.2859375 0.023706896551724137 0.034375
2 0.1875 0.3171875 0.02586206896551724 0.034375
5 0.35237068965517243 0.2359375 0.023706896551724137 0.034375
5 0.1961206896551724 0.2328125 0.021551724137931036 0.034375
0 0.18642241379310345 0.2625 0.023706896551724137 0.03125
0 0.3642241379310345 0.159375 0.02586206896551724 0.0375
1 0.3588362068965517 0.271875 0.023706896551724137 0.03125
1 0.2101293103448276 0.403125 0.028017241379310345 0.0375
1 0.11530172413793104 0.3140625 0.023706896551724137 0.034375
1 0.23706896551724138 0.1640625 0.02586206896551724 0.034375
1 0.23060344827586207 0.13125 0.02586206896551724 0.03125
4 0.10452586206896551 0.3328125 0.010775862068965518 0.015625