3 0.015957446808510637 0.4984567901234568 0.031914893617021274 0.9969135802469136
3 0.9478723404255319 0.4984567901234568 0.1 0.9969135802469136
2 0.7680851063829788 0.7175925925925926 0.02553191489361702 0.033950617283950615
2 0.7042553191489361 0.6188271604938271 0.02553191489361702 0.033950617283950615
2 0.7053191489361702 0.7376543209876543 0.023404255319148935 0.030864197530864196
2 0.7287234042553191 0.7391975308641975 0.023404255319148935 0.033950617283950615
2 0.7978723404255319 0.7083333333333334 0.02553191489361702 0.033950617283950615
5 0.6351063829787233 0.7885802469135802 0.023404255319148935 0.033950617283950615
5 0.7893617021276595 0.7916666666666666 0.02127659574468085 0.033950617283950615
0 0.798936170212766 0.7623456790123457 0.023404255319148935 0.030864197530864196
0 0.6234042553191489 0.8641975308641975 0.02553191489361702 0.037037037037037035
1 0.6287234042553191 0.7530864197530864 0.023404255319148935 0.030864197530864196
1 0.7755319148936171 0.6234567901234568 0.027659574468085105 0.037037037037037035
1 0.8691489361702127 0.7114197530864198 0.023404255319148935 0.033950617283950615
1 0.7489361702127659 0.8595679012345679 0.02553191489361702 0.033950617283950615
1 0.7553191489361702 0.8919753086419753 0.02553191489361702 0.030864197530864196
4 0.8797872340425532 0.6929012345679012 0.010638297872340425 0.015432098765432098