3 0.9460352422907489 0.5 0.10792951541850221 0.9936305732484076
2 0.6861233480176211 0.11624203821656051 0.024229074889867842 0.041401273885350316
2 0.05506607929515418 0.5031847133757962 0.030837004405286344 0.03821656050955414
2 0.3623348017621145 0.7754777070063694 0.024229074889867842 0.041401273885350316
2 0.7334801762114538 0.9777070063694268 0.030837004405286344 0.03821656050955414
2 0.8711453744493393 0.7054140127388535 0.028634361233480177 0.041401273885350316
5 0.751101321585903 0.7945859872611465 0.02643171806167401 0.03503184713375796
5 0.1618942731277533 0.643312101910828 0.03303964757709251 0.03821656050955414
0 0.9405286343612335 0.6496815286624203 0.02643171806167401 0.03184713375796178
0 0.13766519823788545 0.21656050955414013 0.028634361233480177 0.03821656050955414
1 0.3788546255506608 0.042993630573248405 0.022026431718061675 0.03503184713375796
1 0.5770925110132159 0.660828025477707 0.022026431718061675 0.03503184713375796
1 0.5550660792951542 0.697452229299363 0.022026431718061675 0.03184713375796178
1 0.7852422907488987 0.7707006369426752 0.024229074889867842 0.03821656050955414
1 0.5837004405286343 0.8296178343949044 0.022026431718061675 0.03503184713375796
4 0.4251101321585903 0.7038216560509554 0.00881057268722467 0.012738853503184714