3 0.9922907488986784 0.5 0.011013215859030838 0.9936305732484076
3 0.048458149779735685 0.5 0.09251101321585903 0.9936305732484076
2 0.4129955947136564 0.32802547770700635 0.024229074889867842 0.03821656050955414
2 0.9295154185022027 0.44745222929936307 0.030837004405286344 0.041401273885350316
2 0.6233480176211453 0.7181528662420382 0.02643171806167401 0.041401273885350316
2 0.2533039647577093 0.9251592356687898 0.02643171806167401 0.04777070063694268
2 0.1145374449339207 0.6480891719745223 0.030837004405286344 0.041401273885350316
5 0.40198237885462557 0.7213375796178344 0.024229074889867842 0.03503184713375796
5 0.23348017621145375 0.7388535031847133 0.02643171806167401 0.03821656050955414
0 0.04515418502202643 0.5939490445859873 0.024229074889867842 0.041401273885350316
0 0.8458149779735683 0.15764331210191082 0.02643171806167401 0.03503184713375796
1 0.40859030837004406 0.606687898089172 0.019823788546255508 0.03503184713375796
1 0.42951541850220265 0.64171974522293 0.022026431718061675 0.03503184713375796
1 0.4008810572687225 0.7738853503184714 0.02643171806167401 0.03821656050955414
1 0.19933920704845814 0.7133757961783439 0.024229074889867842 0.03821656050955414
4 0.5594713656387665 0.6480891719745223 0.00881057268722467 0.01592356687898089