3 0.04708520179372197 0.49837662337662336 0.08968609865470852 0.9967532467532467
2 0.41816143497757846 0.6006493506493507 0.02466367713004484 0.03896103896103896
2 0.9439461883408071 0.4788961038961039 0.03139013452914798 0.04220779220779221
2 0.6322869955156951 0.20292207792207792 0.026905829596412557 0.04220779220779221
2 0.25448430493273544 0.00974025974025974 0.02914798206278027 0.01948051948051948
2 0.11434977578475336 0.27435064935064934 0.03139013452914798 0.04220779220779221
5 0.4069506726457399 0.19967532467532467 0.02466367713004484 0.03571428571428571
5 0.23542600896860988 0.18181818181818182 0.026905829596412557 0.03896103896103896
0 0.043721973094170405 0.32954545454545453 0.02466367713004484 0.04220779220779221
0 0.8587443946188341 0.7743506493506493 0.026905829596412557 0.03571428571428571
1 0.6132286995515696 0.9496753246753247 0.02914798206278027 0.04220779220779221
1 0.413677130044843 0.31655844155844154 0.020179372197309416 0.03571428571428571
1 0.4349775784753363 0.28084415584415584 0.02242152466367713 0.03571428571428571
1 0.40582959641255606 0.1461038961038961 0.026905829596412557 0.03896103896103896
1 0.2006726457399103 0.2077922077922078 0.02466367713004484 0.03896103896103896
4 0.5672645739910314 0.27435064935064934 0.008968609865470852 0.016233766233766232