3 0.981359649122807 0.5 0.03289473684210526 0.9936708860759493
3 0.04057017543859649 0.5 0.07675438596491228 0.9936708860759493
2 0.9111842105263158 0.5 0.02850877192982456 0.0379746835443038
2 0.44956140350877194 0.5348101265822784 0.021929824561403508 0.0379746835443038
2 0.6052631578947368 0.7721518987341772 0.02631578947368421 0.0379746835443038
2 0.23684210526315788 0.9762658227848101 0.02631578947368421 0.04113924050632911
2 0.09649122807017543 0.7009493670886076 0.03070175438596491 0.04113924050632911
5 0.38706140350877194 0.7721518987341772 0.02412280701754386 0.0379746835443038
5 0.21710526315789475 0.7895569620253164 0.02631578947368421 0.03481012658227848
0 0.02850877192982456 0.6455696202531646 0.02631578947368421 0.0379746835443038
0 0.8289473684210527 0.21677215189873417 0.02631578947368421 0.03481012658227848
1 0.5877192982456141 0.04272151898734177 0.02631578947368421 0.03481012658227848
1 0.39035087719298245 0.6582278481012658 0.021929824561403508 0.03164556962025317
1 0.41228070175438597 0.694620253164557 0.021929824561403508 0.03481012658227848
1 0.18311403508771928 0.7658227848101266 0.02412280701754386 0.0379746835443038
1 0.38377192982456143 0.8259493670886076 0.02631578947368421 0.0379746835443038
4 0.5416666666666666 0.7009493670886076 0.008771929824561403 0.015822784810126583