3 0.018805309734513276 0.4983974358974359 0.03761061946902655 0.9967948717948718
3 0.9657079646017699 0.4983974358974359 0.06415929203539823 0.9967948717948718
2 0.0918141592920354 0.5480769230769231 0.028761061946902654 0.038461538461538464
2 0.4004424778761062 0.2724358974358974 0.02654867256637168 0.038461538461538464
2 0.5221238938053098 0.28044871794871795 0.030973451327433628 0.041666666666666664
2 0.4280973451327434 0.038461538461538464 0.01991150442477876 0.038461538461538464
2 0.7699115044247787 0.0641025641025641 0.02654867256637168 0.04487179487179487
5 0.620575221238938 0.2724358974358974 0.024336283185840708 0.038461538461538464
5 0.7920353982300885 0.2532051282051282 0.022123893805309734 0.038461538461538464
0 0.9823008849557522 0.39903846153846156 0.02654867256637168 0.041666666666666664
0 0.1747787610619469 0.8349358974358975 0.02654867256637168 0.041666666666666664
1 0.5862831858407079 0.3814102564102564 0.022123893805309734 0.038461538461538464
1 0.6172566371681416 0.38782051282051283 0.022123893805309734 0.038461538461538464
1 0.8263274336283186 0.27724358974358976 0.024336283185840708 0.041666666666666664
1 0.6238938053097345 0.21794871794871795 0.02654867256637168 0.038461538461538464
4 0.46349557522123896 0.34455128205128205 0.011061946902654867 0.016025641025641024