3 0.011702127659574468 0.4984567901234568 0.023404255319148935 0.9969135802469136
3 0.9414893617021277 0.4984567901234568 0.1127659574468085 0.9969135802469136
2 0.07553191489361702 0.5401234567901234 0.027659574468085105 0.037037037037037035
2 0.3723404255319149 0.27469135802469136 0.02553191489361702 0.037037037037037035
2 0.48936170212765956 0.2824074074074074 0.029787234042553193 0.040123456790123455
2 0.39893617021276595 0.04938271604938271 0.019148936170212766 0.037037037037037035
2 0.7276595744680852 0.07407407407407407 0.02553191489361702 0.043209876543209874
5 0.5840425531914893 0.27469135802469136 0.023404255319148935 0.037037037037037035
5 0.7489361702127659 0.25617283950617287 0.02127659574468085 0.037037037037037035
0 0.9319148936170213 0.3966049382716049 0.02553191489361702 0.040123456790123455
0 0.15531914893617021 0.816358024691358 0.02553191489361702 0.040123456790123455
1 0.3904255319148936 0.9814814814814815 0.027659574468085105 0.030864197530864196
1 0.551063829787234 0.37962962962962965 0.02127659574468085 0.037037037037037035
1 0.5808510638297872 0.38580246913580246 0.02127659574468085 0.037037037037037035
1 0.7819148936170213 0.279320987654321 0.023404255319148935 0.040123456790123455
1 0.5872340425531914 0.2222222222222222 0.02553191489361702 0.037037037037037035
4 0.4329787234042553 0.3441358024691358 0.010638297872340425 0.015432098765432098