3 0.9538288288288288 0.5 0.09234234234234234 0.9934640522875817
2 0.05067567567567568 0.4934640522875817 0.02927927927927928 0.0392156862745098
2 0.36486486486486486 0.7745098039215687 0.02702702702702703 0.0392156862745098
2 0.3963963963963964 0.9934640522875817 0.02702702702702703 0.006535947712418301
2 0.7454954954954955 0.9803921568627451 0.03153153153153153 0.032679738562091505
2 0.5675675675675675 0.7303921568627451 0.03153153153153153 0.042483660130718956
5 0.588963963963964 0.7745098039215687 0.02027027027027027 0.032679738562091505
5 0.7635135135135135 0.7924836601307189 0.02252252252252252 0.03594771241830065
0 0.9572072072072072 0.6454248366013072 0.02702702702702703 0.042483660130718956
0 0.13626126126126126 0.20098039215686275 0.024774774774774775 0.03594771241830065
1 0.38400900900900903 0.02287581699346405 0.02927927927927928 0.0392156862745098
1 0.5855855855855856 0.6568627450980392 0.02252252252252252 0.0392156862745098
1 0.5608108108108109 0.6879084967320261 0.02252252252252252 0.03594771241830065
1 0.7984234234234234 0.7728758169934641 0.024774774774774775 0.042483660130718956
1 0.5912162162162162 0.8316993464052288 0.024774774774774775 0.042483660130718956
4 0.43018018018018017 0.7009803921568627 0.009009009009009009 0.016339869281045753