3 0.9791666666666666 0.5 0.0375 1
3 0.059375 0.4984848484848485 0.11458333333333333 0.996969696969697
2 0.909375 0.5242424242424243 0.027083333333333334 0.03636363636363636
2 0.61875 0.2636363636363636 0.025 0.03636363636363636
2 0.5916666666666667 0.04242424242424243 0.020833333333333332 0.03636363636363636
2 0.26875 0.06515151515151515 0.025 0.03939393939393939
2 0.43125 0.30454545454545456 0.029166666666666667 0.03939393939393939
5 0.4114583333333333 0.2636363636363636 0.01875 0.030303030303030304
5 0.25 0.24696969696969698 0.020833333333333332 0.03333333333333333
0 0.07083333333333333 0.38333333333333336 0.025 0.03939393939393939
0 0.8302083333333333 0.7954545454545454 0.022916666666666665 0.03333333333333333
1 0.6020833333333333 0.9621212121212122 0.025 0.03939393939393939
1 0.41458333333333336 0.37272727272727274 0.020833333333333332 0.03636363636363636
1 0.4375 0.34393939393939393 0.020833333333333332 0.03333333333333333
1 0.21770833333333334 0.26515151515151514 0.022916666666666665 0.03939393939393939
1 0.409375 0.2106060606060606 0.022916666666666665 0.03939393939393939
4 0.5583333333333333 0.33181818181818185 0.008333333333333333 0.015151515151515152