3 0.9793388429752066 0.5 0.0371900826446281 1
3 0.06301652892561983 0.49850299401197606 0.12190082644628099 0.9970059880239521
2 0.9080578512396694 0.5209580838323353 0.026859504132231406 0.03592814371257485
2 0.6208677685950413 0.2634730538922156 0.022727272727272728 0.03592814371257485
2 0.5971074380165289 0.04640718562874251 0.02066115702479339 0.03293413173652695
2 0.27582644628099173 0.0688622754491018 0.022727272727272728 0.03592814371257485
2 0.762396694214876 0.07784431137724551 0.024793388429752067 0.03592814371257485
5 0.41632231404958675 0.2634730538922156 0.022727272727272728 0.029940119760479042
5 0.25516528925619836 0.2470059880239521 0.022727272727272728 0.03293413173652695
0 0.07851239669421488 0.38173652694610777 0.024793388429752067 0.038922155688622756
0 0.8305785123966942 0.7889221556886228 0.02066115702479339 0.03293413173652695
1 0.512396694214876 0.5389221556886228 0.02066115702479339 0.03592814371257485
1 0.4493801652892562 0.37574850299401197 0.022727272727272728 0.03293413173652695
1 0.4194214876033058 0.36976047904191617 0.02066115702479339 0.03293413173652695
1 0.2231404958677686 0.26646706586826346 0.024793388429752067 0.041916167664670656
1 0.4132231404958678 0.2125748502994012 0.024793388429752067 0.03592814371257485
4 0.5619834710743802 0.3323353293413174 0.008264462809917356 0.011976047904191617