3 0.013598326359832637 0.4984848484848485 0.027196652719665274 0.996969696969697
3 0.9372384937238494 0.4984848484848485 0.12133891213389121 0.996969696969697
2 0.0794979079497908 0.5212121212121212 0.029288702928870293 0.03636363636363636
2 0.3702928870292887 0.2606060606060606 0.02510460251046025 0.03636363636363636
2 0.39644351464435146 0.03939393939393939 0.01882845188284519 0.03636363636363636
2 0.22698744769874477 0.07272727272727272 0.027196652719665274 0.03636363636363636
2 0.7217573221757322 0.06515151515151515 0.02510460251046025 0.03939393939393939
5 0.5774058577405857 0.2606060606060606 0.02092050209205021 0.030303030303030304
5 0.7405857740585774 0.24393939393939393 0.02092050209205021 0.03333333333333333
0 0.5292887029288703 0.4666666666666667 0.02092050209205021 0.03636363636363636
0 0.15690376569037656 0.793939393939394 0.02510460251046025 0.03636363636363636
1 0.5439330543933054 0.37727272727272726 0.02092050209205021 0.03333333333333333
1 0.5753138075313807 0.36818181818181817 0.02092050209205021 0.03333333333333333
1 0.7730125523012552 0.26515151515151514 0.02301255230125523 0.03939393939393939
1 0.5815899581589958 0.20909090909090908 0.02092050209205021 0.03636363636363636
1 0.5711297071129707 0.07878787878787878 0.02092050209205021 0.03636363636363636
4 0.4309623430962343 0.3303030303030303 0.008368200836820083 0.012121212121212121