3 0.9893617021276596 0.5 0.01702127659574468 1
3 0.059574468085106386 0.4984567901234568 0.1148936170212766 0.9969135802469136
2 0.9276595744680851 0.5092592592592593 0.029787234042553193 0.037037037037037035
2 0.6319148936170212 0.24382716049382716 0.02553191489361702 0.037037037037037035
2 0.6053191489361702 0.018518518518518517 0.019148936170212766 0.037037037037037035
2 0.7776595744680851 0.05246913580246913 0.027659574468085105 0.037037037037037035
2 0.274468085106383 0.044753086419753084 0.02553191489361702 0.040123456790123455
5 0.42127659574468085 0.24382716049382716 0.02127659574468085 0.030864197530864196
5 0.2553191489361702 0.22685185185185186 0.02127659574468085 0.033950617283950615
0 0.4702127659574468 0.4537037037037037 0.02127659574468085 0.037037037037037035
0 0.8489361702127659 0.7870370370370371 0.02553191489361702 0.037037037037037035
1 0.4553191489361702 0.3626543209876543 0.02127659574468085 0.033950617283950615
1 0.42340425531914894 0.3533950617283951 0.02127659574468085 0.033950617283950615
1 0.22234042553191488 0.24845679012345678 0.023404255319148935 0.040123456790123455
1 0.41702127659574467 0.19135802469135801 0.02127659574468085 0.037037037037037035
1 0.4276595744680851 0.05864197530864197 0.02127659574468085 0.037037037037037035
4 0.5702127659574469 0.3148148148148148 0.00851063829787234 0.012345679012345678