3 0.9794372294372294 0.5 0.0367965367965368 0.9937106918238994
3 0.04329004329004329 0.5 0.08225108225108226 0.9937106918238994
2 0.9069264069264069 0.48427672955974843 0.030303030303030304 0.03773584905660377
2 0.6060606060606061 0.7547169811320755 0.025974025974025976 0.03773584905660377
2 0.579004329004329 0.9795597484276729 0.023809523809523808 0.03459119496855346
2 0.7543290043290043 0.949685534591195 0.02813852813852814 0.03773584905660377
2 0.24242424242424243 0.9575471698113207 0.025974025974025976 0.040880503144654086
5 0.3917748917748918 0.7547169811320755 0.021645021645021644 0.031446540880503145
5 0.22294372294372294 0.7720125786163522 0.021645021645021644 0.03459119496855346
0 0.44155844155844154 0.5408805031446541 0.021645021645021644 0.03773584905660377
0 0.8268398268398268 0.20125786163522014 0.025974025974025976 0.03773584905660377
1 0.4264069264069264 0.6336477987421384 0.021645021645021644 0.03459119496855346
1 0.3939393939393939 0.6430817610062893 0.021645021645021644 0.03459119496855346
1 0.1893939393939394 0.75 0.023809523809523808 0.040880503144654086
1 0.3874458874458874 0.8081761006289309 0.021645021645021644 0.03773584905660377
1 0.39826839826839827 0.9433962264150944 0.021645021645021644 0.03773584905660377
4 0.5432900432900433 0.6823899371069182 0.008658008658008658 0.012578616352201259