3 0.01694915254237288 0.5 0.03389830508474576 0.9938650306748467
3 0.9459745762711864 0.5 0.10805084745762712 0.9938650306748467
2 0.7002118644067796 0.3911042944785276 0.023305084745762712 0.03374233128834356
2 0.7934322033898306 0.299079754601227 0.023305084745762712 0.03374233128834356
2 0.7627118644067796 0.2929447852760736 0.025423728813559324 0.03374233128834356
2 0.722457627118644 0.2714723926380368 0.0211864406779661 0.03374233128834356
2 0.7002118644067796 0.27300613496932513 0.023305084745762712 0.03067484662576687
5 0.7838983050847458 0.22085889570552147 0.0211864406779661 0.03067484662576687
5 0.6302966101694916 0.2223926380368098 0.023305084745762712 0.03374233128834356
0 0.7934322033898306 0.2469325153374233 0.023305084745762712 0.03374233128834356
0 0.6186440677966102 0.147239263803681 0.0211864406779661 0.03067484662576687
1 0.7510593220338984 0.1196319018404908 0.023305084745762712 0.03067484662576687
1 0.7436440677966102 0.15030674846625766 0.025423728813559324 0.03067484662576687
1 0.6239406779661016 0.25766871165644173 0.023305084745762712 0.03067484662576687
1 0.8633474576271186 0.3006134969325153 0.023305084745762712 0.03067484662576687
1 0.7711864406779662 0.38650306748466257 0.025423728813559324 0.03680981595092025
4 0.8739406779661016 0.3159509202453988 0.01059322033898305 0.012269938650306749