3 0.0605726872246696 0.4984076433121019 0.11674008810572688 0.9968152866242038
2 0.6751101321585903 0.8168789808917197 0.028634361233480177 0.03503184713375796
2 0.3458149779735683 0.7245222929936306 0.02643171806167401 0.03503184713375796
2 0.2511013215859031 0.5859872611464968 0.02643171806167401 0.044585987261146494
2 0.368942731277533 0.46496815286624205 0.024229074889867842 0.03821656050955414
2 0.45154185022026433 0.2213375796178344 0.022026431718061675 0.03503184713375796
5 0.30176211453744495 0.7245222929936306 0.022026431718061675 0.03503184713375796
5 0.21145374449339208 0.9872611464968153 0.02643171806167401 0.01910828025477707
0 0.21035242290748898 0.6305732484076433 0.024229074889867842 0.03821656050955414
0 0.4889867841409692 0.14012738853503184 0.022026431718061675 0.03184713375796178
1 0.3436123348017621 0.4171974522292994 0.02643171806167401 0.044585987261146494
1 0.2610132158590308 0.6464968152866242 0.024229074889867842 0.03821656050955414
1 0.21365638766519823 0.6942675159235668 0.02643171806167401 0.044585987261146494
1 0.2852422907488987 0.7866242038216561 0.024229074889867842 0.03821656050955414
1 0.4779735682819383 0.910828025477707 0.022026431718061675 0.03821656050955414
4 0.28083700440528636 0.6863057324840764 0.011013215859030838 0.01592356687898089