3 0.053811659192825115 0.5 0.1031390134529148 0.9935064935064936
2 0.6692825112107623 0.13474025974025974 0.02914798206278027 0.03571428571428571
2 0.33408071748878926 0.2288961038961039 0.026905829596412557 0.03571428571428571
2 0.23766816143497757 0.37012987012987014 0.026905829596412557 0.045454545454545456
2 0.3576233183856502 0.4935064935064935 0.02466367713004484 0.03896103896103896
2 0.44170403587443946 0.7418831168831169 0.02242152466367713 0.03571428571428571
5 0.289237668161435 0.2288961038961039 0.02242152466367713 0.03571428571428571
0 0.1961883408071749 0.3246753246753247 0.02466367713004484 0.03896103896103896
0 0.4798206278026906 0.8246753246753247 0.02242152466367713 0.032467532467532464
1 0.33183856502242154 0.5422077922077922 0.026905829596412557 0.045454545454545456
1 0.24775784753363228 0.30844155844155846 0.02466367713004484 0.03896103896103896
1 0.19955156950672645 0.2597402597402597 0.026905829596412557 0.045454545454545456
1 0.27242152466367714 0.16558441558441558 0.02466367713004484 0.03896103896103896
1 0.46860986547085204 0.03896103896103896 0.02242152466367713 0.03896103896103896
4 0.2679372197309417 0.26785714285714285 0.011210762331838564 0.016233766233766232