3 0.07158590308370044 0.5 0.13876651982378854 0.9936305732484076
2 0.6949339207048458 0.18949044585987262 0.028634361233480177 0.03503184713375796
2 0.3656387665198238 0.2818471337579618 0.02643171806167401 0.03503184713375796
2 0.2709251101321586 0.42038216560509556 0.02643171806167401 0.044585987261146494
2 0.38876651982378857 0.5414012738853503 0.024229074889867842 0.03821656050955414
2 0.4713656387665198 0.785031847133758 0.022026431718061675 0.03503184713375796
5 0.32158590308370044 0.2818471337579618 0.022026431718061675 0.03503184713375796
5 0.23127753303964757 0.01592356687898089 0.02643171806167401 0.025477707006369428
0 0.2301762114537445 0.37579617834394907 0.024229074889867842 0.03821656050955414
0 0.5088105726872246 0.8662420382165605 0.022026431718061675 0.03184713375796178
1 0.3634361233480176 0.589171974522293 0.02643171806167401 0.044585987261146494
1 0.28083700440528636 0.35987261146496813 0.024229074889867842 0.03821656050955414
1 0.23348017621145375 0.31210191082802546 0.02643171806167401 0.044585987261146494
1 0.30506607929515417 0.2197452229299363 0.024229074889867842 0.03821656050955414
1 0.4977973568281938 0.09554140127388536 0.022026431718061675 0.03821656050955414
4 0.30066079295154186 0.3200636942675159 0.011013215859030838 0.01592356687898089