3 0.05506607929515418 0.5 0.10572687224669604 0.9936305732484076
2 0.9438325991189427 0.482484076433121 0.028634361233480177 0.041401273885350316
2 0.6398678414096917 0.7531847133757962 0.024229074889867842 0.03503184713375796
2 0.2687224669603524 0.9601910828025477 0.02643171806167401 0.041401273885350316
2 0.6101321585903083 0.9808917197452229 0.02643171806167401 0.03184713375796178
2 0.789647577092511 0.9522292993630573 0.028634361233480177 0.03821656050955414
5 0.4196035242290749 0.7563694267515924 0.024229074889867842 0.03503184713375796
5 0.2488986784140969 0.7738853503184714 0.02643171806167401 0.03821656050955414
0 0.5099118942731278 0.5222929936305732 0.024229074889867842 0.03821656050955414
0 0.7665198237885462 0.3996815286624204 0.02643171806167401 0.041401273885350316
1 0.45594713656387664 0.6337579617834395 0.022026431718061675 0.03821656050955414
1 0.42400881057268724 0.64171974522293 0.019823788546255508 0.03503184713375796
1 0.21475770925110133 0.75 0.024229074889867842 0.041401273885350316
1 0.41629955947136565 0.8089171974522293 0.022026431718061675 0.03821656050955414
1 0.42841409691629956 0.9426751592356688 0.024229074889867842 0.03821656050955414
4 0.5748898678414097 0.6831210191082803 0.00881057268722467 0.01592356687898089