3 0.9893162393162394 0.5 0.017094017094017096 1
3 0.057692307692307696 0.4984472049689441 0.1111111111111111 0.9968944099378882
2 0.9262820512820513 0.5201863354037267 0.027777777777777776 0.040372670807453416
2 0.6314102564102564 0.2562111801242236 0.023504273504273504 0.034161490683229816
2 0.27136752136752135 0.05434782608695652 0.02564102564102564 0.040372670807453416
2 0.6025641025641025 0.027950310559006212 0.021367521367521368 0.037267080745341616
2 0.7767094017094017 0.062111801242236024 0.027777777777777776 0.037267080745341616
5 0.41773504273504275 0.2531055900621118 0.023504273504273504 0.034161490683229816
5 0.25213675213675213 0.2360248447204969 0.02564102564102564 0.037267080745341616
0 0.5053418803418803 0.4813664596273292 0.023504273504273504 0.037267080745341616
0 0.7542735042735043 0.6009316770186336 0.02564102564102564 0.040372670807453416
1 0.452991452991453 0.37267080745341613 0.021367521367521368 0.037267080745341616
1 0.422008547008547 0.36490683229813664 0.019230769230769232 0.034161490683229816
1 0.21901709401709402 0.2593167701863354 0.023504273504273504 0.040372670807453416
1 0.41452991452991456 0.20186335403726707 0.021367521367521368 0.037267080745341616
1 0.42628205128205127 0.07142857142857142 0.023504273504273504 0.037267080745341616
4 0.5683760683760684 0.3245341614906832 0.008547008547008548 0.015527950310559006