3 0.9767932489451476 0.5 0.04219409282700422 1
3 0.05063291139240506 0.49847560975609756 0.0970464135021097 0.9969512195121951
2 0.6033755274261603 0.34146341463414637 0.029535864978902954 0.042682926829268296
2 0.6086497890295358 0.2576219512195122 0.027426160337552744 0.039634146341463415
2 0.5833333333333334 0.03353658536585366 0.023206751054852322 0.036585365853658534
2 0.2552742616033755 0.057926829268292686 0.02531645569620253 0.042682926829268296
2 0.7531645569620253 0.06554878048780488 0.02531645569620253 0.039634146341463415
5 0.4008438818565401 0.25609756097560976 0.02109704641350211 0.03048780487804878
5 0.25 0.1951219512195122 0.023206751054852322 0.036585365853658534
0 0.4873417721518987 0.47865853658536583 0.02109704641350211 0.036585365853658534
0 0.4694092827004219 0.018292682926829267 0.023206751054852322 0.036585365853658534
1 0.40717299578059074 0.07469512195121951 0.02109704641350211 0.04573170731707317
1 0.39767932489451474 0.20426829268292682 0.023206751054852322 0.036585365853658534
1 0.42616033755274263 0.43902439024390244 0.02109704641350211 0.036585365853658534
1 0.43354430379746833 0.37347560975609756 0.023206751054852322 0.03353658536585366
1 0.4820675105485232 0.3018292682926829 0.023206751054852322 0.042682926829268296
4 0.5485232067510548 0.3246951219512195 0.008438818565400843 0.01524390243902439