3 0.9360730593607306 0.5 0.1278538812785388 0.9933774834437086
2 0.3264840182648402 0.652317880794702 0.0319634703196347 0.046357615894039736
2 0.3207762557077626 0.7433774834437086 0.02968036529680365 0.04304635761589404
2 0.3504566210045662 0.9801324503311258 0.02968036529680365 0.033112582781456956
2 0.7031963470319634 0.9602649006622517 0.0273972602739726 0.046357615894039736
2 0.1643835616438356 0.9519867549668874 0.0273972602739726 0.04304635761589404
5 0.545662100456621 0.7450331125827815 0.0228310502283105 0.033112582781456956
5 0.708904109589041 0.8112582781456954 0.02511415525114155 0.039735099337748346
0 0.4520547945205479 0.5033112582781457 0.0228310502283105 0.039735099337748346
0 0.4726027397260274 0.9900662251655629 0.0273972602739726 0.013245033112582781
1 0.5388127853881278 0.9420529801324503 0.0228310502283105 0.04966887417218543
1 0.5490867579908676 0.8013245033112583 0.02511415525114155 0.039735099337748346
1 0.5182648401826484 0.5463576158940397 0.0228310502283105 0.039735099337748346
1 0.5102739726027398 0.6175496688741722 0.02511415525114155 0.03642384105960265
1 0.4577625570776256 0.695364238410596 0.02511415525114155 0.046357615894039736
4 0.3858447488584475 0.6705298013245033 0.0091324200913242 0.016556291390728478