3 0.9845814977973568 0.5 0.02643171806167401 1
3 0.03854625550660793 0.4984076433121019 0.07268722466960352 0.9968152866242038
2 0.6101321585903083 0.23089171974522293 0.02643171806167401 0.041401273885350316
2 0.4052863436123348 0.16719745222929935 0.02643171806167401 0.041401273885350316
2 0.24008810572687225 0.022292993630573247 0.02643171806167401 0.044585987261146494
2 0.5814977973568282 0.009554140127388535 0.02643171806167401 0.01910828025477707
2 0.7599118942731278 0.03184713375796178 0.02643171806167401 0.03821656050955414
5 0.3909691629955947 0.23089171974522293 0.024229074889867842 0.03503184713375796
5 0.6795154185022027 0.482484076433121 0.024229074889867842 0.03503184713375796
0 0.4812775330396476 0.46178343949044587 0.024229074889867842 0.03821656050955414
1 0.3997797356828194 0.042993630573248405 0.024229074889867842 0.041401273885350316
1 0.3733480176211454 0.16401273885350318 0.024229074889867842 0.041401273885350316
1 0.47577092511013214 0.2786624203821656 0.02643171806167401 0.041401273885350316
1 0.4262114537444934 0.3503184713375796 0.024229074889867842 0.03821656050955414
1 0.4196035242290749 0.42038216560509556 0.024229074889867842 0.03821656050955414
4 0.5616740088105727 0.5445859872611465 0.013215859030837005 0.01910828025477707