3 0.9372146118721462 0.5 0.12557077625570776 0.9933774834437086
2 0.319634703196347 0.7533112582781457 0.0273972602739726 0.04304635761589404
2 0.5319634703196348 0.8195364238410596 0.0273972602739726 0.04304635761589404
2 0.7031963470319634 0.9701986754966887 0.0273972602739726 0.046357615894039736
2 0.3504566210045662 0.9850993377483444 0.02968036529680365 0.023178807947019868
2 0.1643835616438356 0.9602649006622517 0.0273972602739726 0.039735099337748346
5 0.5468036529680366 0.7533112582781457 0.02511415525114155 0.03642384105960265
5 0.24771689497716895 0.4917218543046358 0.02511415525114155 0.03642384105960265
0 0.4531963470319635 0.5132450331125827 0.02511415525114155 0.039735099337748346
1 0.5376712328767124 0.9486754966887417 0.02511415525114155 0.04304635761589404
1 0.565068493150685 0.8228476821192053 0.02511415525114155 0.04304635761589404
1 0.4589041095890411 0.7036423841059603 0.0273972602739726 0.04304635761589404
1 0.5102739726027398 0.6291390728476821 0.02511415525114155 0.039735099337748346
1 0.5171232876712328 0.5562913907284768 0.02511415525114155 0.039735099337748346
4 0.3698630136986301 0.4271523178807947 0.0136986301369863 0.019867549668874173