3 0.9867256637168141 0.5 0.022123893805309734 0.9935897435897436
2 0.6128318584070797 0.75 0.02654867256637168 0.038461538461538464
2 0.4059734513274336 0.8141025641025641 0.024336283185840708 0.038461538461538464
2 0.24225663716814158 0.9583333333333334 0.024336283185840708 0.04487179487179487
2 0.5851769911504425 0.9791666666666666 0.028761061946902654 0.035256410256410256
2 0.6703539823008849 0.7435897435897436 0.030973451327433628 0.05128205128205128
5 0.3926991150442478 0.7532051282051282 0.01991150442477876 0.03205128205128205
5 0.6858407079646017 0.5144230769230769 0.022123893805309734 0.035256410256410256
0 0.4823008849557522 0.5192307692307693 0.022123893805309734 0.038461538461538464
0 0.4668141592920354 0.9903846153846154 0.02654867256637168 0.01282051282051282
1 0.4778761061946903 0.7067307692307693 0.02654867256637168 0.035256410256410256
1 0.375 0.8205128205128205 0.024336283185840708 0.04487179487179487
1 0.40154867256637167 0.9407051282051282 0.024336283185840708 0.041666666666666664
1 0.42146017699115046 0.5608974358974359 0.024336283185840708 0.03205128205128205
1 0.4269911504424779 0.6314102564102564 0.022123893805309734 0.038461538461538464
4 0.5641592920353983 0.4342948717948718 0.01327433628318584 0.016025641025641024
3 0.03982300884955752 0.9022435897435898 0.0752212389380531 0.1891025641025641
3 0.03761061946902655 0.3942307692307692 0.07079646017699115 0.782051282051282