3 0.007575757575757576 0.49842767295597484 0.015151515151515152 0.9968553459119497
2 0.37012987012987014 0.27358490566037735 0.025974025974025976 0.03773584905660377
2 0.5725108225108225 0.21069182389937108 0.023809523809523808 0.03773584905660377
2 0.7326839826839827 0.06918238993710692 0.023809523809523808 0.0440251572327044
2 0.3971861471861472 0.0440251572327044 0.023809523809523808 0.03773584905660377
2 0.31385281385281383 0.279874213836478 0.030303030303030304 0.050314465408805034
5 0.5854978354978355 0.27044025157232704 0.01948051948051948 0.031446540880503145
5 0.2987012987012987 0.5047169811320755 0.021645021645021644 0.03459119496855346
0 0.49783549783549785 0.5 0.021645021645021644 0.03773584905660377
0 0.512987012987013 0.02358490566037736 0.021645021645021644 0.03459119496855346
1 0.5021645021645021 0.3160377358490566 0.025974025974025976 0.03459119496855346
1 0.6028138528138528 0.20440251572327045 0.023809523809523808 0.0440251572327044
1 0.5768398268398268 0.08647798742138364 0.023809523809523808 0.040880503144654086
1 0.5573593073593074 0.4591194968553459 0.023809523809523808 0.031446540880503145
1 0.551948051948052 0.389937106918239 0.021645021645021644 0.03773584905660377
4 0.41774891774891776 0.5833333333333334 0.012987012987012988 0.015723270440251572
3 0.946969696969697 0.10849056603773585 0.10173160173160173 0.2169811320754717
3 0.948051948051948 0.6179245283018868 0.09956709956709957 0.7578616352201258