3 0.9914893617021276 0.5 0.01276595744680851 1
2 0.6361702127659574 0.26851851851851855 0.02553191489361702 0.037037037037037035
2 0.4372340425531915 0.20679012345679013 0.023404255319148935 0.037037037037037035
2 0.2797872340425532 0.06790123456790123 0.023404255319148935 0.043209876543209874
2 0.6095744680851064 0.043209876543209874 0.023404255319148935 0.037037037037037035
2 0.6914893617021277 0.27469135802469136 0.029787234042553193 0.04938271604938271
5 0.42446808510638295 0.2654320987654321 0.019148936170212766 0.030864197530864196
5 0.7063829787234043 0.49537037037037035 0.02127659574468085 0.033950617283950615
0 0.5106382978723404 0.49074074074074076 0.02127659574468085 0.037037037037037035
0 0.4957446808510638 0.023148148148148147 0.02127659574468085 0.033950617283950615
1 0.5063829787234042 0.3101851851851852 0.02553191489361702 0.033950617283950615
1 0.4074468085106383 0.2006172839506173 0.023404255319148935 0.043209876543209874
1 0.4329787234042553 0.08487654320987655 0.023404255319148935 0.040123456790123455
1 0.4521276595744681 0.4506172839506173 0.023404255319148935 0.030864197530864196
1 0.4574468085106383 0.38271604938271603 0.02127659574468085 0.037037037037037035
4 0.5893617021276596 0.5725308641975309 0.01276595744680851 0.015432098765432098
3 0.06063829787234042 0.10648148148148148 0.11702127659574468 0.21296296296296297
3 0.059574468085106386 0.6157407407407407 0.1148936170212766 0.7623456790123457