3 0.010273972602739725 0.49834437086092714 0.02054794520547945 0.9966887417218543
3 0.9748858447488584 0.49834437086092714 0.045662100456621 0.9966887417218543
2 0.5331050228310502 0.6937086092715232 0.02968036529680365 0.04304635761589404
2 0.3984018264840183 0.2913907284768212 0.02511415525114155 0.039735099337748346
2 0.610730593607306 0.22350993377483444 0.02511415525114155 0.04304635761589404
2 0.7819634703196348 0.07450331125827815 0.02511415525114155 0.04304635761589404
2 0.4269406392694064 0.046357615894039736 0.0228310502283105 0.039735099337748346
5 0.6232876712328768 0.28807947019867547 0.0228310502283105 0.033112582781456956
5 0.3219178082191781 0.5347682119205298 0.0273972602739726 0.03642384105960265
0 0.5308219178082192 0.5298013245033113 0.02511415525114155 0.033112582781456956
0 0.547945205479452 0.026490066225165563 0.0228310502283105 0.039735099337748346
1 0.5947488584474886 0.48509933774834435 0.02511415525114155 0.03642384105960265
1 0.5878995433789954 0.4139072847682119 0.02511415525114155 0.039735099337748346
1 0.5365296803652968 0.33774834437086093 0.0273972602739726 0.039735099337748346
1 0.6426940639269406 0.22019867549668873 0.02511415525114155 0.04304635761589404
1 0.615296803652968 0.09105960264900662 0.02511415525114155 0.04304635761589404
4 0.4486301369863014 0.6175496688741722 0.01141552511415525 0.016556291390728478