3 0.979253112033195 0.5 0.03734439834024896 1
3 0.058091286307053944 0.49849397590361444 0.11203319502074689 0.9969879518072289
2 0.4948132780082988 0.6310240963855421 0.026970954356846474 0.0391566265060241
2 0.6172199170124482 0.26506024096385544 0.022821576763485476 0.03614457831325301
2 0.4242738589211618 0.2033132530120482 0.022821576763485476 0.0391566265060241
2 0.26867219917012447 0.0677710843373494 0.022821576763485476 0.0391566265060241
2 0.5912863070539419 0.04216867469879518 0.02074688796680498 0.03614457831325301
5 0.41286307053941906 0.2620481927710843 0.02074688796680498 0.030120481927710843
5 0.6867219917012448 0.4864457831325301 0.024896265560165973 0.03313253012048193
0 0.49688796680497926 0.4819277108433735 0.022821576763485476 0.030120481927710843
0 0.48132780082987553 0.024096385542168676 0.02074688796680498 0.03614457831325301
1 0.4387966804979253 0.44126506024096385 0.022821576763485476 0.03313253012048193
1 0.4450207468879668 0.37650602409638556 0.022821576763485476 0.03614457831325301
1 0.491701244813278 0.3072289156626506 0.024896265560165973 0.03614457831325301
1 0.39522821576763484 0.2003012048192771 0.022821576763485476 0.0391566265060241
1 0.42012448132780084 0.08283132530120482 0.022821576763485476 0.0391566265060241
4 0.5715767634854771 0.5617469879518072 0.01037344398340249 0.015060240963855422