3 0.02066115702479339 0.5 0.04132231404958678 0.9940119760479041
3 0.9411157024793388 0.5 0.11776859504132231 0.9940119760479041
2 0.503099173553719 0.36976047904191617 0.026859504132231406 0.038922155688622756
2 0.381198347107438 0.7335329341317365 0.022727272727272728 0.03592814371257485
2 0.5733471074380165 0.7949101796407185 0.022727272727272728 0.038922155688622756
2 0.7283057851239669 0.9296407185628742 0.022727272727272728 0.038922155688622756
2 0.40702479338842973 0.9550898203592815 0.02066115702479339 0.03592814371257485
5 0.5847107438016529 0.7365269461077845 0.02066115702479339 0.029940119760479042
5 0.3119834710743802 0.5134730538922155 0.024793388429752067 0.03293413173652695
0 0.5010330578512396 0.5179640718562875 0.022727272727272728 0.029940119760479042
0 0.5165289256198347 0.9730538922155688 0.02066115702479339 0.03592814371257485
1 0.5588842975206612 0.5583832335329342 0.022727272727272728 0.03293413173652695
1 0.5526859504132231 0.6227544910179641 0.022727272727272728 0.03592814371257485
1 0.506198347107438 0.6916167664670658 0.024793388429752067 0.03592814371257485
1 0.6022727272727273 0.7979041916167665 0.022727272727272728 0.038922155688622756
1 0.5774793388429752 0.9146706586826348 0.022727272727272728 0.038922155688622756
4 0.42665289256198347 0.43862275449101795 0.010330578512396695 0.014970059880239521