3 0.9802904564315352 0.5 0.035269709543568464 1
3 0.061203319502074686 0.49849397590361444 0.11825726141078838 0.9969879518072289
2 0.3091286307053942 0.6069277108433735 0.024896265560165973 0.03313253012048193
2 0.30809128630705396 0.7228915662650602 0.022821576763485476 0.030120481927710843
2 0.2863070539419087 0.7243975903614458 0.02074688796680498 0.03313253012048193
2 0.2479253112033195 0.7033132530120482 0.022821576763485476 0.03313253012048193
2 0.21887966804979253 0.6957831325301205 0.022821576763485476 0.030120481927710843
5 0.22614107883817428 0.7740963855421686 0.02074688796680498 0.030120481927710843
5 0.37655601659751037 0.7725903614457831 0.022821576763485476 0.03313253012048193
0 0.21680497925311204 0.7469879518072289 0.022821576763485476 0.030120481927710843
0 0.2821576763485477 0.8433734939759037 0.02074688796680498 0.030120481927710843
1 0.25622406639004147 0.8825301204819277 0.022821576763485476 0.030120481927710843
1 0.18775933609958506 0.8072289156626506 0.022821576763485476 0.030120481927710843
1 0.1483402489626556 0.697289156626506 0.022821576763485476 0.03313253012048193
1 0.23858921161825727 0.6114457831325302 0.024896265560165973 0.030120481927710843
1 0.3817427385892116 0.7379518072289156 0.02074688796680498 0.030120481927710843
4 0.13796680497925312 0.6807228915662651 0.01037344398340249 0.012048192771084338