3 0.021739130434782608 0.49841772151898733 0.043478260869565216 0.9968354430379747
3 0.9619565217391305 0.49841772151898733 0.07173913043478261 0.9968354430379747
2 0.7282608695652174 0.6123417721518988 0.02608695652173913 0.03481012658227848
2 0.7293478260869565 0.7341772151898734 0.02391304347826087 0.03164556962025317
2 0.7521739130434782 0.7357594936708861 0.021739130434782608 0.03481012658227848
2 0.7923913043478261 0.7136075949367089 0.02391304347826087 0.03481012658227848
2 0.8228260869565217 0.7056962025316456 0.02391304347826087 0.03164556962025317
5 0.8152173913043478 0.7879746835443038 0.021739130434782608 0.03164556962025317
5 0.657608695652174 0.7863924050632911 0.02391304347826087 0.03481012658227848
0 0.825 0.759493670886076 0.02391304347826087 0.03164556962025317
0 0.7565217391304347 0.8607594936708861 0.021739130434782608 0.03164556962025317
1 0.783695652173913 0.9018987341772152 0.02391304347826087 0.03164556962025317
1 0.8554347826086957 0.8227848101265823 0.02391304347826087 0.03164556962025317
1 0.8967391304347826 0.7072784810126582 0.02391304347826087 0.03481012658227848
1 0.8021739130434783 0.6170886075949367 0.02608695652173913 0.03164556962025317
1 0.6521739130434783 0.75 0.021739130434782608 0.03164556962025317
4 0.907608695652174 0.689873417721519 0.010869565217391304 0.012658227848101266