3 0.9819148936170212 0.5 0.031914893617021274 1
3 0.05638297872340425 0.4984567901234568 0.10851063829787234 0.9969135802469136
2 0.648936170212766 0.8101851851851852 0.02553191489361702 0.040123456790123455
2 0.35106382978723405 0.470679012345679 0.02553191489361702 0.040123456790123455
2 0.6117021276595744 0.2638888888888889 0.023404255319148935 0.033950617283950615
2 0.26595744680851063 0.18981481481481483 0.02553191489361702 0.040123456790123455
2 0.4723404255319149 0.5493827160493827 0.02553191489361702 0.037037037037037035
5 0.32872340425531915 0.6574074074074074 0.023404255319148935 0.030864197530864196
5 0.42872340425531913 0.566358024691358 0.023404255319148935 0.033950617283950615
0 0.225531914893617 0.44907407407407407 0.02553191489361702 0.040123456790123455
0 0.6085106382978723 0.3950617283950617 0.02553191489361702 0.043209876543209874
1 0.19148936170212766 0.14506172839506173 0.02553191489361702 0.043209876543209874
1 0.32872340425531915 0.42592592592592593 0.023404255319148935 0.037037037037037035
1 0.2968085106382979 0.5339506172839507 0.023404255319148935 0.037037037037037035
1 0.4574468085106383 0.6820987654320988 0.02127659574468085 0.037037037037037035
1 0.4595744680851064 0.9027777777777778 0.02127659574468085 0.033950617283950615
4 0.3180851063829787 0.5694444444444444 0.010638297872340425 0.015432098765432098