3 0.00646551724137931 0.5 0.01293103448275862 0.99375
3 0.9428879310344828 0.5 0.11422413793103449 0.99375
2 0.6896551724137931 0.4046875 0.02586206896551724 0.034375
2 0.6907327586206896 0.284375 0.023706896551724137 0.03125
2 0.7133620689655172 0.2828125 0.021551724137931036 0.034375
2 0.7532327586206896 0.3046875 0.023706896551724137 0.034375
2 0.7834051724137931 0.3125 0.023706896551724137 0.03125
5 0.7758620689655172 0.23125 0.021551724137931036 0.03125
5 0.6196120689655172 0.2328125 0.023706896551724137 0.034375
0 0.7855603448275862 0.259375 0.023706896551724137 0.03125
0 0.7176724137931034 0.159375 0.021551724137931036 0.03125
1 0.7446120689655172 0.11875 0.023706896551724137 0.03125
1 0.8157327586206896 0.196875 0.023706896551724137 0.03125
1 0.8566810344827587 0.3109375 0.023706896551724137 0.034375
1 0.7629310344827587 0.4 0.02586206896551724 0.03125
1 0.6142241379310345 0.26875 0.021551724137931036 0.03125
4 0.8674568965517241 0.328125 0.010775862068965518 0.0125