3 0.02169421487603306 0.49850299401197606 0.04338842975206612 0.9970059880239521
3 0.9359504132231405 0.49850299401197606 0.12396694214876033 0.9970059880239521
2 0.3512396694214876 0.812874251497006 0.024793388429752067 0.038922155688622756
2 0.640495867768595 0.48353293413173654 0.024793388429752067 0.038922155688622756
2 0.38739669421487605 0.28293413173652693 0.022727272727272728 0.03293413173652695
2 0.7231404958677686 0.21107784431137724 0.024793388429752067 0.038922155688622756
2 0.5227272727272727 0.5598802395209581 0.024793388429752067 0.03592814371257485
5 0.6621900826446281 0.6646706586826348 0.022727272727272728 0.029940119760479042
5 0.5650826446280992 0.5763473053892215 0.022727272727272728 0.03293413173652695
0 0.762396694214876 0.4625748502994012 0.024793388429752067 0.038922155688622756
0 0.390495867768595 0.4101796407185629 0.024793388429752067 0.041916167664670656
1 0.7954545454545454 0.16766467065868262 0.024793388429752067 0.041916167664670656
1 0.6621900826446281 0.44011976047904194 0.022727272727272728 0.03592814371257485
1 0.6931818181818182 0.5449101796407185 0.022727272727272728 0.03592814371257485
1 0.5371900826446281 0.688622754491018 0.02066115702479339 0.03592814371257485
1 0.5351239669421488 0.9026946107784432 0.02066115702479339 0.03293413173652695
4 0.6725206611570248 0.5793413173652695 0.010330578512396695 0.014970059880239521