3 0.9902597402597403 0.5 0.015151515151515152 1
3 0.05735930735930736 0.49842767295597484 0.11038961038961038 0.9968553459119497
2 0.6601731601731602 0.8066037735849056 0.025974025974025976 0.040880503144654086
2 0.35714285714285715 0.4606918238993711 0.025974025974025976 0.040880503144654086
2 0.6222943722943723 0.25 0.023809523809523808 0.03459119496855346
2 0.27056277056277056 0.17452830188679244 0.025974025974025976 0.040880503144654086
2 0.4805194805194805 0.5408805031446541 0.025974025974025976 0.03773584905660377
5 0.3344155844155844 0.6509433962264151 0.023809523809523808 0.031446540880503145
5 0.43614718614718617 0.5581761006289309 0.023809523809523808 0.03459119496855346
0 0.22943722943722944 0.4386792452830189 0.025974025974025976 0.040880503144654086
0 0.6190476190476191 0.3836477987421384 0.025974025974025976 0.0440251572327044
1 0.19480519480519481 0.1289308176100629 0.025974025974025976 0.0440251572327044
1 0.3344155844155844 0.41509433962264153 0.023809523809523808 0.03773584905660377
1 0.30194805194805197 0.5251572327044025 0.023809523809523808 0.03773584905660377
1 0.4653679653679654 0.6761006289308176 0.021645021645021644 0.03773584905660377
1 0.4675324675324675 0.9009433962264151 0.021645021645021644 0.03459119496855346
4 0.3235930735930736 0.5613207547169812 0.010822510822510822 0.015723270440251572