3 0.05592105263157895 0.49841772151898733 0.1074561403508772 0.9968354430379747
2 0.4155701754385965 0.7879746835443038 0.02412280701754386 0.0379746835443038
2 0.3399122807017544 0.5537974683544303 0.03070175438596491 0.0379746835443038
2 0.6403508771929824 0.23575949367088608 0.02631578947368421 0.04113924050632911
2 0.43530701754385964 0.17246835443037975 0.02850877192982456 0.04113924050632911
2 0.6129385964912281 0.012658227848101266 0.02412280701754386 0.02531645569620253
5 0.7127192982456141 0.4699367088607595 0.021929824561403508 0.03481012658227848
5 0.42214912280701755 0.23575949367088608 0.02412280701754386 0.03481012658227848
0 0.5120614035087719 0.46677215189873417 0.02412280701754386 0.03481012658227848
1 0.5076754385964912 0.28164556962025317 0.02412280701754386 0.0379746835443038
1 0.45723684210526316 0.35443037974683544 0.02412280701754386 0.0379746835443038
1 0.4506578947368421 0.42563291139240506 0.019736842105263157 0.03481012658227848
1 0.40460526315789475 0.16930379746835442 0.02412280701754386 0.03481012658227848
1 0.4309210526315789 0.04746835443037975 0.02412280701754386 0.0379746835443038
4 0.5910087719298246 0.5490506329113924 0.010964912280701754 0.015822784810126583