3 0.9782157676348547 0.5 0.03941908713692946 0.9939759036144579
3 0.06016597510373444 0.5 0.11618257261410789 0.9939759036144579
2 0.40560165975103735 0.21084337349397592 0.022821576763485476 0.03614457831325301
2 0.33402489626556015 0.43373493975903615 0.029045643153526972 0.03614457831325301
2 0.6182572614107884 0.7364457831325302 0.024896265560165973 0.0391566265060241
2 0.4242738589211618 0.7966867469879518 0.026970954356846474 0.0391566265060241
2 0.5933609958506224 0.9563253012048193 0.02074688796680498 0.03313253012048193
5 0.6867219917012448 0.5135542168674698 0.02074688796680498 0.03313253012048193
5 0.4118257261410788 0.7364457831325302 0.022821576763485476 0.03313253012048193
0 0.49688796680497926 0.516566265060241 0.022821576763485476 0.03313253012048193
0 0.4823651452282158 0.9774096385542169 0.022821576763485476 0.03313253012048193
1 0.4927385892116183 0.6927710843373494 0.022821576763485476 0.03614457831325301
1 0.4450207468879668 0.6234939759036144 0.022821576763485476 0.03614457831325301
1 0.4387966804979253 0.5557228915662651 0.01867219917012448 0.03313253012048193
1 0.39522821576763484 0.7996987951807228 0.022821576763485476 0.03313253012048193
1 0.42012448132780084 0.9156626506024096 0.022821576763485476 0.03614457831325301
4 0.5715767634854771 0.4382530120481928 0.01037344398340249 0.015060240963855422