3 0.0537280701754386 0.5 0.10307017543859649 0.9936708860759493
2 0.40899122807017546 0.17088607594936708 0.02412280701754386 0.0379746835443038
2 0.3333333333333333 0.4050632911392405 0.03070175438596491 0.0379746835443038
2 0.6337719298245614 0.7231012658227848 0.02631578947368421 0.04113924050632911
2 0.42872807017543857 0.7863924050632911 0.02850877192982456 0.04113924050632911
2 0.6074561403508771 0.9541139240506329 0.021929824561403508 0.03481012658227848
5 0.706140350877193 0.4889240506329114 0.021929824561403508 0.03481012658227848
5 0.4155701754385965 0.7231012658227848 0.02412280701754386 0.03481012658227848
0 0.5054824561403509 0.4920886075949367 0.02412280701754386 0.03481012658227848
0 0.4901315789473684 0.9762658227848101 0.02412280701754386 0.03481012658227848
1 0.5010964912280702 0.6772151898734177 0.02412280701754386 0.0379746835443038
1 0.4506578947368421 0.6044303797468354 0.02412280701754386 0.0379746835443038
1 0.4440789473684211 0.5332278481012658 0.019736842105263157 0.03481012658227848
1 0.3980263157894737 0.7895569620253164 0.02412280701754386 0.03481012658227848
1 0.4243421052631579 0.9113924050632911 0.02412280701754386 0.0379746835443038
4 0.5844298245614035 0.4098101265822785 0.010964912280701754 0.015822784810126583