3 0.9772727272727273 0.5 0.04132231404958678 1
3 0.058884297520661155 0.49850299401197606 0.11363636363636363 0.9970059880239521
2 0.5661157024793388 0.5284431137724551 0.024793388429752067 0.038922155688622756
2 0.5754132231404959 0.37574850299401197 0.022727272727272728 0.038922155688622756
2 0.6177685950413223 0.2679640718562874 0.024793388429752067 0.038922155688622756
2 0.4256198347107438 0.20958083832335328 0.024793388429752067 0.03592814371257485
2 0.40702479338842973 0.7904191616766467 0.024793388429752067 0.03592814371257485
5 0.6859504132231405 0.48952095808383234 0.02066115702479339 0.03293413173652695
5 0.4132231404958678 0.2679640718562874 0.02066115702479339 0.03293413173652695
0 0.496900826446281 0.48353293413173654 0.022727272727272728 0.03293413173652695
0 0.48140495867768596 0.02694610778443114 0.02066115702479339 0.03592814371257485
1 0.42045454545454547 0.08982035928143713 0.022727272727272728 0.041916167664670656
1 0.3956611570247934 0.20209580838323354 0.022727272727272728 0.038922155688622756
1 0.49173553719008267 0.31137724550898205 0.024793388429752067 0.03592814371257485
1 0.4462809917355372 0.38023952095808383 0.02066115702479339 0.03592814371257485
1 0.4390495867768595 0.44610778443113774 0.022727272727272728 0.03592814371257485
4 0.5723140495867769 0.5643712574850299 0.008264462809917356 0.014970059880239521