3 0.061936936936936936 0.49836601307189543 0.11936936936936937 0.9967320261437909
2 0.6126126126126126 0.4918300653594771 0.02702702702702703 0.042483660130718956
2 0.6227477477477478 0.32516339869281047 0.024774774774774775 0.042483660130718956
2 0.668918918918919 0.20751633986928106 0.02702702702702703 0.042483660130718956
2 0.4594594594594595 0.1437908496732026 0.02702702702702703 0.0392156862745098
2 0.4391891891891892 0.7777777777777778 0.02702702702702703 0.0392156862745098
5 0.7432432432432432 0.4493464052287582 0.02252252252252252 0.03594771241830065
5 0.44594594594594594 0.20751633986928106 0.02252252252252252 0.03594771241830065
0 0.5371621621621622 0.44281045751633985 0.024774774774774775 0.03594771241830065
1 0.4527027027027027 0.0196078431372549 0.02702702702702703 0.0392156862745098
1 0.42680180180180183 0.13562091503267973 0.024774774774774775 0.042483660130718956
1 0.5315315315315315 0.2549019607843137 0.02702702702702703 0.0392156862745098
1 0.481981981981982 0.3300653594771242 0.02252252252252252 0.0392156862745098
1 0.4740990990990991 0.4019607843137255 0.024774774774774775 0.0392156862745098
4 0.6193693693693694 0.5310457516339869 0.009009009009009009 0.016339869281045753