3 0.9783057851239669 0.5 0.03925619834710744 1
3 0.060950413223140494 0.49850299401197606 0.11776859504132231 0.9970059880239521
2 0.5785123966942148 0.6422155688622755 0.024793388429752067 0.038922155688622756
2 0.5774793388429752 0.4865269461077844 0.022727272727272728 0.03293413173652695
2 0.6198347107438017 0.2634730538922156 0.024793388429752067 0.03592814371257485
2 0.42768595041322316 0.20359281437125748 0.024793388429752067 0.03592814371257485
2 0.5537190082644629 0.4535928143712575 0.024793388429752067 0.038922155688622756
5 0.6880165289256198 0.4865269461077844 0.02066115702479339 0.03293413173652695
5 0.4142561983471074 0.2634730538922156 0.022727272727272728 0.029940119760479042
0 0.484504132231405 0.02694610778443114 0.01859504132231405 0.03592814371257485
0 0.49793388429752067 0.4805389221556886 0.02066115702479339 0.038922155688622756
1 0.44111570247933884 0.4431137724550898 0.022727272727272728 0.03592814371257485
1 0.4462809917355372 0.3772455089820359 0.02066115702479339 0.03592814371257485
1 0.49483471074380164 0.3068862275449102 0.022727272727272728 0.038922155688622756
1 0.3977272727272727 0.20209580838323354 0.022727272727272728 0.038922155688622756
1 0.4214876033057851 0.08682634730538923 0.02066115702479339 0.03592814371257485
4 0.5733471074380165 0.6631736526946108 0.010330578512396695 0.014970059880239521