3 0.02109704641350211 0.49847560975609756 0.04219409282700422 0.9969512195121951
3 0.9483122362869199 0.49847560975609756 0.09915611814345991 0.9969512195121951
2 0.43037974683544306 0.6448170731707317 0.02531645569620253 0.039634146341463415
2 0.43143459915611815 0.48628048780487804 0.023206751054852322 0.03353658536585366
2 0.3881856540084388 0.25914634146341464 0.02531645569620253 0.036585365853658534
2 0.5843881856540084 0.19817073170731708 0.02531645569620253 0.036585365853658534
2 0.45569620253164556 0.4527439024390244 0.02531645569620253 0.039634146341463415
5 0.31856540084388185 0.48628048780487804 0.02109704641350211 0.03353658536585366
5 0.5981012658227848 0.25914634146341464 0.023206751054852322 0.03048780487804878
0 0.5263713080168776 0.018292682926829267 0.0189873417721519 0.036585365853658534
0 0.5126582278481012 0.4801829268292683 0.02109704641350211 0.039634146341463415
1 0.570675105485232 0.4420731707317073 0.023206751054852322 0.036585365853658534
1 0.5654008438818565 0.375 0.02109704641350211 0.036585365853658534
1 0.5158227848101266 0.30335365853658536 0.023206751054852322 0.039634146341463415
1 0.6149789029535865 0.19664634146341464 0.023206751054852322 0.039634146341463415
1 0.5907172995780591 0.07926829268292683 0.02109704641350211 0.036585365853658534
4 0.4356540084388186 0.6661585365853658 0.010548523206751054 0.01524390243902439