3 0.021929824561403508 0.5 0.043859649122807015 0.9936708860759493
3 0.9660087719298246 0.5 0.06798245614035088 0.9936708860759493
2 0.4451754385964912 0.36550632911392406 0.02631578947368421 0.04113924050632911
2 0.44627192982456143 0.5300632911392406 0.02412280701754386 0.03481012658227848
2 0.40131578947368424 0.7658227848101266 0.02631578947368421 0.0379746835443038
2 0.6052631578947368 0.8291139240506329 0.02631578947368421 0.0379746835443038
2 0.47149122807017546 0.564873417721519 0.02631578947368421 0.04113924050632911
5 0.32894736842105265 0.5300632911392406 0.021929824561403508 0.03481012658227848
5 0.6195175438596491 0.7658227848101266 0.02412280701754386 0.03164556962025317
0 0.5307017543859649 0.5363924050632911 0.021929824561403508 0.04113924050632911
1 0.5910087719298246 0.5759493670886076 0.02412280701754386 0.0379746835443038
1 0.5855263157894737 0.6455696202531646 0.021929824561403508 0.0379746835443038
1 0.5339912280701754 0.7199367088607594 0.02412280701754386 0.04113924050632911
1 0.6370614035087719 0.8306962025316456 0.02412280701754386 0.04113924050632911
1 0.6118421052631579 0.9525316455696202 0.021929824561403508 0.0379746835443038
4 0.4506578947368421 0.34335443037974683 0.010964912280701754 0.015822784810126583