3 0.013452914798206279 0.49837662337662336 0.026905829596412557 0.9967532467532467
3 0.9674887892376681 0.49837662337662336 0.06053811659192825 0.9967532467532467
2 0.4439461883408072 0.44805194805194803 0.02242152466367713 0.032467532467532464
2 0.6221973094170403 0.4253246753246753 0.02466367713004484 0.03896103896103896
2 0.4618834080717489 0.35064935064935066 0.02242152466367713 0.03896103896103896
2 0.39461883408071746 0.2077922077922078 0.026905829596412557 0.03896103896103896
2 0.6042600896860987 0.14285714285714285 0.02466367713004484 0.03896103896103896
5 0.6177130044843049 0.20616883116883117 0.02466367713004484 0.03571428571428571
5 0.32062780269058294 0.44642857142857145 0.02242152466367713 0.03571428571428571
0 0.5257847533632287 0.3327922077922078 0.02914798206278027 0.048701298701298704
0 0.6603139013452914 0.49837662337662336 0.02466367713004484 0.03571428571428571
1 0.5908071748878924 0.3912337662337662 0.02466367713004484 0.03571428571428571
1 0.5829596412556054 0.32792207792207795 0.02242152466367713 0.03896103896103896
1 0.531390134529148 0.25 0.026905829596412557 0.03896103896103896
1 0.6356502242152466 0.137987012987013 0.02466367713004484 0.04220779220779221
1 0.6098654708520179 0.017857142857142856 0.026905829596412557 0.03571428571428571
4 0.5952914798206278 0.5616883116883117 0.011210762331838564 0.012987012987012988