3 0.022727272727272728 0.49842767295597484 0.045454545454545456 0.9968553459119497
3 0.961038961038961 0.49842767295597484 0.0735930735930736 0.9968553459119497
2 0.44805194805194803 0.4716981132075472 0.021645021645021644 0.031446540880503145
2 0.6201298701298701 0.449685534591195 0.023809523809523808 0.03773584905660377
2 0.4653679653679654 0.37735849056603776 0.021645021645021644 0.03773584905660377
2 0.4004329004329004 0.2389937106918239 0.025974025974025976 0.03773584905660377
2 0.6028138528138528 0.1761006289308176 0.023809523809523808 0.03773584905660377
5 0.6158008658008658 0.23742138364779874 0.023809523809523808 0.03459119496855346
5 0.329004329004329 0.470125786163522 0.021645021645021644 0.03459119496855346
0 0.5270562770562771 0.360062893081761 0.02813852813852814 0.04716981132075472
0 0.6569264069264069 0.5204402515723271 0.023809523809523808 0.03459119496855346
1 0.5898268398268398 0.4166666666666667 0.023809523809523808 0.03459119496855346
1 0.5822510822510822 0.3553459119496855 0.021645021645021644 0.03773584905660377
1 0.5324675324675324 0.279874213836478 0.025974025974025976 0.03773584905660377
1 0.6331168831168831 0.17138364779874213 0.023809523809523808 0.040880503144654086
1 0.6071428571428571 0.050314465408805034 0.023809523809523808 0.03773584905660377
4 0.5941558441558441 0.5817610062893082 0.010822510822510822 0.012578616352201259