3 0.9437229437229437 0.5 0.11255411255411256 0.9937106918238994
2 0.41125541125541126 0.5 0.021645021645021644 0.031446540880503145
2 0.5833333333333334 0.5220125786163522 0.023809523809523808 0.03773584905660377
2 0.42857142857142855 0.5943396226415094 0.021645021645021644 0.03773584905660377
2 0.36363636363636365 0.7327044025157232 0.025974025974025976 0.03773584905660377
2 0.566017316017316 0.7955974842767296 0.023809523809523808 0.03773584905660377
5 0.579004329004329 0.7342767295597484 0.023809523809523808 0.03459119496855346
5 0.2922077922077922 0.5015723270440252 0.021645021645021644 0.03459119496855346
0 0.4902597402597403 0.6116352201257862 0.02813852813852814 0.04716981132075472
0 0.6201298701298701 0.45125786163522014 0.023809523809523808 0.03459119496855346
1 0.553030303030303 0.5550314465408805 0.023809523809523808 0.03459119496855346
1 0.5454545454545454 0.6163522012578616 0.021645021645021644 0.03773584905660377
1 0.49567099567099565 0.6918238993710691 0.025974025974025976 0.03773584905660377
1 0.5963203463203464 0.800314465408805 0.023809523809523808 0.040880503144654086
1 0.5703463203463204 0.9213836477987422 0.023809523809523808 0.03773584905660377
4 0.5573593073593074 0.389937106918239 0.010822510822510822 0.012578616352201259