3 0.986784140969163 0.5 0.022026431718061675 1
3 0.04185022026431718 0.4984076433121019 0.07929515418502203 0.9968152866242038
2 0.5671806167400881 0.45222929936305734 0.024229074889867842 0.03184713375796178
2 0.3854625550660793 0.42197452229299365 0.02643171806167401 0.041401273885350316
2 0.6145374449339207 0.21656050955414013 0.02643171806167401 0.03821656050955414
2 0.40859030837004406 0.14968152866242038 0.024229074889867842 0.03821656050955414
2 0.5484581497797357 0.35668789808917195 0.02643171806167401 0.03821656050955414
5 0.3964757709251101 0.21337579617834396 0.022026431718061675 0.03184713375796178
5 0.6872246696035242 0.45063694267515925 0.022026431718061675 0.03503184713375796
0 0.34691629955947134 0.4968152866242038 0.024229074889867842 0.03184713375796178
0 0.486784140969163 0.33121019108280253 0.022026431718061675 0.03821656050955414
1 0.42400881057268724 0.3996815286624204 0.024229074889867842 0.03503184713375796
1 0.43061674008810574 0.3328025477707006 0.024229074889867842 0.03503184713375796
1 0.48237885462555063 0.2611464968152866 0.02643171806167401 0.03821656050955414
1 0.3777533039647577 0.1464968152866242 0.024229074889867842 0.03821656050955414
1 0.40308370044052866 0.03343949044585987 0.022026431718061675 0.03503184713375796
4 0.4185022026431718 0.5636942675159236 0.00881057268722467 0.012738853503184714