3 0.05263157894736842 0.5 0.10087719298245613 0.9936708860759493
2 0.5844298245614035 0.5158227848101266 0.02412280701754386 0.03164556962025317
2 0.40350877192982454 0.5458860759493671 0.02631578947368421 0.04113924050632911
2 0.631578947368421 0.75 0.02631578947368421 0.0379746835443038
2 0.42653508771929827 0.8164556962025317 0.02412280701754386 0.0379746835443038
2 0.5657894736842105 0.6107594936708861 0.02631578947368421 0.0379746835443038
5 0.4144736842105263 0.7531645569620253 0.021929824561403508 0.03164556962025317
5 0.7039473684210527 0.5174050632911392 0.021929824561403508 0.03481012658227848
0 0.3651315789473684 0.47151898734177217 0.02412280701754386 0.03164556962025317
0 0.5043859649122807 0.6360759493670886 0.021929824561403508 0.0379746835443038
1 0.4418859649122807 0.5680379746835443 0.02412280701754386 0.03481012658227848
1 0.44846491228070173 0.634493670886076 0.02412280701754386 0.03481012658227848
1 0.5 0.7056962025316456 0.02631578947368421 0.0379746835443038
1 0.3958333333333333 0.819620253164557 0.02412280701754386 0.0379746835443038
1 0.42105263157894735 0.9319620253164557 0.021929824561403508 0.03481012658227848
4 0.43640350877192985 0.4050632911392405 0.008771929824561403 0.012658227848101266