3 0.05941704035874439 0.5 0.11434977578475336 0.9935064935064936
2 0.6087443946188341 0.5048701298701299 0.02466367713004484 0.03571428571428571
2 0.42376681614349776 0.5340909090909091 0.026905829596412557 0.04220779220779221
2 0.507847533632287 0.5925324675324676 0.02466367713004484 0.04220779220779221
2 0.5896860986547086 0.6038961038961039 0.02242152466367713 0.03896103896103896
2 0.6569506726457399 0.75 0.026905829596412557 0.03896103896103896
5 0.43385650224215244 0.7483766233766234 0.02466367713004484 0.03571428571428571
5 0.7309417040358744 0.5081168831168831 0.026905829596412557 0.03571428571428571
0 0.5426008968609866 0.5876623376623377 0.02242152466367713 0.03896103896103896
0 0.3845291479820628 0.46266233766233766 0.02466367713004484 0.03571428571428571
1 0.29932735426008966 0.42694805194805197 0.02914798206278027 0.04220779220779221
1 0.4618834080717489 0.5584415584415584 0.02242152466367713 0.03896103896103896
1 0.46860986547085204 0.625 0.02242152466367713 0.03571428571428571
1 0.5201793721973094 0.7045454545454546 0.026905829596412557 0.03896103896103896
1 0.45403587443946186 0.7857142857142857 0.02466367713004484 0.03896103896103896
4 0.45739910313901344 0.39285714285714285 0.008968609865470852 0.012987012987012988