3 0.014008620689655173 0.4984375 0.028017241379310345 0.996875
3 0.9504310344827587 0.4984375 0.09482758620689655 0.996875
2 0.42780172413793105 0.4890625 0.023706896551724137 0.034375
2 0.6056034482758621 0.4609375 0.02586206896551724 0.040625
2 0.5247844827586207 0.4046875 0.023706896551724137 0.040625
2 0.44612068965517243 0.39375 0.021551724137931036 0.0375
2 0.38146551724137934 0.253125 0.02586206896551724 0.0375
5 0.5959051724137931 0.2546875 0.023706896551724137 0.034375
5 0.3103448275862069 0.4859375 0.02586206896551724 0.034375
0 0.49137931034482757 0.409375 0.021551724137931036 0.0375
0 0.6433189655172413 0.5296875 0.023706896551724137 0.034375
1 0.7252155172413793 0.5640625 0.028017241379310345 0.040625
1 0.5689655172413793 0.4375 0.021551724137931036 0.0375
1 0.5625 0.3734375 0.021551724137931036 0.034375
1 0.5129310344827587 0.296875 0.02586206896551724 0.0375
1 0.5765086206896551 0.21875 0.023706896551724137 0.0375
4 0.5732758620689655 0.596875 0.008620689655172414 0.0125