3 0.9385775862068966 0.5 0.12284482758620689 0.99375
2 0.4019396551724138 0.5203125 0.023706896551724137 0.034375
2 0.5797413793103449 0.5484375 0.02586206896551724 0.040625
2 0.4989224137931034 0.6046875 0.023706896551724137 0.040625
2 0.4202586206896552 0.615625 0.021551724137931036 0.0375
2 0.35560344827586204 0.75625 0.02586206896551724 0.0375
5 0.5700431034482759 0.7546875 0.023706896551724137 0.034375
5 0.28448275862068967 0.5234375 0.02586206896551724 0.034375
0 0.46551724137931033 0.6 0.021551724137931036 0.0375
0 0.6174568965517241 0.4796875 0.023706896551724137 0.034375
1 0.6993534482758621 0.4453125 0.028017241379310345 0.040625
1 0.5431034482758621 0.571875 0.021551724137931036 0.0375
1 0.5366379310344828 0.6359375 0.021551724137931036 0.034375
1 0.4870689655172414 0.7125 0.02586206896551724 0.0375
1 0.5506465517241379 0.790625 0.023706896551724137 0.0375
4 0.5474137931034483 0.4125 0.008620689655172414 0.0125