3 0.02159090909090909 0.49835526315789475 0.04318181818181818 0.9967105263157895
3 0.9818181818181818 0.49835526315789475 0.031818181818181815 0.9967105263157895
2 0.4659090909090909 0.46381578947368424 0.022727272727272728 0.039473684210526314
2 0.6511363636363636 0.4292763157894737 0.025 0.04276315789473684
2 0.5670454545454545 0.37664473684210525 0.029545454545454545 0.04276315789473684
2 0.46704545454545454 0.2631578947368421 0.029545454545454545 0.05263157894736842
2 0.48409090909090907 0.3651315789473684 0.02727272727272727 0.039473684210526314
5 0.34204545454545454 0.4621710526315789 0.025 0.03618421052631579
5 0.6409090909090909 0.21710526315789475 0.022727272727272728 0.03289473684210526
0 0.5329545454545455 0.3832236842105263 0.025 0.03618421052631579
0 0.5931818181818181 0.4934210526315789 0.02727272727272727 0.039473684210526314
1 0.5545454545454546 0.26644736842105265 0.02727272727272727 0.046052631578947366
1 0.6193181818181818 0.18092105263157895 0.025 0.039473684210526314
1 0.6056818181818182 0.34210526315789475 0.025 0.039473684210526314
1 0.6125 0.40789473684210525 0.025 0.039473684210526314
1 0.6727272727272727 0.44901315789473684 0.02727272727272727 0.04276315789473684
4 0.6181818181818182 0.5789473684210527 0.00909090909090909 0.013157894736842105