3 0.9375 0.5 0.125 0.9935483870967742
2 0.38392857142857145 0.5032258064516129 0.022321428571428572 0.03870967741935484
2 0.5658482142857143 0.5370967741935484 0.024553571428571428 0.041935483870967745
2 0.48325892857142855 0.5887096774193549 0.029017857142857144 0.041935483870967745
2 0.38504464285714285 0.7 0.029017857142857144 0.05161290322580645
2 0.4017857142857143 0.6 0.026785714285714284 0.03870967741935484
5 0.2622767857142857 0.5048387096774194 0.024553571428571428 0.035483870967741936
5 0.5558035714285714 0.7451612903225806 0.022321428571428572 0.03225806451612903
0 0.4497767857142857 0.582258064516129 0.024553571428571428 0.035483870967741936
0 0.5089285714285714 0.47419354838709676 0.026785714285714284 0.03870967741935484
1 0.47098214285714285 0.6967741935483871 0.026785714285714284 0.04516129032258064
1 0.5345982142857143 0.7806451612903226 0.024553571428571428 0.03870967741935484
1 0.5212053571428571 0.6225806451612903 0.024553571428571428 0.03870967741935484
1 0.5279017857142857 0.5580645161290323 0.024553571428571428 0.03870967741935484
1 0.5870535714285714 0.5177419354838709 0.026785714285714284 0.041935483870967745
4 0.5334821428571429 0.3903225806451613 0.008928571428571428 0.012903225806451613