3 0.06578947368421052 0.49841772151898733 0.12719298245614036 0.9968354430379747
2 0.2642543859649123 0.7278481012658228 0.02850877192982456 0.0379746835443038
2 0.30372807017543857 0.7515822784810127 0.02412280701754386 0.03481012658227848
2 0.32785087719298245 0.75 0.02412280701754386 0.03164556962025317
2 0.2324561403508772 0.7215189873417721 0.02631578947368421 0.0379746835443038
2 0.32894736842105265 0.6281645569620253 0.02631578947368421 0.03481012658227848
5 0.2598684210526316 0.8022151898734177 0.02412280701754386 0.03481012658227848
5 0.22587719298245615 0.8085443037974683 0.02631578947368421 0.03481012658227848
0 0.30043859649122806 0.8765822784810127 0.021929824561403508 0.03164556962025317
0 0.23135964912280702 0.7753164556962026 0.02412280701754386 0.03164556962025317
1 0.2543859649122807 0.6313291139240507 0.02631578947368421 0.03481012658227848
1 0.4067982456140351 0.7658227848101266 0.02412280701754386 0.03164556962025317
1 0.1600877192982456 0.7215189873417721 0.02631578947368421 0.03164556962025317
1 0.19298245614035087 0.8306962025316456 0.02631578947368421 0.03481012658227848
1 0.2730263157894737 0.9161392405063291 0.02412280701754386 0.03481012658227848
4 0.14802631578947367 0.7056962025316456 0.010964912280701754 0.012658227848101266