3 0.019230769230769232 0.5 0.038461538461538464 0.9937888198757764
3 0.9508547008547008 0.5 0.09829059829059829 0.9937888198757764
2 0.3579059829059829 0.5139751552795031 0.027777777777777776 0.040372670807453416
2 0.31837606837606836 0.5496894409937888 0.02564102564102564 0.043478260869565216
2 0.5202991452991453 0.6055900621118012 0.023504273504273504 0.037267080745341616
2 0.358974358974359 0.6987577639751553 0.02564102564102564 0.043478260869565216
2 0.7724358974358975 0.6785714285714286 0.027777777777777776 0.040372670807453416
5 0.532051282051282 0.546583850931677 0.021367521367521368 0.031055900621118012
5 0.5267094017094017 0.07298136645962733 0.023504273504273504 0.034161490683229816
0 0.5576923076923077 0.5124223602484472 0.021367521367521368 0.037267080745341616
0 0.483974358974359 0.6677018633540373 0.023504273504273504 0.037267080745341616
1 0.5779914529914529 0.5512422360248447 0.023504273504273504 0.034161490683229816
1 0.5042735042735043 0.515527950310559 0.021367521367521368 0.037267080745341616
1 0.297008547008547 0.532608695652174 0.02564102564102564 0.040372670807453416
1 0.4465811965811966 0.020186335403726708 0.02564102564102564 0.034161490683229816
1 0.3162393162393162 0.6506211180124224 0.02564102564102564 0.040372670807453416
4 0.5427350427350427 0.5093167701863354 0.008547008547008548 0.012422360248447204