3 0.006818181818181818 0.49835526315789475 0.013636363636363636 0.9967105263157895
3 0.9670454545454545 0.49835526315789475 0.06136363636363636 0.9967105263157895
2 0.7431818181818182 0.7319078947368421 0.022727272727272728 0.03618421052631579
2 0.7090909090909091 0.6907894736842105 0.022727272727272728 0.03289473684210526
2 0.75 0.6644736842105263 0.02727272727272727 0.03289473684210526
2 0.7772727272727272 0.5970394736842105 0.02727272727272727 0.03618421052631579
2 0.5897727272727272 0.9046052631578947 0.025 0.039473684210526314
5 0.7704545454545455 0.7680921052631579 0.02727272727272727 0.03618421052631579
5 0.7931818181818182 0.6233552631578947 0.022727272727272728 0.03618421052631579
0 0.6056818181818182 0.6381578947368421 0.025 0.03289473684210526
0 0.8136363636363636 0.7582236842105263 0.02727272727272727 0.03618421052631579
1 0.5829545454545455 0.694078947368421 0.025 0.03289473684210526
1 0.6352272727272728 0.7384868421052632 0.025 0.03618421052631579
1 0.7159090909090909 0.7269736842105263 0.02727272727272727 0.039473684210526314
1 0.625 0.8519736842105263 0.02727272727272727 0.039473684210526314
1 0.7715909090909091 0.6348684210526315 0.025 0.03289473684210526
4 0.6034090909090909 0.6134868421052632 0.011363636363636364 0.01644736842105263