3 0.011652542372881356 0.5 0.023305084745762712 0.9938650306748467
3 0.940677966101695 0.5 0.11864406779661017 0.9938650306748467
2 0.701271186440678 0.2561349693251534 0.0211864406779661 0.03374233128834356
2 0.6694915254237288 0.294478527607362 0.0211864406779661 0.03067484662576687
2 0.7076271186440678 0.31901840490797545 0.025423728813559324 0.03067484662576687
2 0.7330508474576272 0.38190184049079756 0.025423728813559324 0.03374233128834356
2 0.5582627118644068 0.0950920245398773 0.023305084745762712 0.03680981595092025
5 0.7266949152542372 0.2223926380368098 0.025423728813559324 0.03374233128834356
5 0.7478813559322034 0.35736196319018404 0.0211864406779661 0.03374233128834356
0 0.573093220338983 0.34355828220858897 0.023305084745762712 0.03067484662576687
0 0.7669491525423728 0.23159509202453987 0.025423728813559324 0.03374233128834356
1 0.551906779661017 0.29141104294478526 0.023305084745762712 0.03067484662576687
1 0.600635593220339 0.25 0.023305084745762712 0.03374233128834356
1 0.6758474576271186 0.2607361963190184 0.025423728813559324 0.03680981595092025
1 0.5911016949152542 0.1441717791411043 0.025423728813559324 0.03680981595092025
1 0.7277542372881356 0.34662576687116564 0.023305084745762712 0.03067484662576687
4 0.5709745762711864 0.3665644171779141 0.01059322033898305 0.015337423312883436