3 0.9803719008264463 0.5 0.03512396694214876 1
3 0.0640495867768595 0.49850299401197606 0.12396694214876033 0.9970059880239521
2 0.6518595041322314 0.48353293413173654 0.026859504132231406 0.038922155688622756
2 0.6900826446280992 0.4491017964071856 0.024793388429752067 0.041916167664670656
2 0.49483471074380164 0.39520958083832336 0.022727272727272728 0.03592814371257485
2 0.6508264462809917 0.30538922155688625 0.024793388429752067 0.041916167664670656
2 0.2510330578512397 0.3248502994011976 0.026859504132231406 0.038922155688622756
5 0.4834710743801653 0.45209580838323354 0.02066115702479339 0.029940119760479042
5 0.48863636363636365 0.9086826347305389 0.022727272727272728 0.03293413173652695
0 0.45867768595041325 0.48502994011976047 0.02066115702479339 0.03592814371257485
0 0.5299586776859504 0.33532934131736525 0.022727272727272728 0.03592814371257485
1 0.4390495867768595 0.4476047904191617 0.022727272727272728 0.03293413173652695
1 0.5103305785123967 0.4820359281437126 0.02066115702479339 0.03592814371257485
1 0.7107438016528925 0.4655688622754491 0.024793388429752067 0.038922155688622756
1 0.5671487603305785 0.9610778443113772 0.022727272727272728 0.03592814371257485
1 0.6921487603305785 0.35179640718562877 0.024793388429752067 0.038922155688622756
4 0.4731404958677686 0.4880239520958084 0.008264462809917356 0.011976047904191617