3 0.980593607305936 0.5 0.03424657534246575 1
3 0.02054794520547945 0.49834437086092714 0.0365296803652968 0.9966887417218543
2 0.6198630136986302 0.5149006622516556 0.02968036529680365 0.04304635761589404
2 0.6621004566210046 0.4768211920529801 0.0273972602739726 0.046357615894039736
2 0.4463470319634703 0.41721854304635764 0.02511415525114155 0.039735099337748346
2 0.6187214611872146 0.31788079470198677 0.0273972602739726 0.046357615894039736
2 0.1769406392694064 0.3394039735099338 0.02968036529680365 0.04304635761589404
5 0.4337899543378995 0.48013245033112584 0.0228310502283105 0.033112582781456956
5 0.4383561643835616 0.9817880794701986 0.0273972602739726 0.029801324503311258
0 0.4063926940639269 0.5165562913907285 0.0228310502283105 0.039735099337748346
0 0.4851598173515982 0.3509933774834437 0.02511415525114155 0.039735099337748346
1 0.384703196347032 0.47516556291390727 0.02511415525114155 0.03642384105960265
1 0.4634703196347032 0.5132450331125827 0.0228310502283105 0.039735099337748346
1 0.684931506849315 0.49503311258278143 0.0273972602739726 0.04304635761589404
1 0.6643835616438356 0.36920529801324503 0.0273972602739726 0.04304635761589404
4 0.4223744292237443 0.5198675496688742 0.0091324200913242 0.013245033112582781