3 0.9819915254237288 0.5 0.03177966101694915 0.9938650306748467
3 0.05614406779661017 0.5 0.10805084745762712 0.9938650306748467
2 0.4078389830508475 0.5598159509202454 0.023305084745762712 0.03987730061349693
2 0.4798728813559322 0.5168711656441718 0.023305084745762712 0.03987730061349693
2 0.4798728813559322 0.6012269938650306 0.023305084745762712 0.03680981595092025
2 0.5741525423728814 0.5122699386503068 0.025423728813559324 0.03680981595092025
2 0.5614406779661016 0.6058282208588958 0.025423728813559324 0.03987730061349693
5 0.6917372881355932 0.5138036809815951 0.023305084745762712 0.03374233128834356
5 0.4110169491525424 0.7438650306748467 0.0211864406779661 0.03374233128834356
0 0.5360169491525424 0.5966257668711656 0.0211864406779661 0.03374233128834356
0 0.4290254237288136 0.4723926380368098 0.023305084745762712 0.03680981595092025
1 0.4290254237288136 0.7760736196319018 0.023305084745762712 0.03680981595092025
1 0.4925847457627119 0.696319018404908 0.023305084745762712 0.03680981595092025
1 0.3336864406779661 0.6687116564417178 0.023305084745762712 0.03680981595092025
1 0.4427966101694915 0.6257668711656442 0.0211864406779661 0.03680981595092025
1 0.4364406779661017 0.5628834355828221 0.0211864406779661 0.03987730061349693
4 0.4322033898305085 0.4049079754601227 0.00847457627118644 0.012269938650306749