3 0.015486725663716814 0.4983974358974359 0.030973451327433628 0.9967948717948718
3 0.9623893805309734 0.4983974358974359 0.07079646017699115 0.9967948717948718
2 0.6139380530973452 0.4342948717948718 0.024336283185840708 0.041666666666666664
2 0.5387168141592921 0.4791666666666667 0.024336283185840708 0.041666666666666664
2 0.5387168141592921 0.391025641025641 0.024336283185840708 0.038461538461538464
2 0.44026548672566373 0.483974358974359 0.02654867256637168 0.038461538461538464
2 0.45353982300884954 0.38621794871794873 0.02654867256637168 0.041666666666666664
5 0.3174778761061947 0.4823717948717949 0.024336283185840708 0.035256410256410256
5 0.6106194690265486 0.2419871794871795 0.022123893805309734 0.035256410256410256
0 0.48008849557522126 0.3958333333333333 0.022123893805309734 0.035256410256410256
0 0.5918141592920354 0.5256410256410257 0.024336283185840708 0.038461538461538464
1 0.5918141592920354 0.20833333333333334 0.024336283185840708 0.038461538461538464
1 0.5254424778761062 0.2916666666666667 0.024336283185840708 0.038461538461538464
1 0.6913716814159292 0.32051282051282054 0.024336283185840708 0.038461538461538464
1 0.577433628318584 0.36538461538461536 0.022123893805309734 0.038461538461538464
1 0.584070796460177 0.4310897435897436 0.022123893805309734 0.041666666666666664
4 0.588495575221239 0.5961538461538461 0.008849557522123894 0.01282051282051282