3 0.9802083333333333 0.5 0.035416666666666666 0.9939393939393939
3 0.06145833333333333 0.5 0.11875 0.9939393939393939
2 0.41354166666666664 0.553030303030303 0.022916666666666665 0.03939393939393939
2 0.484375 0.5106060606060606 0.022916666666666665 0.03939393939393939
2 0.484375 0.593939393939394 0.022916666666666665 0.03636363636363636
2 0.5770833333333333 0.5060606060606061 0.025 0.03636363636363636
2 0.5645833333333333 0.5984848484848485 0.025 0.03939393939393939
5 0.6927083333333334 0.5075757575757576 0.022916666666666665 0.03333333333333333
5 0.4166666666666667 0.7348484848484849 0.020833333333333332 0.03333333333333333
0 0.5395833333333333 0.5893939393939394 0.020833333333333332 0.03333333333333333
0 0.434375 0.4666666666666667 0.022916666666666665 0.03636363636363636
1 0.434375 0.7666666666666667 0.022916666666666665 0.03636363636363636
1 0.496875 0.6878787878787879 0.022916666666666665 0.03636363636363636
1 0.340625 0.6606060606060606 0.022916666666666665 0.03636363636363636
1 0.4479166666666667 0.6181818181818182 0.020833333333333332 0.03636363636363636
1 0.44166666666666665 0.556060606060606 0.020833333333333332 0.03939393939393939
4 0.4375 0.4 0.008333333333333333 0.012121212121212121