3 0.02066115702479339 0.49850299401197606 0.04132231404958678 0.9970059880239521
3 0.9390495867768595 0.49850299401197606 0.11776859504132231 0.9970059880239521
2 0.42458677685950413 0.4865269461077844 0.022727272727272728 0.03293413173652695
2 0.5165289256198347 0.48353293413173654 0.024793388429752067 0.038922155688622756
2 0.6942148760330579 0.47904191616766467 0.024793388429752067 0.03592814371257485
2 0.7097107438016529 0.5598802395209581 0.026859504132231406 0.03592814371257485
2 0.8171487603305785 0.47005988023952094 0.026859504132231406 0.041916167664670656
5 0.8171487603305785 0.2275449101796407 0.022727272727272728 0.03592814371257485
5 0.5867768595041323 0.2559880239520958 0.02066115702479339 0.03293413173652695
0 0.5981404958677686 0.2904191616766467 0.022727272727272728 0.03592814371257485
0 0.47210743801652894 0.5419161676646707 0.022727272727272728 0.03592814371257485
1 0.8223140495867769 0.4086826347305389 0.024793388429752067 0.04491017964071856
1 0.856404958677686 0.3532934131736527 0.022727272727272728 0.03592814371257485
1 0.6735537190082644 0.281437125748503 0.02066115702479339 0.03592814371257485
1 0.5671487603305785 0.23053892215568864 0.022727272727272728 0.03592814371257485
1 0.8636363636363636 0.4745508982035928 0.024793388429752067 0.038922155688622756
4 0.24070247933884298 0.7050898203592815 0.010330578512396695 0.014970059880239521