3 0.014130434782608696 0.49841772151898733 0.02826086956521739 0.9968354430379747
3 0.9543478260869566 0.49841772151898733 0.08695652173913043 0.9968354430379747
2 0.4315217391304348 0.4825949367088608 0.02391304347826087 0.03481012658227848
2 0.5282608695652173 0.47943037974683544 0.02608695652173913 0.04113924050632911
2 0.7152173913043478 0.47468354430379744 0.02608695652173913 0.0379746835443038
2 0.7315217391304348 0.560126582278481 0.02826086956521739 0.0379746835443038
2 0.8445652173913043 0.4651898734177215 0.02826086956521739 0.04430379746835443
5 0.8445652173913043 0.2088607594936709 0.02391304347826087 0.0379746835443038
5 0.6021739130434782 0.2389240506329114 0.021739130434782608 0.03481012658227848
0 0.6141304347826086 0.27531645569620256 0.02391304347826087 0.0379746835443038
0 0.4815217391304348 0.5411392405063291 0.02391304347826087 0.0379746835443038
1 0.85 0.40031645569620256 0.02608695652173913 0.04746835443037975
1 0.8858695652173914 0.34177215189873417 0.02391304347826087 0.0379746835443038
1 0.6934782608695652 0.26582278481012656 0.021739130434782608 0.0379746835443038
1 0.5815217391304348 0.2120253164556962 0.02391304347826087 0.0379746835443038
1 0.8934782608695652 0.4699367088607595 0.02608695652173913 0.04113924050632911
4 0.23804347826086958 0.7136075949367089 0.010869565217391304 0.015822784810126583