3 0.011956521739130435 0.49841772151898733 0.02391304347826087 0.9968354430379747
3 0.9532608695652174 0.49841772151898733 0.0891304347826087 0.9968354430379747
2 0.41847826086956524 0.5158227848101266 0.02391304347826087 0.0379746835443038
2 0.5239130434782608 0.4525316455696203 0.02608695652173913 0.04430379746835443
2 0.7119565217391305 0.4462025316455696 0.02391304347826087 0.0379746835443038
2 0.8402173913043478 0.43829113924050633 0.02826086956521739 0.04113924050632911
2 0.7271739130434782 0.5363924050632911 0.02826086956521739 0.04113924050632911
5 0.5945652173913043 0.2231012658227848 0.02391304347826087 0.03481012658227848
5 0.9097826086956522 0.31170886075949367 0.02826086956521739 0.04113924050632911
0 0.6097826086956522 0.24841772151898733 0.02391304347826087 0.04113924050632911
0 0.4771739130434783 0.5158227848101266 0.02391304347826087 0.0379746835443038
1 0.5717391304347826 0.4825949367088608 0.02608695652173913 0.04113924050632911
1 0.8880434782608696 0.4430379746835443 0.02826086956521739 0.04430379746835443
1 0.8434782608695652 0.37183544303797467 0.030434782608695653 0.04746835443037975
1 0.6880434782608695 0.24208860759493672 0.02391304347826087 0.04113924050632911
1 0.5706521739130435 0.17721518987341772 0.02391304347826087 0.0379746835443038
4 0.3684782608695652 0.6265822784810127 0.010869565217391304 0.0189873417721519