3 0.9778481012658228 0.5 0.04008438818565401 0.9939024390243902
3 0.05168776371308017 0.5 0.09915611814345991 0.9939024390243902
2 0.5748945147679325 0.46646341463414637 0.023206751054852322 0.036585365853658534
2 0.47257383966244726 0.5274390243902439 0.02531645569620253 0.042682926829268296
2 0.290084388185654 0.5335365853658537 0.023206751054852322 0.036585365853658534
2 0.16561181434599156 0.5411585365853658 0.027426160337552744 0.039634146341463415
2 0.27531645569620256 0.44664634146341464 0.027426160337552744 0.039634146341463415
5 0.4040084388185654 0.7484756097560976 0.023206751054852322 0.03353658536585366
5 0.0981012658227848 0.663109756097561 0.027426160337552744 0.039634146341463415
0 0.38924050632911394 0.7240853658536586 0.023206751054852322 0.039634146341463415
0 0.5179324894514767 0.46646341463414637 0.023206751054852322 0.036585365853658534
1 0.42616033755274263 0.49847560975609756 0.02531645569620253 0.039634146341463415
1 0.11919831223628692 0.5365853658536586 0.027426160337552744 0.042682926829268296
1 0.16244725738396623 0.6051829268292683 0.029535864978902954 0.04573170731707317
1 0.31329113924050633 0.7301829268292683 0.023206751054852322 0.039634146341463415
1 0.4272151898734177 0.7926829268292683 0.023206751054852322 0.036585365853658534
4 0.6234177215189873 0.3597560975609756 0.010548523206751054 0.018292682926829267