3 0.9562780269058296 0.5 0.08744394618834081 0.9935064935064936
2 0.40919282511210764 0.49188311688311687 0.02466367713004484 0.03571428571428571
2 0.5179372197309418 0.5584415584415584 0.026905829596412557 0.03896103896103896
2 0.7118834080717489 0.5633116883116883 0.02466367713004484 0.04220779220779221
2 0.844170403587444 0.573051948051948 0.02914798206278027 0.04220779220779221
2 0.726457399103139 0.474025974025974 0.026905829596412557 0.03896103896103896
5 0.5908071748878924 0.7938311688311688 0.02466367713004484 0.03571428571428571
5 0.9159192825112108 0.7012987012987013 0.02466367713004484 0.03896103896103896
0 0.6065022421524664 0.7662337662337663 0.02466367713004484 0.03896103896103896
0 0.4697309417040359 0.49188311688311687 0.02466367713004484 0.03571428571428571
1 0.4103139013452915 0.39285714285714285 0.02242152466367713 0.03896103896103896
1 0.8934977578475336 0.5665584415584416 0.02466367713004484 0.03571428571428571
1 0.8486547085201793 0.637987012987013 0.02466367713004484 0.04220779220779221
1 0.6883408071748879 0.7727272727272727 0.02242152466367713 0.03896103896103896
1 0.5672645739910314 0.8409090909090909 0.02242152466367713 0.032467532467532464
4 0.3576233183856502 0.3782467532467532 0.011210762331838564 0.016233766233766232