3 0.020127118644067795 0.5 0.04025423728813559 0.9938650306748467
3 0.9491525423728814 0.5 0.1016949152542373 0.9938650306748467
2 0.4226694915254237 0.4432515337423313 0.023305084745762712 0.03374233128834356
2 0.5254237288135594 0.5061349693251533 0.025423728813559324 0.03680981595092025
2 0.7086864406779662 0.5107361963190185 0.023305084745762712 0.03987730061349693
2 0.8336864406779662 0.5199386503067485 0.02754237288135593 0.03987730061349693
2 0.722457627118644 0.4263803680981595 0.025423728813559324 0.03680981595092025
5 0.5942796610169492 0.7285276073619632 0.023305084745762712 0.03374233128834356
5 0.9014830508474576 0.6411042944785276 0.023305084745762712 0.03680981595092025
0 0.6091101694915254 0.7024539877300614 0.023305084745762712 0.03680981595092025
0 0.4798728813559322 0.4432515337423313 0.023305084745762712 0.03374233128834356
1 0.423728813559322 0.3496932515337423 0.0211864406779661 0.03680981595092025
1 0.8802966101694916 0.5138036809815951 0.023305084745762712 0.03374233128834356
1 0.8379237288135594 0.5812883435582822 0.023305084745762712 0.03987730061349693
1 0.6864406779661016 0.7085889570552147 0.0211864406779661 0.03680981595092025
1 0.5720338983050848 0.7730061349693251 0.0211864406779661 0.03067484662576687
4 0.3739406779661017 0.33588957055214724 0.01059322033898305 0.015337423312883436