3 0.9774590163934426 0.5 0.040983606557377046 1
3 0.0625 0.49851632047477745 0.12090163934426229 0.9970326409495549
2 0.5153688524590164 0.6454005934718101 0.022540983606557378 0.03857566765578635
2 0.5922131147540983 0.5385756676557863 0.020491803278688523 0.032640949554896145
2 0.48360655737704916 0.4807121661721068 0.02459016393442623 0.03560830860534125
2 0.3073770491803279 0.47477744807121663 0.02459016393442623 0.03560830860534125
2 0.29200819672131145 0.5578635014836796 0.02663934426229508 0.03560830860534125
5 0.41700819672131145 0.26706231454005935 0.022540983606557378 0.02967359050445104
5 0.11987704918032786 0.35014836795252224 0.02663934426229508 0.03560830860534125
0 0.4036885245901639 0.29080118694362017 0.020491803278688523 0.03560830860534125
0 0.5676229508196722 0.5400593471810089 0.020491803278688523 0.03560830860534125
1 0.5450819672131147 0.5415430267062314 0.020491803278688523 0.03857566765578635
1 0.6034836065573771 0.6780415430267063 0.018442622950819672 0.032640949554896145
1 0.18237704918032788 0.4094955489614243 0.02459016393442623 0.04154302670623145
1 0.32889344262295084 0.28338278931750743 0.022540983606557378 0.03857566765578635
1 0.4395491803278688 0.22255192878338279 0.022540983606557378 0.03560830860534125
4 0.6311475409836066 0.6454005934718101 0.00819672131147541 0.01483679525222552