3 0.9772727272727273 0.5 0.04132231404958678 1
3 0.05991735537190083 0.49850299401197606 0.11570247933884298 0.9970059880239521
2 0.5134297520661157 0.6482035928143712 0.022727272727272728 0.038922155688622756
2 0.5909090909090909 0.5404191616766467 0.02066115702479339 0.03293413173652695
2 0.48140495867768596 0.4820359281437126 0.024793388429752067 0.03592814371257485
2 0.3037190082644628 0.47604790419161674 0.024793388429752067 0.03592814371257485
2 0.2882231404958678 0.5598802395209581 0.026859504132231406 0.03592814371257485
5 0.4142561983471074 0.26646706586826346 0.022727272727272728 0.029940119760479042
5 0.11466942148760331 0.3502994011976048 0.026859504132231406 0.03592814371257485
0 0.40082644628099173 0.2904191616766467 0.02066115702479339 0.03592814371257485
0 0.5661157024793388 0.5419161676646707 0.02066115702479339 0.03592814371257485
1 0.5433884297520661 0.5434131736526946 0.02066115702479339 0.038922155688622756
1 0.6022727272727273 0.6811377245508982 0.01859504132231405 0.03293413173652695
1 0.17768595041322313 0.4101796407185629 0.024793388429752067 0.041916167664670656
1 0.32541322314049587 0.28293413173652693 0.022727272727272728 0.038922155688622756
1 0.4369834710743802 0.2215568862275449 0.022727272727272728 0.03592814371257485
4 0.6301652892561983 0.6482035928143712 0.008264462809917356 0.014970059880239521