3 0.9809417040358744 0.5 0.033632286995515695 1
3 0.026905829596412557 0.49837662337662336 0.04932735426008968 0.9967532467532467
2 0.30269058295964124 0.6883116883116883 0.02242152466367713 0.032467532467532464
2 0.242152466367713 0.7077922077922078 0.026905829596412557 0.03896103896103896
2 0.2219730941704036 0.6655844155844156 0.026905829596412557 0.03896103896103896
2 0.2219730941704036 0.625 0.026905829596412557 0.03571428571428571
2 0.2556053811659193 0.5698051948051948 0.026905829596412557 0.03571428571428571
5 0.14573991031390135 0.7224025974025974 0.026905829596412557 0.03571428571428571
5 0.12780269058295965 0.7061688311688312 0.026905829596412557 0.03571428571428571
0 0.17713004484304934 0.7321428571428571 0.026905829596412557 0.03571428571428571
0 0.22757847533632286 0.823051948051948 0.02466367713004484 0.03571428571428571
1 0.06053811659192825 0.8262987012987013 0.026905829596412557 0.03571428571428571
1 0.11659192825112108 0.7792207792207793 0.026905829596412557 0.03896103896103896
1 0.09865470852017937 0.7191558441558441 0.026905829596412557 0.03571428571428571
1 0.33408071748878926 0.7094155844155844 0.02242152466367713 0.02922077922077922
1 0.21524663677130046 0.586038961038961 0.026905829596412557 0.03571428571428571
4 0.1311659192825112 0.6801948051948052 0.011210762331838564 0.016233766233766232