3 0.01875 0.5 0.0375 0.9939393939393939
3 0.9416666666666667 0.5 0.11666666666666667 0.9939393939393939
2 0.65 0.2818181818181818 0.020833333333333332 0.030303030303030304
2 0.70625 0.2636363636363636 0.025 0.03636363636363636
2 0.725 0.30303030303030304 0.025 0.03636363636363636
2 0.725 0.3409090909090909 0.025 0.03333333333333333
2 0.69375 0.3924242424242424 0.025 0.03333333333333333
5 0.7958333333333333 0.25 0.025 0.03333333333333333
5 0.8125 0.26515151515151514 0.025 0.03333333333333333
0 0.7666666666666667 0.2409090909090909 0.025 0.03333333333333333
0 0.7197916666666667 0.15606060606060607 0.022916666666666665 0.03333333333333333
1 0.875 0.15303030303030302 0.025 0.03333333333333333
1 0.8229166666666666 0.19696969696969696 0.025 0.03636363636363636
1 0.8395833333333333 0.25303030303030305 0.025 0.03333333333333333
1 0.6208333333333333 0.26212121212121214 0.020833333333333332 0.02727272727272727
1 0.73125 0.37727272727272726 0.025 0.03333333333333333
4 0.809375 0.28939393939393937 0.010416666666666666 0.015151515151515152