3 0.015625 0.4984848484848485 0.03125 0.996969696969697
2 0.4791666666666667 0.6484848484848484 0.025 0.03636363636363636
2 0.4041666666666667 0.5409090909090909 0.020833333333333332 0.03333333333333333
2 0.5104166666666666 0.4818181818181818 0.025 0.03636363636363636
2 0.5208333333333334 0.4393939393939394 0.025 0.03636363636363636
2 0.70625 0.5621212121212121 0.025 0.03333333333333333
5 0.6114583333333333 0.4636363636363636 0.03125 0.03636363636363636
5 0.5791666666666667 0.2636363636363636 0.020833333333333332 0.030303030303030304
0 0.5927083333333333 0.2878787878787879 0.022916666666666665 0.03636363636363636
0 0.4270833333333333 0.5424242424242425 0.020833333333333332 0.030303030303030304
1 0.4479166666666667 0.543939393939394 0.020833333333333332 0.03333333333333333
1 0.653125 0.5863636363636363 0.022916666666666665 0.03333333333333333
1 0.3875 0.6833333333333333 0.020833333333333332 0.03333333333333333
1 0.66875 0.2818181818181818 0.025 0.03636363636363636
1 0.55625 0.2196969696969697 0.020833333333333332 0.03333333333333333
4 0.36041666666666666 0.6484848484848484 0.008333333333333333 0.012121212121212121
3 0.9385416666666667 0.1606060606060606 0.11875 0.3212121212121212
3 0.9385416666666667 0.6712121212121213 0.11875 0.6515151515151515