3 0.9780334728033473 0.5 0.0397489539748954 0.9939393939393939
2 0.5083682008368201 0.3515151515151515 0.02510460251046025 0.03636363636363636
2 0.5836820083682008 0.4590909090909091 0.02092050209205021 0.03333333333333333
2 0.4769874476987448 0.5181818181818182 0.02510460251046025 0.03636363636363636
2 0.4665271966527197 0.5606060606060606 0.02510460251046025 0.03636363636363636
2 0.2803347280334728 0.43787878787878787 0.02510460251046025 0.03333333333333333
5 0.37552301255230125 0.5363636363636364 0.03138075313807531 0.03636363636363636
5 0.40794979079497906 0.7363636363636363 0.02092050209205021 0.030303030303030304
0 0.39435146443514646 0.7121212121212122 0.02301255230125523 0.03636363636363636
0 0.5606694560669456 0.4575757575757576 0.02092050209205021 0.030303030303030304
1 0.5397489539748954 0.45606060606060606 0.02092050209205021 0.03333333333333333
1 0.33368200836820083 0.41363636363636364 0.02301255230125523 0.03333333333333333
1 0.600418410041841 0.31666666666666665 0.02092050209205021 0.03333333333333333
1 0.3179916317991632 0.7181818181818181 0.02510460251046025 0.03636363636363636
1 0.4309623430962343 0.7803030303030303 0.02092050209205021 0.03333333333333333
4 0.6276150627615062 0.3515151515151515 0.008368200836820083 0.012121212121212121
3 0.05543933054393305 0.8378787878787879 0.10669456066945607 0.3181818181818182
3 0.05439330543933055 0.3287878787878788 0.10460251046025104 0.6515151515151515