2 0.4690265486725664 0.358974358974359 0.02654867256637168 0.038461538461538464
2 0.3893805309734513 0.47275641025641024 0.022123893805309734 0.035256410256410256
2 0.5022123893805309 0.5352564102564102 0.02654867256637168 0.038461538461538464
2 0.5132743362831859 0.5801282051282052 0.02654867256637168 0.038461538461538464
2 0.7101769911504425 0.45032051282051283 0.02654867256637168 0.035256410256410256
5 0.6095132743362832 0.5544871794871795 0.033185840707964605 0.038461538461538464
5 0.5752212389380531 0.7660256410256411 0.022123893805309734 0.03205128205128205
0 0.5896017699115044 0.7403846153846154 0.024336283185840708 0.038461538461538464
0 0.413716814159292 0.47115384615384615 0.022123893805309734 0.03205128205128205
1 0.4358407079646018 0.46955128205128205 0.022123893805309734 0.035256410256410256
1 0.6537610619469026 0.42467948717948717 0.024336283185840708 0.035256410256410256
1 0.37168141592920356 0.32211538461538464 0.022123893805309734 0.035256410256410256
1 0.6703539823008849 0.7467948717948718 0.02654867256637168 0.038461538461538464
1 0.5508849557522124 0.8125 0.022123893805309734 0.035256410256410256
4 0.34292035398230086 0.358974358974359 0.008849557522123894 0.01282051282051282
3 0.9469026548672567 0.8509615384615384 0.10619469026548672 0.2916666666666667
3 0.9457964601769911 0.34134615384615385 0.10398230088495575 0.6762820512820513