3 0.9833333333333333 0.5 0.029166666666666667 1
3 0.0625 0.4984848484848485 0.12083333333333333 0.996969696969697
2 0.521875 0.6818181818181818 0.022916666666666665 0.03636363636363636
2 0.5958333333333333 0.5424242424242425 0.020833333333333332 0.030303030303030304
2 0.48020833333333335 0.44242424242424244 0.022916666666666665 0.03636363636363636
2 0.5572916666666666 0.4015151515151515 0.022916666666666665 0.03333333333333333
2 0.29375 0.5606060606060606 0.025 0.03636363636363636
5 0.421875 0.2636363636363636 0.01875 0.030303030303030304
5 0.5395833333333333 0.6287878787878788 0.020833333333333332 0.03333333333333333
0 0.5729166666666666 0.5424242424242425 0.020833333333333332 0.030303030303030304
1 0.5520833333333334 0.5424242424242425 0.020833333333333332 0.030303030303030304
0 0.40729166666666666 0.2863636363636364 0.022916666666666665 0.03333333333333333
1 0.33229166666666665 0.2803030303030303 0.022916666666666665 0.03333333333333333
1 0.44479166666666664 0.2196969696969697 0.022916666666666665 0.03333333333333333
1 0.3458333333333333 0.5863636363636363 0.025 0.03333333333333333
1 0.6135416666666667 0.6833333333333333 0.022916666666666665 0.03333333333333333
4 0.6395833333333333 0.6484848484848484 0.008333333333333333 0.012121212121212121