3 0.979253112033195 0.5 0.03734439834024896 1
3 0.06016597510373444 0.49849397590361444 0.11618257261410789 0.9969879518072289
2 0.5155601659751037 0.6807228915662651 0.022821576763485476 0.03614457831325301
2 0.5892116182572614 0.5421686746987951 0.02074688796680498 0.030120481927710843
2 0.47406639004149376 0.4427710843373494 0.022821576763485476 0.03614457831325301
2 0.5508298755186722 0.40210843373493976 0.022821576763485476 0.03313253012048193
2 0.2883817427385892 0.5602409638554217 0.024896265560165973 0.03614457831325301
5 0.41597510373443985 0.26506024096385544 0.01867219917012448 0.030120481927710843
5 0.533195020746888 0.6280120481927711 0.02074688796680498 0.03313253012048193
0 0.5663900414937759 0.5421686746987951 0.02074688796680498 0.030120481927710843
1 0.5456431535269709 0.5421686746987951 0.02074688796680498 0.030120481927710843
0 0.40145228215767637 0.2876506024096386 0.022821576763485476 0.03313253012048193
1 0.32676348547717843 0.2816265060240964 0.022821576763485476 0.03313253012048193
1 0.4387966804979253 0.2213855421686747 0.022821576763485476 0.03313253012048193
1 0.34024896265560167 0.5858433734939759 0.024896265560165973 0.03313253012048193
1 0.6068464730290456 0.6822289156626506 0.022821576763485476 0.03313253012048193
4 0.6327800829875518 0.6475903614457831 0.008298755186721992 0.012048192771084338