3 0.9545454545454546 0.7319078947368421 0.09090909090909091 0.5296052631578947
2 0.47045454545454546 0.25164473684210525 0.02727272727272727 0.04276315789473684
2 0.39545454545454545 0.42598684210526316 0.022727272727272728 0.03618421052631579
2 0.5215909090909091 0.5345394736842105 0.025 0.04276315789473684
2 0.4147727272727273 0.6299342105263158 0.025 0.04276315789473684
2 0.9409090909090909 0.4555921052631579 0.031818181818181815 0.03618421052631579
5 0.45454545454545453 0.31414473684210525 0.022727272727272728 0.03618421052631579
5 0.5863636363636363 0.7269736842105263 0.022727272727272728 0.03289473684210526
0 0.6 0.7023026315789473 0.022727272727272728 0.03618421052631579
0 0.42045454545454547 0.4243421052631579 0.022727272727272728 0.039473684210526314
1 0.3784090909090909 0.2730263157894737 0.025 0.03289473684210526
1 0.4431818181818182 0.42269736842105265 0.022727272727272728 0.03618421052631579
1 0.6829545454545455 0.7072368421052632 0.025 0.039473684210526314
1 0.5613636363636364 0.774671052631579 0.022727272727272728 0.03618421052631579
1 0.8977272727272727 0.28289473684210525 0.02727272727272727 0.046052631578947366
4 0.3477272727272727 0.3092105263157895 0.00909090909090909 0.013157894736842105
3 0.9568181818181818 0.21710526315789475 0.08181818181818182 0.4276315789473684