3 0.9761410788381742 0.5 0.043568464730290454 0.9939759036144579
3 0.05912863070539419 0.7484939759036144 0.11410788381742738 0.49698795180722893
2 0.5145228215767634 0.30271084337349397 0.024896265560165973 0.0391566265060241
2 0.58298755186722 0.4623493975903614 0.02074688796680498 0.03313253012048193
2 0.4678423236514523 0.5617469879518072 0.022821576763485476 0.0391566265060241
2 0.5653526970954357 0.6490963855421686 0.022821576763485476 0.0391566265060241
2 0.08506224066390042 0.4894578313253012 0.029045643153526972 0.03313253012048193
5 0.529045643153527 0.35993975903614456 0.02074688796680498 0.03313253012048193
5 0.4087136929460581 0.7379518072289156 0.02074688796680498 0.030120481927710843
0 0.3962655601659751 0.7153614457831325 0.02074688796680498 0.03313253012048193
0 0.5601659751037344 0.4608433734939759 0.02074688796680498 0.03614457831325301
1 0.5985477178423236 0.32228915662650603 0.022821576763485476 0.030120481927710843
1 0.5394190871369294 0.45933734939759036 0.02074688796680498 0.03313253012048193
1 0.32053941908713696 0.7198795180722891 0.022821576763485476 0.03614457831325301
1 0.4315352697095436 0.7816265060240963 0.02074688796680498 0.03313253012048193
1 0.12448132780082988 0.3313253012048193 0.024896265560165973 0.04216867469879518
4 0.6265560165975104 0.35542168674698793 0.008298755186721992 0.012048192771084338
3 0.054979253112033194 0.23493975903614459 0.10580912863070539 0.463855421686747