3 0.022727272727272728 0.5 0.045454545454545456 0.9940119760479041
3 0.9431818181818182 0.5 0.11363636363636363 0.9940119760479041
2 0.4824380165289256 0.2994011976047904 0.022727272727272728 0.03592814371257485
2 0.4132231404958678 0.4565868263473054 0.02066115702479339 0.03293413173652695
2 0.5278925619834711 0.5568862275449101 0.022727272727272728 0.03592814371257485
2 0.43078512396694213 0.6422155688622755 0.026859504132231406 0.038922155688622756
2 0.2799586776859504 0.624251497005988 0.026859504132231406 0.038922155688622756
5 0.46797520661157027 0.35479041916167664 0.022727272727272728 0.03293413173652695
5 0.5867768595041323 0.7320359281437125 0.02066115702479339 0.03293413173652695
0 0.5991735537190083 0.7080838323353293 0.02066115702479339 0.03293413173652695
0 0.4359504132231405 0.4565868263473054 0.02066115702479339 0.03293413173652695
1 0.45661157024793386 0.4565868263473054 0.02066115702479339 0.03293413173652695
1 0.39669421487603307 0.3158682634730539 0.02066115702479339 0.03293413173652695
1 0.8698347107438017 0.3263473053892216 0.024793388429752067 0.041916167664670656
1 0.6756198347107438 0.7140718562874252 0.024793388429752067 0.038922155688622756
1 0.5640495867768595 0.7739520958083832 0.02066115702479339 0.03293413173652695
4 0.36983471074380164 0.3502994011976048 0.008264462809917356 0.011976047904191617