3 0.9873417721518988 0.5 0.02109704641350211 1
3 0.05907172995780591 0.49847560975609756 0.11392405063291139 0.9969512195121951
2 0.5284810126582279 0.7134146341463414 0.023206751054852322 0.036585365853658534
2 0.5991561181434599 0.5533536585365854 0.02109704641350211 0.03353658536585366
2 0.4820675105485232 0.45121951219512196 0.023206751054852322 0.036585365853658534
2 0.5812236286919831 0.3643292682926829 0.027426160337552744 0.039634146341463415
2 0.7352320675105485 0.3826219512195122 0.027426160337552744 0.039634146341463415
5 0.5432489451476793 0.6570121951219512 0.023206751054852322 0.03353658536585366
5 0.4219409282700422 0.2728658536585366 0.02109704641350211 0.03353658536585366
0 0.4092827004219409 0.2972560975609756 0.02109704641350211 0.03353658536585366
0 0.5759493670886076 0.5533536585365854 0.02109704641350211 0.03353658536585366
1 0.5548523206751055 0.5533536585365854 0.02109704641350211 0.03353658536585366
1 0.6160337552742616 0.6966463414634146 0.02109704641350211 0.03353658536585366
1 0.13291139240506328 0.6859756097560976 0.02531645569620253 0.042682926829268296
1 0.33122362869198313 0.29115853658536583 0.02531645569620253 0.039634146341463415
1 0.4451476793248945 0.2301829268292683 0.02109704641350211 0.03353658536585366
4 0.6434599156118144 0.6615853658536586 0.008438818565400843 0.012195121951219513