3 0.984375 0.5 0.026785714285714284 1
3 0.03125 0.49838709677419357 0.05803571428571429 0.9967741935483871
2 0.4966517857142857 0.6774193548387096 0.024553571428571428 0.03870967741935484
2 0.5714285714285714 0.5080645161290323 0.022321428571428572 0.035483870967741936
2 0.44754464285714285 0.4 0.024553571428571428 0.03870967741935484
2 0.5524553571428571 0.30806451612903224 0.029017857142857144 0.041935483870967745
2 0.7154017857142857 0.32741935483870965 0.029017857142857144 0.041935483870967745
5 0.5122767857142857 0.617741935483871 0.024553571428571428 0.035483870967741936
5 0.38392857142857145 0.21129032258064517 0.022321428571428572 0.035483870967741936
0 0.3705357142857143 0.23709677419354838 0.022321428571428572 0.035483870967741936
0 0.546875 0.5080645161290323 0.022321428571428572 0.035483870967741936
1 0.5245535714285714 0.5080645161290323 0.022321428571428572 0.035483870967741936
1 0.5892857142857143 0.6596774193548387 0.022321428571428572 0.035483870967741936
1 0.078125 0.6483870967741936 0.026785714285714284 0.04516129032258064
1 0.28794642857142855 0.2306451612903226 0.026785714285714284 0.041935483870967745
1 0.40848214285714285 0.16612903225806452 0.022321428571428572 0.035483870967741936
4 0.6183035714285714 0.6225806451612903 0.008928571428571428 0.012903225806451613