3 0.9352678571428571 0.49838709677419357 0.125 0.9967741935483871
2 0.43973214285714285 0.7016129032258065 0.026785714285714284 0.041935483870967745
2 0.49107142857142855 0.42258064516129035 0.026785714285714284 0.04516129032258064
2 0.34598214285714285 0.4161290322580645 0.022321428571428572 0.03870967741935484
2 0.3861607142857143 0.33064516129032256 0.026785714285714284 0.041935483870967745
2 0.26450892857142855 0.5 0.029017857142857144 0.04516129032258064
5 0.4252232142857143 0.6419354838709678 0.024553571428571428 0.03870967741935484
5 0.5524553571428571 0.23387096774193547 0.024553571428571428 0.035483870967741936
0 0.5680803571428571 0.25806451612903225 0.024553571428571428 0.03870967741935484
0 0.38950892857142855 0.532258064516129 0.024553571428571428 0.03870967741935484
1 0.41294642857142855 0.532258064516129 0.022321428571428572 0.03870967741935484
1 0.34933035714285715 0.6806451612903226 0.024553571428571428 0.03870967741935484
1 0.20870535714285715 0.5854838709677419 0.029017857142857144 0.041935483870967745
1 0.6484375 0.25483870967741934 0.024553571428571428 0.03870967741935484
1 0.5279017857142857 0.18870967741935485 0.024553571428571428 0.035483870967741936
4 0.3203125 0.6435483870967742 0.011160714285714286 0.016129032258064516