3 0.03881278538812785 0.5 0.0730593607305936 0.9933774834437086
2 0.5159817351598174 0.2764900662251656 0.0273972602739726 0.04304635761589404
2 0.4634703196347032 0.5629139072847682 0.0273972602739726 0.046357615894039736
2 0.6118721461187214 0.5695364238410596 0.0228310502283105 0.039735099337748346
2 0.5707762557077626 0.6572847682119205 0.0273972602739726 0.04304635761589404
2 0.6952054794520548 0.48344370860927155 0.02968036529680365 0.046357615894039736
5 0.5308219178082192 0.33774834437086093 0.02511415525114155 0.039735099337748346
5 0.4006849315068493 0.7566225165562914 0.02511415525114155 0.03642384105960265
0 0.384703196347032 0.7317880794701986 0.02511415525114155 0.039735099337748346
0 0.567351598173516 0.4503311258278146 0.02511415525114155 0.039735099337748346
1 0.54337899543379 0.4503311258278146 0.0228310502283105 0.039735099337748346
1 0.6084474885844748 0.2980132450331126 0.02511415525114155 0.039735099337748346
1 0.752283105022831 0.3956953642384106 0.02968036529680365 0.04304635761589404
1 0.3025114155251142 0.7350993377483444 0.02511415525114155 0.039735099337748346
1 0.4257990867579909 0.8029801324503312 0.02511415525114155 0.03642384105960265
4 0.6381278538812786 0.3360927152317881 0.01141552511415525 0.016556291390728478