3 0.007478632478632479 0.5 0.014957264957264958 0.9937888198757764
3 0.9423076923076923 0.42391304347826086 0.1111111111111111 0.8416149068322981
2 0.6452991452991453 0.07142857142857142 0.02564102564102564 0.037267080745341616
2 0.8108974358974359 0.14751552795031056 0.027777777777777776 0.034161490683229816
2 0.7232905982905983 0.18478260869565216 0.023504273504273504 0.034161490683229816
2 0.6431623931623932 0.30434782608695654 0.021367521367521368 0.031055900621118012
2 0.6997863247863247 0.17080745341614906 0.027777777777777776 0.037267080745341616
5 0.7692307692307693 0.34006211180124224 0.021367521367521368 0.034161490683229816
5 0.8536324786324786 0.33229813664596275 0.023504273504273504 0.031055900621118012
0 0.7617521367521367 0.2593167701863354 0.023504273504273504 0.034161490683229816
0 0.7051282051282052 0.05434782608695652 0.02564102564102564 0.034161490683229816
1 0.6730769230769231 0.2267080745341615 0.021367521367521368 0.031055900621118012
1 0.875 0.16770186335403728 0.023504273504273504 0.031055900621118012
1 0.8205128205128205 0.2127329192546584 0.02564102564102564 0.034161490683229816
1 0.8173076923076923 0.265527950310559 0.027777777777777776 0.034161490683229816
1 0.8482905982905983 0.2748447204968944 0.02564102564102564 0.034161490683229816
4 0.8087606837606838 0.327639751552795 0.010683760683760684 0.015527950310559006