3 0.9527027027027027 0.5 0.0945945945945946 0.9934640522875817
2 0.6441441441441441 0.4869281045751634 0.02702702702702703 0.0392156862745098
2 0.6013513513513513 0.5735294117647058 0.02702702702702703 0.042483660130718956
2 0.32432432432432434 0.6029411764705882 0.02702702702702703 0.03594771241830065
2 0.23648648648648649 0.9003267973856209 0.02252252252252252 0.03594771241830065
2 0.3277027027027027 0.9656862745098039 0.024774774774774775 0.042483660130718956
5 0.32319819819819817 0.5637254901960784 0.024774774774774775 0.03594771241830065
5 0.24211711711711711 0.24019607843137256 0.024774774774774775 0.03594771241830065
0 0.20382882882882883 0.35294117647058826 0.024774774774774775 0.0392156862745098
0 0.6565315315315315 0.5898692810457516 0.024774774774774775 0.03594771241830065
1 0.8018018018018018 0.5326797385620915 0.02702702702702703 0.0392156862745098
1 0.40540540540540543 0.5980392156862745 0.02702702702702703 0.0392156862745098
1 0.4132882882882883 0.7581699346405228 0.024774774774774775 0.032679738562091505
1 0.30292792792792794 0.3333333333333333 0.024774774774774775 0.0392156862745098
1 0.8186936936936937 0.8709150326797386 0.02927927927927928 0.042483660130718956
4 0.42567567567567566 0.7728758169934641 0.009009009009009009 0.016339869281045753