3 0.9364035087719298 0.40189873417721517 0.12280701754385964 0.7974683544303798
2 0.6282894736842105 0.01740506329113924 0.02850877192982456 0.028481012658227847
2 0.7971491228070176 0.09018987341772151 0.02850877192982456 0.03481012658227848
2 0.7072368421052632 0.1281645569620253 0.02412280701754386 0.03481012658227848
2 0.625 0.25 0.021929824561403508 0.03164556962025317
2 0.6831140350877193 0.11392405063291139 0.02850877192982456 0.0379746835443038
5 0.7543859649122807 0.28639240506329117 0.021929824561403508 0.03481012658227848
5 0.8410087719298246 0.27848101265822783 0.02412280701754386 0.03164556962025317
0 0.7467105263157895 0.20411392405063292 0.02412280701754386 0.03481012658227848
0 0.6896929824561403 0.007911392405063292 0.02850877192982456 0.00949367088607595
1 0.6557017543859649 0.17088607594936708 0.021929824561403508 0.03164556962025317
1 0.8629385964912281 0.11075949367088607 0.02412280701754386 0.03164556962025317
1 0.8070175438596491 0.15664556962025317 0.02631578947368421 0.03481012658227848
1 0.8037280701754386 0.21044303797468356 0.02850877192982456 0.03481012658227848
1 0.8355263157894737 0.2199367088607595 0.02631578947368421 0.03481012658227848
4 0.7949561403508771 0.2737341772151899 0.010964912280701754 0.015822784810126583