3 0.9488636363636364 0.49835526315789475 0.09772727272727273 0.9967105263157895
2 0.45681818181818185 0.7582236842105263 0.02727272727272727 0.04276315789473684
2 0.3613636363636364 0.46381578947368424 0.022727272727272728 0.039473684210526314
2 0.5079545454545454 0.4753289473684211 0.025 0.04276315789473684
2 0.4022727272727273 0.3815789473684211 0.02727272727272727 0.039473684210526314
2 0.38181818181818183 0.712171052631579 0.02727272727272727 0.04276315789473684
5 0.4409090909090909 0.6957236842105263 0.022727272727272728 0.03618421052631579
5 0.571590909090909 0.28125 0.025 0.03618421052631579
0 0.5863636363636363 0.30756578947368424 0.022727272727272728 0.03618421052631579
0 0.4056818181818182 0.5855263157894737 0.025 0.039473684210526314
1 0.42954545454545456 0.5855263157894737 0.022727272727272728 0.03289473684210526
1 0.36477272727272725 0.7384868421052632 0.025 0.03618421052631579
1 0.22045454545454546 0.6398026315789473 0.02727272727272727 0.03618421052631579
1 0.6693181818181818 0.2993421052631579 0.025 0.046052631578947366
1 0.5477272727272727 0.23519736842105263 0.022727272727272728 0.03618421052631579
4 0.3352272727272727 0.6990131578947368 0.011363636363636364 0.01644736842105263