3 0.05752212389380531 0.4983974358974359 0.11061946902654868 0.9967948717948718
2 0.5442477876106194 0.6810897435897436 0.02654867256637168 0.041666666666666664
2 0.6371681415929203 0.3942307692307692 0.022123893805309734 0.038461538461538464
2 0.4944690265486726 0.40544871794871795 0.024336283185840708 0.041666666666666664
2 0.5973451327433629 0.3141025641025641 0.02654867256637168 0.038461538461538464
2 0.6172566371681416 0.6362179487179487 0.02654867256637168 0.041666666666666664
5 0.5597345132743363 0.6201923076923077 0.022123893805309734 0.035256410256410256
5 0.4325221238938053 0.21634615384615385 0.024336283185840708 0.035256410256410256
0 0.41814159292035397 0.2419871794871795 0.022123893805309734 0.035256410256410256
0 0.5940265486725663 0.5128205128205128 0.024336283185840708 0.038461538461538464
1 0.5707964601769911 0.5128205128205128 0.022123893805309734 0.03205128205128205
1 0.6338495575221239 0.6618589743589743 0.024336283185840708 0.035256410256410256
1 0.7743362831858407 0.5657051282051282 0.02654867256637168 0.035256410256410256
1 0.33738938053097345 0.23397435897435898 0.024336283185840708 0.04487179487179487
1 0.4557522123893805 0.17147435897435898 0.022123893805309734 0.035256410256410256
4 0.6626106194690266 0.6233974358974359 0.011061946902654867 0.016025641025641024