3 0.013043478260869565 0.49841772151898733 0.02608695652173913 0.9968354430379747
3 0.9521739130434783 0.49841772151898733 0.09130434782608696 0.9968354430379747
2 0.4826086956521739 0.7325949367088608 0.02608695652173913 0.04113924050632911
2 0.391304347826087 0.44936708860759494 0.021739130434782608 0.0379746835443038
2 0.5315217391304348 0.46044303797468356 0.02391304347826087 0.04113924050632911
2 0.43043478260869567 0.370253164556962 0.02608695652173913 0.0379746835443038
2 0.4108695652173913 0.6882911392405063 0.02608695652173913 0.04113924050632911
5 0.4673913043478261 0.6724683544303798 0.021739130434782608 0.03481012658227848
5 0.592391304347826 0.2737341772151899 0.02391304347826087 0.03481012658227848
0 0.6065217391304348 0.2990506329113924 0.021739130434782608 0.03481012658227848
0 0.43369565217391304 0.5664556962025317 0.02391304347826087 0.0379746835443038
1 0.45652173913043476 0.5664556962025317 0.021739130434782608 0.03164556962025317
1 0.39456521739130435 0.7136075949367089 0.02391304347826087 0.03481012658227848
1 0.2565217391304348 0.6186708860759493 0.02608695652173913 0.03481012658227848
1 0.6858695652173913 0.2911392405063291 0.02391304347826087 0.04430379746835443
1 0.5695652173913044 0.22943037974683544 0.021739130434782608 0.03481012658227848
4 0.36630434782608695 0.6756329113924051 0.010869565217391304 0.015822784810126583