3 0.978125 0.5 0.03958333333333333 1
3 0.05520833333333333 0.4984848484848485 0.10625 0.996969696969697
2 0.5166666666666667 0.6954545454545454 0.025 0.03939393939393939
2 0.5677083333333334 0.703030303030303 0.022916666666666665 0.03636363636363636
2 0.6041666666666666 0.4257575757575758 0.020833333333333332 0.03939393939393939
2 0.228125 0.29545454545454547 0.027083333333333334 0.03939393939393939
2 0.24166666666666667 0.2681818181818182 0.025 0.03939393939393939
5 0.26666666666666666 0.19090909090909092 0.020833333333333332 0.030303030303030304
5 0.5302083333333333 0.6378787878787879 0.022916666666666665 0.03333333333333333
0 0.5052083333333334 0.1712121212121212 0.022916666666666665 0.03939393939393939
0 0.18333333333333332 0.11818181818181818 0.020833333333333332 0.03636363636363636
1 0.17083333333333334 0.0696969696969697 0.025 0.04242424242424243
1 0.209375 0.24242424242424243 0.022916666666666665 0.03636363636363636
1 0.46145833333333336 0.11060606060606061 0.022916666666666665 0.03939393939393939
1 0.7322916666666667 0.5863636363636363 0.022916666666666665 0.03333333333333333
1 0.6010416666666667 0.6742424242424242 0.022916666666666665 0.03333333333333333
4 0.628125 0.6439393939393939 0.010416666666666666 0.015151515151515152