3 0.06415929203539823 0.5 0.12389380530973451 0.9935897435897436
2 0.5575221238938053 0.2516025641025641 0.02654867256637168 0.041666666666666664
2 0.6117256637168141 0.24358974358974358 0.024336283185840708 0.038461538461538464
2 0.6504424778761062 0.5368589743589743 0.022123893805309734 0.041666666666666664
2 0.25110619469026546 0.6746794871794872 0.028761061946902654 0.041666666666666664
2 0.26548672566371684 0.7035256410256411 0.02654867256637168 0.041666666666666664
5 0.2920353982300885 0.7852564102564102 0.022123893805309734 0.03205128205128205
5 0.5719026548672567 0.3125 0.024336283185840708 0.035256410256410256
0 0.5453539823008849 0.8060897435897436 0.024336283185840708 0.041666666666666664
0 0.20353982300884957 0.8621794871794872 0.022123893805309734 0.038461538461538464
1 0.1902654867256637 0.9134615384615384 0.02654867256637168 0.04487179487179487
1 0.23119469026548672 0.7307692307692307 0.024336283185840708 0.038461538461538464
1 0.49889380530973454 0.8701923076923077 0.024336283185840708 0.041666666666666664
1 0.786504424778761 0.36698717948717946 0.024336283185840708 0.035256410256410256
1 0.6471238938053098 0.27403846153846156 0.024336283185840708 0.035256410256410256
4 0.6758849557522124 0.3060897435897436 0.011061946902654867 0.016025641025641024