3 0.9799107142857143 0.5 0.03571428571428571 1
3 0.026785714285714284 0.49838709677419357 0.049107142857142856 0.9967741935483871
2 0.4888392857142857 0.7274193548387097 0.026785714285714284 0.041935483870967745
2 0.5435267857142857 0.7354838709677419 0.024553571428571428 0.03870967741935484
2 0.5825892857142857 0.4403225806451613 0.022321428571428572 0.041935483870967745
2 0.1796875 0.3016129032258065 0.029017857142857144 0.041935483870967745
2 0.19419642857142858 0.2725806451612903 0.026785714285714284 0.041935483870967745
5 0.22098214285714285 0.19032258064516128 0.022321428571428572 0.03225806451612903
5 0.5033482142857143 0.6661290322580645 0.024553571428571428 0.035483870967741936
0 0.4765625 0.1693548387096774 0.024553571428571428 0.041935483870967745
0 0.13169642857142858 0.11290322580645161 0.022321428571428572 0.03870967741935484
1 0.11830357142857142 0.06129032258064516 0.026785714285714284 0.04516129032258064
1 0.15959821428571427 0.24516129032258063 0.024553571428571428 0.03870967741935484
1 0.4296875 0.10483870967741936 0.024553571428571428 0.041935483870967745
1 0.7198660714285714 0.6112903225806452 0.024553571428571428 0.035483870967741936
1 0.5792410714285714 0.7048387096774194 0.024553571428571428 0.035483870967741936
4 0.6082589285714286 0.6725806451612903 0.011160714285714286 0.016129032258064516