3 0.015086206896551725 0.4984375 0.03017241379310345 0.996875
3 0.9525862068965517 0.5140625 0.09051724137931035 0.965625
2 0.4353448275862069 0.728125 0.02586206896551724 0.0375
2 0.4870689655172414 0.7203125 0.02586206896551724 0.040625
2 0.39655172413793105 0.4421875 0.021551724137931036 0.034375
2 0.7855603448275862 0.30625 0.028017241379310345 0.0375
2 0.771551724137931 0.278125 0.02586206896551724 0.0375
5 0.47198275862068967 0.6609375 0.02586206896551724 0.034375
5 0.7467672413793104 0.1984375 0.023706896551724137 0.034375
0 0.4978448275862069 0.18125 0.021551724137931036 0.0375
0 0.8318965517241379 0.125 0.021551724137931036 0.0375
1 0.5452586206896551 0.1171875 0.021551724137931036 0.040625
1 0.8394396551724138 0.075 0.023706896551724137 0.0375
1 0.8060344827586207 0.253125 0.02586206896551724 0.0375
1 0.2650862068965517 0.6078125 0.02586206896551724 0.034375
1 0.39870689655172414 0.7 0.021551724137931036 0.03125
4 0.3706896551724138 0.665625 0.008620689655172414 0.0125