3 0.023958333333333335 0.5 0.04791666666666667 0.9939393939393939
3 0.9458333333333333 0.4818181818181818 0.10416666666666667 0.9575757575757575
2 0.4375 0.28484848484848485 0.025 0.03636363636363636
2 0.4875 0.2924242424242424 0.025 0.03939393939393939
2 0.4 0.5621212121212121 0.020833333333333332 0.03333333333333333
2 0.7760416666666666 0.693939393939394 0.027083333333333334 0.03636363636363636
2 0.7625 0.7212121212121212 0.025 0.03636363636363636
5 0.47291666666666665 0.35 0.025 0.03333333333333333
5 0.7385416666666667 0.7984848484848485 0.022916666666666665 0.03333333333333333
0 0.4979166666666667 0.8151515151515152 0.020833333333333332 0.03636363636363636
0 0.8208333333333333 0.8696969696969697 0.020833333333333332 0.03636363636363636
1 0.54375 0.8772727272727273 0.020833333333333332 0.03939393939393939
1 0.828125 0.9181818181818182 0.022916666666666665 0.03636363636363636
1 0.7958333333333333 0.7454545454545455 0.025 0.03636363636363636
1 0.27291666666666664 0.4015151515151515 0.025 0.03333333333333333
1 0.40208333333333335 0.31212121212121213 0.020833333333333332 0.030303030303030304
4 0.375 0.34545454545454546 0.008333333333333333 0.012121212121212121