3 0.9754464285714286 0.5 0.044642857142857144 0.9935483870967742
3 0.024553571428571428 0.5 0.044642857142857144 0.9935483870967742
2 0.47879464285714285 0.32903225806451614 0.024553571428571428 0.03870967741935484
2 0.5736607142857143 0.614516129032258 0.022321428571428572 0.035483870967741936
2 0.17075892857142858 0.7516129032258064 0.024553571428571428 0.03870967741935484
2 0.18526785714285715 0.7838709677419354 0.026785714285714284 0.04516129032258064
2 0.5345982142857143 0.3193548387096774 0.024553571428571428 0.03870967741935484
5 0.4955357142857143 0.38870967741935486 0.022321428571428572 0.035483870967741936
5 0.2109375 0.864516129032258 0.024553571428571428 0.03870967741935484
0 0.46763392857142855 0.885483870967742 0.024553571428571428 0.035483870967741936
0 0.12276785714285714 0.9387096774193548 0.022321428571428572 0.03870967741935484
1 0.42075892857142855 0.9516129032258065 0.024553571428571428 0.03870967741935484
1 0.15066964285714285 0.8096774193548387 0.024553571428571428 0.03870967741935484
1 0.5837053571428571 0.29193548387096774 0.024553571428571428 0.035483870967741936
1 0.5691964285714286 0.3467741935483871 0.026785714285714284 0.041935483870967745
1 0.7098214285714286 0.44516129032258067 0.026785714285714284 0.03870967741935484
4 0.5993303571428571 0.38225806451612904 0.011160714285714286 0.016129032258064516