3 0.012658227848101266 0.49847560975609756 0.02531645569620253 0.9969512195121951
3 0.939873417721519 0.49847560975609756 0.1160337552742616 0.9969512195121951
2 0.47257383966244726 0.6935975609756098 0.02531645569620253 0.039634146341463415
2 0.4208860759493671 0.6996951219512195 0.027426160337552744 0.039634146341463415
2 0.38396624472573837 0.42073170731707316 0.02109704641350211 0.036585365853658534
2 0.7647679324894515 0.2896341463414634 0.027426160337552744 0.036585365853658534
2 0.7510548523206751 0.26371951219512196 0.02531645569620253 0.039634146341463415
5 0.6265822784810127 0.1722560975609756 0.02531645569620253 0.03353658536585366
5 0.4588607594936709 0.635670731707317 0.023206751054852322 0.03353658536585366
0 0.6845991561181435 0.39176829268292684 0.023206751054852322 0.039634146341463415
0 0.48417721518987344 0.16615853658536586 0.023206751054852322 0.039634146341463415
1 0.5305907172995781 0.10518292682926829 0.023206751054852322 0.039634146341463415
1 0.2552742616033755 0.5838414634146342 0.02531645569620253 0.039634146341463415
1 0.3860759493670886 0.6783536585365854 0.02531645569620253 0.039634146341463415
1 0.3744725738396624 0.7317073170731707 0.023206751054852322 0.042682926829268296
1 0.7837552742616034 0.23628048780487804 0.023206751054852322 0.039634146341463415
4 0.35970464135021096 0.6402439024390244 0.010548523206751054 0.012195121951219513