3 0.9872881355932204 0.5 0.0211864406779661 0.9938650306748467
3 0.06038135593220339 0.5 0.11652542372881355 0.9938650306748467
2 0.527542372881356 0.2960122699386503 0.025423728813559324 0.03987730061349693
2 0.5794491525423728 0.2898773006134969 0.02754237288135593 0.03987730061349693
2 0.6165254237288136 0.5705521472392638 0.0211864406779661 0.03680981595092025
2 0.2341101694915254 0.7024539877300614 0.02754237288135593 0.03680981595092025
2 0.2478813559322034 0.7285276073619632 0.025423728813559324 0.03987730061349693
5 0.3728813559322034 0.8205521472392638 0.025423728813559324 0.03374233128834356
5 0.5413135593220338 0.35429447852760737 0.023305084745762712 0.03374233128834356
0 0.3146186440677966 0.5996932515337423 0.023305084745762712 0.03987730061349693
0 0.5158898305084746 0.8266871165644172 0.023305084745762712 0.03987730061349693
1 0.4692796610169492 0.8880368098159509 0.023305084745762712 0.03987730061349693
1 0.7457627118644068 0.40644171779141103 0.025423728813559324 0.03987730061349693
1 0.614406779661017 0.3113496932515337 0.025423728813559324 0.03987730061349693
1 0.6260593220338984 0.25766871165644173 0.023305084745762712 0.04294478527607362
1 0.21504237288135594 0.7561349693251533 0.023305084745762712 0.03987730061349693
4 0.6408898305084746 0.3496932515337423 0.01059322033898305 0.012269938650306749