3 0.01867219917012448 0.49849397590361444 0.03734439834024896 0.9969879518072289
3 0.9408713692946058 0.49849397590361444 0.11410788381742738 0.9969879518072289
2 0.8734439834024896 0.2319277108433735 0.024896265560165973 0.04216867469879518
2 0.6867219917012448 0.3102409638554217 0.029045643153526972 0.04216867469879518
2 0.3900414937759336 0.43373493975903615 0.02074688796680498 0.03614457831325301
2 0.47717842323651455 0.7048192771084337 0.024896265560165973 0.03614457831325301
2 0.4242738589211618 0.7108433734939759 0.022821576763485476 0.03614457831325301
5 0.4336099585062241 0.6792168674698795 0.02074688796680498 0.03313253012048193
5 0.6058091286307054 0.17921686746987953 0.02074688796680498 0.03313253012048193
0 0.48858921161825725 0.1822289156626506 0.022821576763485476 0.03313253012048193
0 0.6618257261410788 0.516566265060241 0.02074688796680498 0.03313253012048193
1 0.38070539419087135 0.7409638554216867 0.022821576763485476 0.03614457831325301
1 0.39315352697095435 0.6882530120481928 0.022821576763485476 0.0391566265060241
1 0.26348547717842324 0.5948795180722891 0.024896265560165973 0.03313253012048193
1 0.533195020746888 0.12198795180722892 0.02074688796680498 0.0391566265060241
1 0.4512448132780083 0.7003012048192772 0.022821576763485476 0.0391566265060241
4 0.3651452282157676 0.6506024096385542 0.008298755186721992 0.012048192771084338