3 0.02151639344262295 0.5 0.0430327868852459 1
3 0.9375 0.5 0.12090163934426229 1
2 0.8709016393442623 0.22916666666666666 0.028688524590163935 0.041666666666666664
2 0.4682377049180328 0.5133928571428571 0.02663934426229508 0.03869047619047619
2 0.39344262295081966 0.43452380952380953 0.020491803278688523 0.03571428571428571
2 0.47950819672131145 0.6979166666666666 0.02459016393442623 0.03869047619047619
2 0.4262295081967213 0.7053571428571429 0.02459016393442623 0.03571428571428571
5 0.4364754098360656 0.6741071428571429 0.020491803278688523 0.03273809523809524
5 0.6075819672131147 0.1800595238095238 0.022540983606557378 0.03273809523809524
0 0.49077868852459017 0.18452380952380953 0.022540983606557378 0.03571428571428571
0 0.6618852459016393 0.5148809523809523 0.020491803278688523 0.03571428571428571
1 0.26741803278688525 0.5892857142857143 0.022540983606557378 0.03571428571428571
1 0.38422131147540983 0.7351190476190477 0.022540983606557378 0.03571428571428571
1 0.39651639344262296 0.6815476190476191 0.022540983606557378 0.03571428571428571
1 0.45389344262295084 0.6934523809523809 0.022540983606557378 0.03571428571428571
1 0.5358606557377049 0.12351190476190477 0.022540983606557378 0.03273809523809524
4 0.36885245901639346 0.6458333333333334 0.00819672131147541 0.011904761904761904