3 0.02092050209205021 0.4984848484848485 0.04184100418410042 0.996969696969697
3 0.944560669456067 0.4984848484848485 0.10669456066945607 0.996969696969697
2 0.8849372384937239 0.21818181818181817 0.029288702928870293 0.04242424242424243
2 0.47384937238493724 0.5075757575757576 0.027196652719665274 0.03939393939393939
2 0.39748953974895396 0.42727272727272725 0.02092050209205021 0.03636363636363636
2 0.48535564853556484 0.6954545454545454 0.02510460251046025 0.03939393939393939
2 0.4309623430962343 0.703030303030303 0.02510460251046025 0.03636363636363636
5 0.44142259414225943 0.6712121212121213 0.02092050209205021 0.03333333333333333
5 0.6161087866108786 0.16818181818181818 0.02301255230125523 0.03333333333333333
0 0.49686192468619245 0.17272727272727273 0.02301255230125523 0.03636363636363636
0 0.6715481171548117 0.509090909090909 0.02092050209205021 0.03636363636363636
1 0.2688284518828452 0.5848484848484848 0.02301255230125523 0.03636363636363636
1 0.3880753138075314 0.7333333333333333 0.02301255230125523 0.03636363636363636
1 0.4006276150627615 0.6787878787878788 0.02301255230125523 0.03636363636363636
1 0.4592050209205021 0.6909090909090909 0.02301255230125523 0.03636363636363636
1 0.5428870292887029 0.11060606060606061 0.02301255230125523 0.03333333333333333
4 0.3723849372384937 0.6424242424242425 0.008368200836820083 0.012121212121212121