3 0.9361233480176211 0.9028662420382165 0.1277533039647577 0.18789808917197454
2 0.7951541850220264 0.11146496815286625 0.02643171806167401 0.03821656050955414
2 0.6662995594713657 0.14331210191082802 0.024229074889867842 0.03821656050955414
2 0.6233480176211453 0.27388535031847133 0.022026431718061675 0.03184713375796178
2 0.8105726872246696 0.17993630573248406 0.02643171806167401 0.03503184713375796
2 0.683920704845815 0.2085987261146497 0.024229074889867842 0.041401273885350316
5 0.7962555066079295 0.2085987261146497 0.024229074889867842 0.03503184713375796
5 0.776431718061674 0.22929936305732485 0.024229074889867842 0.03184713375796178
0 0.7951541850220264 0.15764331210191082 0.02643171806167401 0.03503184713375796
0 0.7455947136563876 0.22770700636942676 0.024229074889867842 0.03503184713375796
1 0.7059471365638766 0.2914012738853503 0.028634361233480177 0.03503184713375796
1 0.7599118942731278 0.25 0.02643171806167401 0.03503184713375796
1 0.8270925110132159 0.21019108280254778 0.028634361233480177 0.03821656050955414
1 0.8634361233480177 0.13535031847133758 0.02643171806167401 0.03503184713375796
1 0.6552863436123348 0.19745222929936307 0.024229074889867842 0.03184713375796178
4 0.7599118942731278 0.21815286624203822 0.00881057268722467 0.01592356687898089
3 0.9372246696035242 0.25796178343949044 0.1211453744493392 0.5095541401273885