3 0.03995433789954338 0.8956953642384106 0.07534246575342465 0.20198675496688742
2 0.1552511415525114 0.0695364238410596 0.0273972602739726 0.039735099337748346
2 0.2888127853881279 0.10264900662251655 0.02511415525114155 0.039735099337748346
2 0.3333333333333333 0.23841059602649006 0.0228310502283105 0.033112582781456956
2 0.13926940639269406 0.14072847682119205 0.0273972602739726 0.03642384105960265
2 0.2705479452054795 0.17052980132450332 0.02511415525114155 0.04304635761589404
5 0.1541095890410959 0.17052980132450332 0.02511415525114155 0.03642384105960265
5 0.17465753424657535 0.19205298013245034 0.02511415525114155 0.033112582781456956
0 0.1552511415525114 0.11754966887417219 0.0273972602739726 0.03642384105960265
0 0.20662100456621005 0.19039735099337748 0.02511415525114155 0.03642384105960265
1 0.24771689497716895 0.25662251655629137 0.02968036529680365 0.03642384105960265
1 0.1917808219178082 0.21357615894039736 0.0273972602739726 0.03642384105960265
1 0.12214611872146118 0.17218543046357615 0.02968036529680365 0.039735099337748346
1 0.08447488584474885 0.09437086092715231 0.0273972602739726 0.03642384105960265
1 0.3002283105022831 0.15894039735099338 0.02511415525114155 0.033112582781456956
4 0.1917808219178082 0.1804635761589404 0.0091324200913242 0.016556291390728478
3 0.0365296803652968 0.24503311258278146 0.0684931506849315 0.48344370860927155