3 0.9838362068965517 0.5 0.028017241379310345 1
3 0.04633620689655173 0.103125 0.08836206896551724 0.20625
2 0.16594827586206898 0.890625 0.02586206896551724 0.0375
2 0.2920258620689655 0.859375 0.023706896551724137 0.0375
2 0.33405172413793105 0.73125 0.021551724137931036 0.03125
2 0.15086206896551724 0.8234375 0.02586206896551724 0.034375
2 0.27478448275862066 0.7953125 0.023706896551724137 0.040625
5 0.1648706896551724 0.7953125 0.023706896551724137 0.034375
5 0.18426724137931033 0.775 0.023706896551724137 0.03125
0 0.16594827586206898 0.8453125 0.02586206896551724 0.034375
0 0.21443965517241378 0.7765625 0.023706896551724137 0.034375
1 0.25323275862068967 0.7140625 0.028017241379310345 0.034375
1 0.20043103448275862 0.7546875 0.02586206896551724 0.034375
1 0.13469827586206898 0.79375 0.028017241379310345 0.0375
1 0.09913793103448276 0.8671875 0.02586206896551724 0.034375
1 0.30280172413793105 0.80625 0.023706896551724137 0.03125
4 0.20043103448275862 0.7859375 0.008620689655172414 0.015625
3 0.04418103448275862 0.746875 0.08405172413793104 0.5