3 0.9816017316017316 0.5 0.032467532467532464 0.9937106918238994
2 0.5974025974025974 0.5613207547169812 0.021645021645021644 0.03459119496855346
2 0.5303030303030303 0.6132075471698113 0.025974025974025976 0.03773584905660377
2 0.16666666666666666 0.6745283018867925 0.025974025974025976 0.040880503144654086
2 0.25 0.9229559748427673 0.023809523809523808 0.040880503144654086
2 0.12445887445887446 0.9339622641509434 0.02813852813852814 0.0440251572327044
5 0.27705627705627706 0.9261006289308176 0.021645021645021644 0.03459119496855346
5 0.3722943722943723 0.8286163522012578 0.021645021645021644 0.03459119496855346
0 0.4945887445887446 0.8254716981132075 0.023809523809523808 0.040880503144654086
0 0.1774891774891775 0.4009433962264151 0.021645021645021644 0.040880503144654086
1 0.5432900432900433 0.1761006289308176 0.025974025974025976 0.03773584905660377
1 0.54004329004329 0.4449685534591195 0.023809523809523808 0.040880503144654086
1 0.4653679653679654 0.6729559748427673 0.025974025974025976 0.03773584905660377
1 0.4036796536796537 0.8663522012578616 0.023809523809523808 0.03459119496855346
4 0.45346320346320346 0.4748427672955975 0.010822510822510822 0.012578616352201259
3 0.04329004329004329 0.7138364779874213 0.08225108225108226 0.5660377358490566
3 0.04329004329004329 0.19654088050314467 0.08225108225108226 0.3867924528301887