3 0.019736842105263157 0.49841772151898733 0.039473684210526314 0.9968354430379747
3 0.9660087719298246 0.29430379746835444 0.06359649122807018 0.5886075949367089
2 0.41228070175438597 0.4572784810126582 0.021929824561403508 0.03481012658227848
2 0.48026315789473684 0.40348101265822783 0.02631578947368421 0.04113924050632911
2 0.8486842105263158 0.3401898734177215 0.02631578947368421 0.04113924050632911
2 0.7642543859649122 0.09177215189873418 0.02412280701754386 0.04430379746835443
2 0.8914473684210527 0.08069620253164557 0.02850877192982456 0.04113924050632911
5 0.7368421052631579 0.09018987341772151 0.02631578947368421 0.03481012658227848
5 0.6403508771929824 0.18829113924050633 0.021929824561403508 0.03481012658227848
0 0.5153508771929824 0.19145569620253164 0.021929824561403508 0.03481012658227848
0 0.8377192982456141 0.6186708860759493 0.021929824561403508 0.03481012658227848
1 0.6085526315789473 0.15348101265822786 0.02412280701754386 0.04113924050632911
1 0.47039473684210525 0.5743670886075949 0.02412280701754386 0.03481012658227848
1 0.5339912280701754 0.6740506329113924 0.02412280701754386 0.0379746835443038
1 0.46710526315789475 0.8449367088607594 0.02631578947368421 0.0379746835443038
4 0.5581140350877193 0.5443037974683544 0.010964912280701754 0.012658227848101266
3 0.9660087719298246 0.810126582278481 0.06359649122807018 0.37341772151898733