3 0.984375 0.5 0.026785714285714284 0.9935483870967742
3 0.03236607142857143 0.6983870967741935 0.060267857142857144 0.5967741935483871
2 0.5915178571428571 0.5338709677419354 0.022321428571428572 0.035483870967741936
2 0.5223214285714286 0.5887096774193549 0.026785714285714284 0.041935483870967745
2 0.14732142857142858 0.6532258064516129 0.026785714285714284 0.041935483870967745
2 0.23325892857142858 0.9064516129032258 0.024553571428571428 0.04516129032258064
2 0.10379464285714286 0.917741935483871 0.029017857142857144 0.041935483870967745
5 0.2611607142857143 0.9080645161290323 0.026785714285714284 0.035483870967741936
5 0.359375 0.8080645161290323 0.022321428571428572 0.035483870967741936
0 0.48660714285714285 0.8048387096774193 0.022321428571428572 0.035483870967741936
0 0.15848214285714285 0.36935483870967745 0.022321428571428572 0.035483870967741936
1 0.39174107142857145 0.8435483870967742 0.024553571428571428 0.041935483870967745
1 0.5323660714285714 0.41451612903225804 0.024553571428571428 0.035483870967741936
1 0.46763392857142855 0.31290322580645163 0.024553571428571428 0.03870967741935484
1 0.5357142857142857 0.13870967741935483 0.026785714285714284 0.03870967741935484
4 0.44308035714285715 0.44516129032258067 0.011160714285714286 0.012903225806451613
3 0.03125 0.18387096774193548 0.05803571428571429 0.36129032258064514