3 0.9774590163934426 0.5 0.040983606557377046 0.9940652818991098
3 0.06147540983606557 0.7225519287833828 0.11885245901639344 0.5489614243323442
2 0.6065573770491803 0.5682492581602374 0.020491803278688523 0.032640949554896145
2 0.5430327868852459 0.6186943620178041 0.02459016393442623 0.03857566765578635
2 0.1987704918032787 0.6780415430267063 0.02459016393442623 0.03857566765578635
2 0.2776639344262295 0.9109792284866469 0.022540983606557378 0.04154302670623145
2 0.15881147540983606 0.9213649851632048 0.02663934426229508 0.03857566765578635
5 0.30327868852459017 0.9124629080118695 0.02459016393442623 0.032640949554896145
5 0.39344262295081966 0.8204747774480712 0.020491803278688523 0.032640949554896145
0 0.5102459016393442 0.8175074183976261 0.020491803278688523 0.032640949554896145
0 0.20901639344262296 0.4169139465875371 0.020491803278688523 0.032640949554896145
1 0.42315573770491804 0.8531157270029673 0.022540983606557378 0.03857566765578635
1 0.5522540983606558 0.45845697329376855 0.022540983606557378 0.032640949554896145
1 0.492827868852459 0.3649851632047478 0.022540983606557378 0.03560830860534125
1 0.555327868852459 0.20474777448071216 0.02459016393442623 0.03560830860534125
1 0.5379098360655737 0.016320474777448073 0.022540983606557378 0.026706231454005934
4 0.4702868852459016 0.486646884272997 0.010245901639344262 0.011869436201780416
3 0.060450819672131145 0.20771513353115728 0.1168032786885246 0.4094955489614243