3 0.9764957264957265 0.5 0.042735042735042736 0.9937888198757764
3 0.0438034188034188 0.5 0.08333333333333333 0.9937888198757764
2 0.12179487179487179 0.9208074534161491 0.02564102564102564 0.040372670807453416
2 0.24786324786324787 0.9099378881987578 0.02564102564102564 0.043478260869565216
2 0.16452991452991453 0.6677018633540373 0.02564102564102564 0.043478260869565216
2 0.5245726495726496 0.6040372670807453 0.023504273504273504 0.040372670807453416
2 0.5897435897435898 0.5527950310559007 0.021367521367521368 0.037267080745341616
5 0.4444444444444444 0.20341614906832298 0.021367521367521368 0.034161490683229816
5 0.36645299145299143 0.4161490683229814 0.023504273504273504 0.037267080745341616
0 0.391025641025641 0.2220496894409938 0.021367521367521368 0.034161490683229816
0 0.1752136752136752 0.39285714285714285 0.021367521367521368 0.034161490683229816
1 0.4583333333333333 0.17546583850931677 0.019230769230769232 0.034161490683229816
1 0.5352564102564102 0.17236024844720496 0.023504273504273504 0.040372670807453416
1 0.5331196581196581 0.4363354037267081 0.023504273504273504 0.034161490683229816
1 0.43696581196581197 0.6350931677018633 0.023504273504273504 0.040372670807453416
4 0.4198717948717949 0.281055900621118 0.010683760683760684 0.015527950310559006