3 0.9813278008298755 0.5 0.03319502074688797 0.9939759036144579
3 0.061203319502074686 0.5 0.11825726141078838 0.9939759036144579
2 0.15560165975103735 0.9231927710843374 0.024896265560165973 0.0391566265060241
2 0.27800829875518673 0.9126506024096386 0.024896265560165973 0.04216867469879518
2 0.1970954356846473 0.677710843373494 0.024896265560165973 0.04216867469879518
2 0.5466804979253111 0.6159638554216867 0.022821576763485476 0.0391566265060241
2 0.6099585062240664 0.5662650602409639 0.02074688796680498 0.03614457831325301
5 0.46887966804979253 0.22740963855421686 0.02074688796680498 0.03313253012048193
5 0.39315352697095435 0.43373493975903615 0.022821576763485476 0.03614457831325301
0 0.4170124481327801 0.24548192771084337 0.02074688796680498 0.03313253012048193
0 0.2074688796680498 0.411144578313253 0.02074688796680498 0.03313253012048193
1 0.4823651452282158 0.2003012048192771 0.01867219917012448 0.03313253012048193
1 0.5570539419087137 0.19728915662650603 0.022821576763485476 0.0391566265060241
1 0.5549792531120332 0.45331325301204817 0.022821576763485476 0.03313253012048193
1 0.4616182572614108 0.6460843373493976 0.022821576763485476 0.0391566265060241
1 0.5404564315352697 0.012048192771084338 0.022821576763485476 0.018072289156626505
4 0.4450207468879668 0.30271084337349397 0.01037344398340249 0.015060240963855422