3 0.039414414414414414 0.49836601307189543 0.07432432432432433 0.9967320261437909
2 0.11711711711711711 0.05065359477124183 0.02702702702702703 0.042483660130718956
2 0.25 0.06209150326797386 0.02702702702702703 0.0457516339869281
2 0.16216216216216217 0.31699346405228757 0.02702702702702703 0.0457516339869281
2 0.5416666666666666 0.3839869281045752 0.024774774774774775 0.042483660130718956
2 0.6103603603603603 0.43790849673202614 0.02252252252252252 0.0392156862745098
5 0.4572072072072072 0.8055555555555556 0.02252252252252252 0.03594771241830065
5 0.375 0.5816993464052288 0.024774774774774775 0.0392156862745098
0 0.4009009009009009 0.7859477124183006 0.02252252252252252 0.03594771241830065
0 0.17342342342342343 0.6062091503267973 0.02252252252252252 0.03594771241830065
1 0.47184684684684686 0.8349673202614379 0.02027027027027027 0.03594771241830065
1 0.5529279279279279 0.8382352941176471 0.024774774774774775 0.042483660130718956
1 0.5506756756756757 0.5604575163398693 0.024774774774774775 0.03594771241830065
1 0.44932432432432434 0.35130718954248363 0.024774774774774775 0.042483660130718956
4 0.4313063063063063 0.7238562091503268 0.01126126126126126 0.016339869281045753