3 0.022821576763485476 0.49849397590361444 0.04564315352697095 0.9969879518072289
3 0.9450207468879668 0.2003012048192771 0.10580912863070539 0.4006024096385542
2 0.5010373443983402 0.8448795180722891 0.022821576763485476 0.0391566265060241
2 0.48651452282157676 0.6385542168674698 0.01867219917012448 0.03614457831325301
2 0.5923236514522822 0.6762048192771084 0.022821576763485476 0.0391566265060241
2 0.8112033195020747 0.31626506024096385 0.024896265560165973 0.03614457831325301
2 0.8516597510373444 0.07078313253012049 0.026970954356846474 0.0391566265060241
5 0.5394190871369294 0.766566265060241 0.02074688796680498 0.03313253012048193
5 0.6192946058091287 0.6792168674698795 0.022821576763485476 0.03313253012048193
0 0.5902489626556017 0.7484939759036144 0.022821576763485476 0.03313253012048193
0 0.8008298755186722 0.5828313253012049 0.02074688796680498 0.03313253012048193
1 0.6690871369294605 0.5120481927710844 0.022821576763485476 0.03614457831325301
1 0.5466804979253111 0.3493975903614458 0.022821576763485476 0.03614457831325301
1 0.4533195020746888 0.5421686746987951 0.022821576763485476 0.03614457831325301
1 0.4408713692946058 0.8343373493975904 0.01867219917012448 0.03614457831325301
1 0.5259336099585062 0.7951807228915663 0.01867219917012448 0.030120481927710843
4 0.5632780082987552 0.6897590361445783 0.01037344398340249 0.018072289156626505
3 0.9439834024896265 0.7274096385542169 0.1078838174273859 0.5391566265060241