3 0.018008474576271187 0.5 0.036016949152542374 0.9938650306748467
3 0.9491525423728814 0.8021472392638037 0.1016949152542373 0.3895705521472393
2 0.4989406779661017 0.1549079754601227 0.023305084745762712 0.03987730061349693
2 0.4841101694915254 0.36503067484662577 0.019067796610169493 0.03680981595092025
2 0.5921610169491526 0.3266871165644172 0.023305084745762712 0.03987730061349693
2 0.815677966101695 0.6932515337423313 0.025423728813559324 0.03680981595092025
2 0.8569915254237288 0.9432515337423313 0.02754237288135593 0.03987730061349693
5 0.538135593220339 0.23466257668711657 0.0211864406779661 0.03374233128834356
5 0.6197033898305084 0.3236196319018405 0.023305084745762712 0.03374233128834356
0 0.590042372881356 0.25306748466257667 0.023305084745762712 0.03374233128834356
0 0.8050847457627118 0.4217791411042945 0.0211864406779661 0.03374233128834356
1 0.6705508474576272 0.4938650306748466 0.023305084745762712 0.03680981595092025
1 0.5455508474576272 0.6595092024539877 0.023305084745762712 0.03680981595092025
1 0.4502118644067797 0.46319018404907975 0.023305084745762712 0.03680981595092025
1 0.4375 0.1656441717791411 0.019067796610169493 0.03680981595092025
1 0.524364406779661 0.20552147239263804 0.019067796610169493 0.03067484662576687
4 0.5625 0.3128834355828221 0.01059322033898305 0.018404907975460124
3 0.9470338983050848 0.27607361963190186 0.1016949152542373 0.5460122699386503