3 0.014767932489451477 0.5 0.029535864978902954 0.9939024390243902
3 0.9440928270042194 0.7972560975609756 0.11181434599156118 0.39939024390243905
2 0.49050632911392406 0.14786585365853658 0.023206751054852322 0.039634146341463415
2 0.4757383966244726 0.3567073170731707 0.0189873417721519 0.036585365853658534
2 0.5833333333333334 0.31859756097560976 0.023206751054852322 0.039634146341463415
2 0.8059071729957806 0.6829268292682927 0.02531645569620253 0.036585365853658534
2 0.8470464135021097 0.9314024390243902 0.027426160337552744 0.039634146341463415
5 0.5295358649789029 0.22713414634146342 0.02109704641350211 0.03353658536585366
5 0.6107594936708861 0.3155487804878049 0.023206751054852322 0.03353658536585366
0 0.5812236286919831 0.24542682926829268 0.023206751054852322 0.03353658536585366
0 0.7953586497890295 0.41310975609756095 0.02109704641350211 0.03353658536585366
1 0.6613924050632911 0.4847560975609756 0.023206751054852322 0.036585365853658534
1 0.5369198312236287 0.649390243902439 0.023206751054852322 0.036585365853658534
1 0.4419831223628692 0.45426829268292684 0.023206751054852322 0.036585365853658534
1 0.4293248945147679 0.15853658536585366 0.0189873417721519 0.036585365853658534
1 0.5158227848101266 0.19817073170731708 0.0189873417721519 0.03048780487804878
4 0.5537974683544303 0.3048780487804878 0.010548523206751054 0.018292682926829267
3 0.9419831223628692 0.27134146341463417 0.11181434599156118 0.5365853658536586