3 0.007446808510638298 0.5 0.014893617021276596 0.9938271604938271
2 0.6670212765957447 0.1558641975308642 0.023404255319148935 0.040123456790123455
2 0.45851063829787236 0.4074074074074074 0.023404255319148935 0.037037037037037035
2 0.5063829787234042 0.4675925925925926 0.02553191489361702 0.040123456790123455
2 0.798936170212766 0.6651234567901234 0.027659574468085105 0.046296296296296294
2 0.8404255319148937 0.9166666666666666 0.029787234042553193 0.043209876543209874
5 0.4297872340425532 0.345679012345679 0.02553191489361702 0.037037037037037035
5 0.6510638297872341 0.9614197530864198 0.02553191489361702 0.033950617283950615
0 0.7872340425531915 0.39351851851851855 0.02127659574468085 0.033950617283950615
0 0.5159574468085106 0.43364197530864196 0.023404255319148935 0.033950617283950615
1 0.4308510638297872 0.4367283950617284 0.023404255319148935 0.033950617283950615
1 0.4308510638297872 0.3055555555555556 0.023404255319148935 0.037037037037037035
1 0.39574468085106385 0.2006172839506173 0.02553191489361702 0.037037037037037035
1 0.5276595744680851 0.6311728395061729 0.02553191489361702 0.033950617283950615
1 0.6138297872340426 0.7283950617283951 0.027659574468085105 0.037037037037037035
4 0.6936170212765957 0.39969135802469136 0.00851063829787234 0.015432098765432098
3 0.9404255319148936 0.7592592592592593 0.11914893617021277 0.47530864197530864
3 0.9382978723404255 0.2361111111111111 0.11914893617021277 0.4660493827160494