3 0.9811715481171548 0.5 0.03347280334728033 0.9939393939393939
2 0.32112970711297073 0.18636363636363637 0.02301255230125523 0.03939393939393939
2 0.5261506276150628 0.43333333333333335 0.02301255230125523 0.03636363636363636
2 0.4790794979079498 0.49242424242424243 0.02510460251046025 0.03939393939393939
2 0.19142259414225943 0.6863636363636364 0.027196652719665274 0.045454545454545456
2 0.1506276150627615 0.9333333333333333 0.029288702928870293 0.04242424242424243
5 0.5543933054393305 0.37272727272727274 0.02510460251046025 0.03636363636363636
5 0.3368200836820084 0.9772727272727273 0.02510460251046025 0.03333333333333333
0 0.20292887029288703 0.4196969696969697 0.02092050209205021 0.03333333333333333
0 0.4696652719665272 0.4590909090909091 0.02301255230125523 0.03333333333333333
1 0.553347280334728 0.4621212121212121 0.02301255230125523 0.03333333333333333
1 0.553347280334728 0.3333333333333333 0.02301255230125523 0.03636363636363636
1 0.5878661087866108 0.23030303030303031 0.02510460251046025 0.03636363636363636
1 0.4581589958158996 0.6530303030303031 0.02510460251046025 0.03333333333333333
1 0.37343096234309625 0.7484848484848485 0.027196652719665274 0.03636363636363636
4 0.29497907949790797 0.4257575757575758 0.008368200836820083 0.015151515151515152
3 0.05753138075313807 0.7712121212121212 0.1108786610878661 0.45151515151515154
3 0.05753138075313807 0.24848484848484848 0.1108786610878661 0.4909090909090909