3 0.02364864864864865 0.5 0.0472972972972973 0.9934640522875817
2 0.7376126126126126 0.14215686274509803 0.024774774774774775 0.042483660130718956
2 0.5168918918918919 0.4084967320261438 0.024774774774774775 0.0392156862745098
2 0.5675675675675675 0.4722222222222222 0.02702702702702703 0.042483660130718956
2 0.8772522522522522 0.6813725490196079 0.02927927927927928 0.049019607843137254
2 0.9211711711711712 0.9477124183006536 0.03153153153153153 0.0457516339869281
5 0.4864864864864865 0.3431372549019608 0.02702702702702703 0.0392156862745098
5 0.722972972972973 0.9852941176470589 0.03153153153153153 0.02287581699346405
0 0.8648648648648649 0.3937908496732026 0.02252252252252252 0.03594771241830065
0 0.5777027027027027 0.4362745098039216 0.024774774774774775 0.03594771241830065
1 0.48761261261261263 0.4395424836601307 0.024774774774774775 0.03594771241830065
1 0.48761261261261263 0.3006535947712418 0.024774774774774775 0.0392156862745098
1 0.45045045045045046 0.1895424836601307 0.02702702702702703 0.0392156862745098
1 0.5900900900900901 0.6454248366013072 0.02702702702702703 0.03594771241830065
1 0.6813063063063063 0.7483660130718954 0.02927927927927928 0.0392156862745098
4 0.7657657657657657 0.40032679738562094 0.009009009009009009 0.016339869281045753
3 0.9819819819819819 0.7630718954248366 0.036036036036036036 0.4673202614379085
3 0.9797297297297297 0.238562091503268 0.036036036036036036 0.47058823529411764