3 0.056818181818181816 0.49835526315789475 0.10909090909090909 0.9967105263157895
2 0.17272727272727273 0.8075657894736842 0.02727272727272727 0.03618421052631579
2 0.2784090909090909 0.8207236842105263 0.025 0.03618421052631579
2 0.325 0.8733552631578947 0.02727272727272727 0.03618421052631579
2 0.31136363636363634 0.8289473684210527 0.02727272727272727 0.039473684210526314
2 0.36818181818181817 0.71875 0.022727272727272728 0.029605263157894735
5 0.25227272727272726 0.6924342105263158 0.02727272727272727 0.03618421052631579
5 0.19204545454545455 0.7845394736842105 0.025 0.03618421052631579
0 0.2806818181818182 0.7384868421052632 0.025 0.03618421052631579
0 0.30113636363636365 0.7615131578947368 0.025 0.03618421052631579
1 0.4284090909090909 0.774671052631579 0.025 0.03618421052631579
1 0.35454545454545455 0.75 0.022727272727272728 0.03289473684210526
1 0.3352272727272727 0.8092105263157895 0.025 0.03289473684210526
1 0.15227272727272728 0.7845394736842105 0.02727272727272727 0.029605263157894735
1 0.12045454545454545 0.8634868421052632 0.02727272727272727 0.03618421052631579
4 0.25795454545454544 0.8042763157894737 0.011363636363636364 0.01644736842105263