3 0.059375 0.4984848484848485 0.11458333333333333 0.996969696969697
2 0.36041666666666666 0.5121212121212121 0.025 0.03636363636363636
2 0.3614583333333333 0.4348484848484849 0.022916666666666665 0.03939393939393939
2 0.46145833333333336 0.19393939393939394 0.022916666666666665 0.03636363636363636
2 0.653125 0.0696969696969697 0.022916666666666665 0.03636363636363636
2 0.7364583333333333 0.12878787878787878 0.022916666666666665 0.03333333333333333
5 0.21145833333333333 0.40454545454545454 0.022916666666666665 0.03333333333333333
5 0.471875 0.9818181818181818 0.022916666666666665 0.030303030303030304
0 0.4510416666666667 0.9803030303030303 0.01875 0.03333333333333333
0 0.34791666666666665 0.4121212121212121 0.020833333333333332 0.03636363636363636
1 0.575 0.2606060606060606 0.020833333333333332 0.030303030303030304
1 0.19895833333333332 0.15606060606060607 0.022916666666666665 0.03939393939393939
1 0.19895833333333332 0.4681818181818182 0.022916666666666665 0.03939393939393939
1 0.4625 0.9545454545454546 0.020833333333333332 0.03636363636363636
1 0.39479166666666665 0.38181818181818183 0.022916666666666665 0.03636363636363636
4 0.5625 0.24696969696969698 0.008333333333333333 0.015151515151515152
3 0.9791666666666666 0.18787878787878787 0.0375 0.37575757575757573
3 0.9833333333333333 0.703030303030303 0.029166666666666667 0.593939393939394