3 0.05752212389380531 0.7756410256410257 0.11061946902654868 0.4423076923076923
2 0.547566371681416 0.4407051282051282 0.024336283185840708 0.035256410256410256
2 0.49889380530973454 0.5032051282051282 0.024336283185840708 0.038461538461538464
2 0.21238938053097345 0.6442307692307693 0.02654867256637168 0.038461538461538464
2 0.19690265486725664 0.7099358974358975 0.02654867256637168 0.041666666666666664
2 0.15265486725663716 0.9727564102564102 0.02654867256637168 0.041666666666666664
5 0.5796460176991151 0.3766025641025641 0.022123893805309734 0.035256410256410256
0 0.49004424778761063 0.47275641025641024 0.024336283185840708 0.028846153846153848
0 0.20907079646017698 0.42788461538461536 0.024336283185840708 0.035256410256410256
1 0.6161504424778761 0.22596153846153846 0.01991150442477876 0.035256410256410256
1 0.577433628318584 0.3333333333333333 0.022123893805309734 0.03205128205128205
1 0.5785398230088495 0.47115384615384615 0.024336283185840708 0.038461538461538464
1 0.47898230088495575 0.6746794871794872 0.024336283185840708 0.035256410256410256
1 0.3893805309734513 0.7740384615384616 0.02654867256637168 0.041666666666666664
4 0.3053097345132743 0.4342948717948718 0.008849557522123894 0.016025641025641024
3 0.05641592920353982 0.2467948717948718 0.1084070796460177 0.48717948717948717