3 0.9802083333333333 0.5 0.035416666666666666 0.9939393939393939
3 0.058333333333333334 0.7621212121212121 0.1125 0.4696969696969697
2 0.5239583333333333 0.4196969696969697 0.022916666666666665 0.03333333333333333
2 0.478125 0.47878787878787876 0.022916666666666665 0.03636363636363636
2 0.20833333333333334 0.6121212121212121 0.025 0.03636363636363636
2 0.19375 0.6742424242424242 0.025 0.03939393939393939
2 0.15208333333333332 0.9227272727272727 0.025 0.03939393939393939
5 0.3375 0.9636363636363636 0.020833333333333332 0.03636363636363636
5 0.5541666666666667 0.35909090909090907 0.020833333333333332 0.03333333333333333
0 0.46979166666666666 0.45 0.022916666666666665 0.02727272727272727
0 0.20520833333333333 0.4075757575757576 0.022916666666666665 0.03333333333333333
1 0.5885416666666666 0.21666666666666667 0.01875 0.03333333333333333
1 0.5520833333333334 0.3181818181818182 0.020833333333333332 0.030303030303030304
1 0.553125 0.4484848484848485 0.022916666666666665 0.03636363636363636
1 0.459375 0.6409090909090909 0.022916666666666665 0.03333333333333333
1 0.375 0.7348484848484849 0.025 0.03939393939393939
4 0.29583333333333334 0.41363636363636364 0.008333333333333333 0.015151515151515152
3 0.057291666666666664 0.23484848484848486 0.11041666666666666 0.4636363636363636