3 0.9506726457399103 0.5 0.09865470852017937 0.9935064935064936
2 0.8161434977578476 0.6136363636363636 0.026905829596412557 0.03896103896103896
2 0.820627802690583 0.6542207792207793 0.026905829596412557 0.04220779220779221
2 0.6412556053811659 0.6055194805194806 0.02242152466367713 0.03571428571428571
2 0.6177130044843049 0.6737012987012987 0.02466367713004484 0.04220779220779221
2 0.8654708520179372 0.9155844155844156 0.03139013452914798 0.03896103896103896
5 0.6872197309417041 0.5827922077922078 0.02466367713004484 0.048701298701298704
5 0.36771300448430494 0.29383116883116883 0.02242152466367713 0.03571428571428571
0 0.8094170403587444 0.3652597402597403 0.02242152466367713 0.03571428571428571
0 0.625560538116592 0.4107142857142857 0.02242152466367713 0.03571428571428571
1 0.5661434977578476 0.8068181818181818 0.02466367713004484 0.03571428571428571
1 0.625560538116592 0.7191558441558441 0.026905829596412557 0.03571428571428571
1 0.6345291479820628 0.6444805194805194 0.02242152466367713 0.03571428571428571
1 0.40022421524663676 0.1461038961038961 0.020179372197309416 0.032467532467532464
1 0.3352017937219731 0.1396103896103896 0.020179372197309416 0.032467532467532464
4 0.7107623318385651 0.37012987012987014 0.008968609865470852 0.012987012987012988