3 0.022727272727272728 0.5 0.045454545454545456 0.9940119760479041
3 0.9400826446280992 0.5 0.11983471074380166 0.9940119760479041
2 0.640495867768595 0.6377245508982036 0.02066115702479339 0.029940119760479042
2 0.618801652892562 0.7005988023952096 0.022727272727272728 0.03592814371257485
2 0.8016528925619835 0.6467065868263473 0.024793388429752067 0.03592814371257485
2 0.8057851239669421 0.6826347305389222 0.024793388429752067 0.03592814371257485
2 0.8460743801652892 0.9266467065868264 0.026859504132231406 0.038922155688622756
5 0.3884297520661157 0.35179640718562877 0.02066115702479339 0.03293413173652695
5 0.7045454545454546 0.24251497005988024 0.02066115702479339 0.041916167664670656
0 0.6270661157024794 0.4595808383233533 0.022727272727272728 0.03293413173652695
0 0.7954545454545454 0.4176646706586826 0.02066115702479339 0.03293413173652695
1 0.41838842975206614 0.21706586826347304 0.01859504132231405 0.038922155688622756
1 0.3584710743801653 0.21107784431137724 0.01859504132231405 0.03293413173652695
1 0.6353305785123967 0.6751497005988024 0.022727272727272728 0.03293413173652695
1 0.6260330578512396 0.7440119760479041 0.024793388429752067 0.03293413173652695
1 0.5702479338842975 0.8248502994011976 0.02066115702479339 0.038922155688622756
4 0.7097107438016529 0.4176646706586826 0.010330578512396695 0.014970059880239521