3 0.9925213675213675 0.5 0.010683760683760684 1
3 0.06196581196581197 0.4984472049689441 0.11965811965811966 0.9968944099378882
2 0.3696581196581197 0.35093167701863354 0.021367521367521368 0.031055900621118012
2 0.3920940170940171 0.2857142857142857 0.023504273504273504 0.037267080745341616
2 0.202991452991453 0.3416149068322981 0.02564102564102564 0.037267080745341616
2 0.1987179487179487 0.30434782608695654 0.02564102564102564 0.037267080745341616
2 0.15705128205128205 0.05124223602484472 0.027777777777777776 0.040372670807453416
5 0.6303418803418803 0.6475155279503105 0.021367521367521368 0.034161490683229816
5 0.3034188034188034 0.7608695652173914 0.021367521367521368 0.043478260869565216
0 0.38354700854700857 0.5357142857142857 0.023504273504273504 0.034161490683229816
0 0.2094017094017094 0.5791925465838509 0.021367521367521368 0.034161490683229816
1 0.5993589743589743 0.7872670807453416 0.019230769230769232 0.040372670807453416
1 0.6613247863247863 0.7934782608695652 0.019230769230769232 0.034161490683229816
1 0.375 0.31211180124223603 0.023504273504273504 0.034161490683229816
1 0.38461538461538464 0.2406832298136646 0.02564102564102564 0.034161490683229816
1 0.4423076923076923 0.15683229813664595 0.021367521367521368 0.040372670807453416
4 0.2980769230769231 0.5791925465838509 0.010683760683760684 0.015527950310559006