3 0.024364406779661018 0.5 0.048728813559322036 0.9938650306748467
3 0.9533898305084746 0.5 0.09322033898305085 0.9938650306748467
2 0.6588983050847458 0.6395705521472392 0.0211864406779661 0.03374233128834356
2 0.6366525423728814 0.7039877300613497 0.023305084745762712 0.03987730061349693
2 0.8241525423728814 0.647239263803681 0.025423728813559324 0.03680981595092025
2 0.8283898305084746 0.6840490797546013 0.025423728813559324 0.03680981595092025
2 0.8866525423728814 0.9892638036809815 0.03177966101694915 0.015337423312883436
5 0.5932203389830508 0.803680981595092 0.0211864406779661 0.03067484662576687
5 0.7616525423728814 0.5306748466257669 0.023305084745762712 0.03680981595092025
0 0.6440677966101694 0.455521472392638 0.0211864406779661 0.03374233128834356
0 0.8177966101694916 0.41411042944785276 0.0211864406779661 0.03067484662576687
1 0.4311440677966102 0.20398773006134968 0.019067796610169493 0.03374233128834356
1 0.652542372881356 0.6763803680981595 0.025423728813559324 0.03374233128834356
1 0.6440677966101694 0.745398773006135 0.025423728813559324 0.03680981595092025
1 0.586864406779661 0.8328220858895705 0.0211864406779661 0.03374233128834356
1 0.9830508474576272 0.8849693251533742 0.025423728813559324 0.03374233128834356
4 0.7298728813559322 0.4125766871165644 0.01059322033898305 0.015337423312883436