3 0.9900442477876106 0.5 0.015486725663716814 0.9935897435897436
3 0.04424778761061947 0.5 0.084070796460177 0.9935897435897436
2 0.34292035398230086 0.6362179487179487 0.022123893805309734 0.035256410256410256
2 0.3661504424778761 0.7035256410256411 0.024336283185840708 0.041666666666666664
2 0.17035398230088494 0.6442307692307693 0.02654867256637168 0.038461538461538464
2 0.16592920353982302 0.6826923076923077 0.02654867256637168 0.038461538461538464
2 0.10730088495575221 0.9951923076923077 0.033185840707964605 0.003205128205128205
5 0.41150442477876104 0.8076923076923077 0.022123893805309734 0.03205128205128205
5 0.23561946902654868 0.5224358974358975 0.024336283185840708 0.038461538461538464
0 0.3584070796460177 0.4439102564102564 0.022123893805309734 0.035256410256410256
0 0.17699115044247787 0.40064102564102566 0.022123893805309734 0.03205128205128205
1 0.5807522123893806 0.18108974358974358 0.01991150442477876 0.035256410256410256
1 0.3495575221238938 0.6746794871794872 0.02654867256637168 0.035256410256410256
1 0.3584070796460177 0.7467948717948718 0.02654867256637168 0.038461538461538464
1 0.41814159292035397 0.8381410256410257 0.022123893805309734 0.035256410256410256
1 0.00995575221238938 0.8910256410256411 0.015486725663716814 0.038461538461538464
4 0.2688053097345133 0.39903846153846156 0.011061946902654867 0.016025641025641024