3 0.9873417721518988 0.5 0.02109704641350211 1
3 0.06223628691983123 0.49847560975609756 0.12025316455696203 0.9969512195121951
2 0.20253164556962025 0.3628048780487805 0.02531645569620253 0.036585365853658534
2 0.19831223628691982 0.3277439024390244 0.02531645569620253 0.039634146341463415
2 0.18143459915611815 0.21036585365853658 0.029535864978902954 0.042682926829268296
2 0.3670886075949367 0.3704268292682927 0.02109704641350211 0.03353658536585366
2 0.3881856540084388 0.3048780487804878 0.02531645569620253 0.036585365853658534
5 0.43248945147679324 0.20884146341463414 0.02109704641350211 0.03353658536585366
5 0.25316455696202533 0.22713414634146342 0.02109704641350211 0.03353658536585366
0 0.3818565400843882 0.5533536585365854 0.02109704641350211 0.03353658536585366
0 0.2088607594936709 0.5945121951219512 0.02109704641350211 0.036585365853658534
1 0.35970464135021096 0.760670731707317 0.023206751054852322 0.03353658536585366
1 0.5938818565400844 0.8003048780487805 0.023206751054852322 0.039634146341463415
1 0.37236286919831224 0.3307926829268293 0.023206751054852322 0.03353658536585366
1 0.3818565400843882 0.26371951219512196 0.02531645569620253 0.039634146341463415
1 0.43776371308016876 0.17835365853658536 0.023206751054852322 0.03353658536585366
4 0.31329113924050633 0.7621951219512195 0.010548523206751054 0.018292682926829267