3 0.9829787234042553 0.5 0.029787234042553193 0.9938271604938271
3 0.05531914893617021 0.5 0.10638297872340426 0.9938271604938271
2 0.18723404255319148 0.6481481481481481 0.02553191489361702 0.037037037037037035
2 0.1829787234042553 0.683641975308642 0.02553191489361702 0.040123456790123455
2 0.16595744680851063 0.8024691358024691 0.029787234042553193 0.043209876543209874
2 0.35319148936170214 0.6404320987654321 0.02127659574468085 0.033950617283950615
2 0.37446808510638296 0.7067901234567902 0.02553191489361702 0.037037037037037035
5 0.41914893617021276 0.8040123456790124 0.02127659574468085 0.033950617283950615
5 0.23829787234042554 0.7854938271604939 0.02127659574468085 0.033950617283950615
0 0.3680851063829787 0.45524691358024694 0.02127659574468085 0.033950617283950615
0 0.19361702127659575 0.41358024691358025 0.02127659574468085 0.037037037037037035
1 0.34574468085106386 0.24537037037037038 0.023404255319148935 0.033950617283950615
1 0.5819148936170213 0.2052469135802469 0.023404255319148935 0.040123456790123455
1 0.35851063829787233 0.6805555555555556 0.023404255319148935 0.033950617283950615
1 0.3680851063829787 0.7484567901234568 0.02553191489361702 0.040123456790123455
1 0.42446808510638295 0.8348765432098766 0.023404255319148935 0.033950617283950615
4 0.298936170212766 0.24382716049382716 0.010638297872340425 0.018518518518518517