3 0.017932489451476793 0.49847560975609756 0.035864978902953586 0.9969512195121951
3 0.9451476793248945 0.49847560975609756 0.10548523206751055 0.9969512195121951
2 0.79957805907173 0.46646341463414637 0.02531645569620253 0.036585365853658534
2 0.8143459915611815 0.3246951219512195 0.02531645569620253 0.039634146341463415
2 0.7964135021097046 0.30640243902439024 0.023206751054852322 0.03353658536585366
2 0.6455696202531646 0.3673780487804878 0.02109704641350211 0.03353658536585366
2 0.6234177215189873 0.30335365853658536 0.023206751054852322 0.039634146341463415
5 0.7584388185654009 0.22408536585365854 0.023206751054852322 0.03353658536585366
5 0.5875527426160337 0.19664634146341464 0.023206751054852322 0.03353658536585366
0 0.8037974683544303 0.5929878048780488 0.02109704641350211 0.03353658536585366
0 0.630801687763713 0.5503048780487805 0.02109704641350211 0.03353658536585366
1 0.6571729957805907 0.6036585365853658 0.023206751054852322 0.036585365853658534
1 0.6540084388185654 0.7576219512195121 0.02109704641350211 0.03353658536585366
1 0.6392405063291139 0.3277439024390244 0.02531645569620253 0.039634146341463415
1 0.630801687763713 0.2606707317073171 0.02531645569620253 0.039634146341463415
1 0.630801687763713 0.08384146341463415 0.016877637130801686 0.039634146341463415
4 0.6993670886075949 0.7576219512195121 0.010548523206751054 0.01524390243902439