3 0.9426406926406926 0.49842767295597484 0.11038961038961038 0.9968553459119497
2 0.6872294372294372 0.8537735849056604 0.023809523809523808 0.03459119496855346
2 0.6699134199134199 0.7735849056603774 0.023809523809523808 0.031446540880503145
2 0.6612554112554112 0.8081761006289309 0.023809523809523808 0.03773584905660377
2 0.829004329004329 0.789308176100629 0.025974025974025976 0.031446540880503145
2 0.5930735930735931 0.6053459119496856 0.021645021645021644 0.02830188679245283
5 0.6904761904761905 0.6415094339622641 0.021645021645021644 0.031446540880503145
5 0.8127705627705628 0.7688679245283019 0.023809523809523808 0.03459119496855346
0 0.6212121212121212 0.5770440251572327 0.021645021645021644 0.02830188679245283
0 0.7207792207792207 0.6839622641509434 0.021645021645021644 0.02830188679245283
1 0.5865800865800865 0.7594339622641509 0.025974025974025976 0.03459119496855346
1 0.6439393939393939 0.7688679245283019 0.023809523809523808 0.03459119496855346
1 0.6385281385281385 0.8144654088050315 0.021645021645021644 0.031446540880503145
1 0.8474025974025974 0.7672955974842768 0.023809523809523808 0.031446540880503145
1 0.8820346320346321 0.8443396226415094 0.023809523809523808 0.03459119496855346
4 0.5833333333333334 0.589622641509434 0.010822510822510822 0.015723270440251572