3 0.9771784232365145 0.5 0.04149377593360996 0.9939759036144579
3 0.05912863070539419 0.5 0.11410788381742738 0.9939759036144579
2 0.30601659751037347 0.14909638554216867 0.022821576763485476 0.03313253012048193
2 0.32261410788381745 0.22590361445783133 0.022821576763485476 0.030120481927710843
2 0.3309128630705394 0.1927710843373494 0.022821576763485476 0.03614457831325301
2 0.17012448132780084 0.21084337349397592 0.024896265560165973 0.030120481927710843
2 0.3962655601659751 0.3870481927710843 0.02074688796680498 0.02710843373493976
5 0.3029045643153527 0.35240963855421686 0.02074688796680498 0.030120481927710843
5 0.18568464730290457 0.23042168674698796 0.022821576763485476 0.03313253012048193
0 0.36929460580912865 0.4141566265060241 0.02074688796680498 0.02710843373493976
0 0.27385892116182575 0.3117469879518072 0.02074688796680498 0.02710843373493976
1 0.4024896265560166 0.2394578313253012 0.024896265560165973 0.03313253012048193
1 0.3475103734439834 0.23042168674698796 0.022821576763485476 0.03313253012048193
1 0.35269709543568467 0.18674698795180722 0.02074688796680498 0.030120481927710843
1 0.1524896265560166 0.2319277108433735 0.022821576763485476 0.030120481927710843
1 0.11929460580912864 0.15813253012048192 0.022821576763485476 0.03313253012048193
4 0.40560165975103735 0.40210843373493976 0.01037344398340249 0.015060240963855422