3 0.9843096234309623 0.5 0.027196652719665274 1
3 0.06589958158995816 0.4984848484848485 0.12761506276150628 0.996969696969697
2 0.3723849372384937 0.5272727272727272 0.02510460251046025 0.03636363636363636
2 0.37447698744769875 0.45151515151515154 0.02510460251046025 0.03636363636363636
2 0.5878661087866108 0.2878787878787879 0.02092050209205021 0.03636363636363636
2 0.47489539748953974 0.20757575757575758 0.02510460251046025 0.03939393939393939
2 0.20711297071129708 0.5212121212121212 0.02510460251046025 0.03636363636363636
5 0.22384937238493724 0.4212121212121212 0.02510460251046025 0.03636363636363636
5 0.48430962343096234 0.9893939393939394 0.02301255230125523 0.015151515151515152
0 0.46129707112970714 0.9893939393939394 0.02301255230125523 0.015151515151515152
0 0.3598326359832636 0.4287878787878788 0.02092050209205021 0.03333333333333333
1 0.4089958158995816 0.396969696969697 0.02301255230125523 0.04242424242424243
1 0.4811715481171548 0.33484848484848484 0.02092050209205021 0.03333333333333333
1 0.2102510460251046 0.17424242424242425 0.027196652719665274 0.03939393939393939
1 0.058577405857740586 0.4575757575757576 0.02510460251046025 0.03636363636363636
1 0.47384937238493724 0.9727272727272728 0.01882845188284519 0.030303030303030304
4 0.5428870292887029 0.23939393939393938 0.010460251046025104 0.012121212121212121