3 0.021645021645021644 0.49842767295597484 0.04329004329004329 0.9968553459119497
3 0.9588744588744589 0.49842767295597484 0.07792207792207792 0.9968553459119497
2 0.8268398268398268 0.45440251572327045 0.025974025974025976 0.040880503144654086
2 0.6688311688311688 0.35377358490566035 0.021645021645021644 0.03459119496855346
2 0.6461038961038961 0.2861635220125786 0.023809523809523808 0.03773584905660377
2 0.841991341991342 0.30974842767295596 0.025974025974025976 0.040880503144654086
2 0.8225108225108225 0.29245283018867924 0.025974025974025976 0.03773584905660377
5 0.7857142857142857 0.2059748427672956 0.021645021645021644 0.03459119496855346
5 0.7943722943722944 0.02358490566037736 0.025974025974025976 0.03459119496855346
0 0.7261904761904762 0.13679245283018868 0.023809523809523808 0.03459119496855346
0 0.8311688311688312 0.5849056603773585 0.021645021645021644 0.03773584905660377
1 0.7575757575757576 0.5408805031446541 0.021645021645021644 0.03773584905660377
1 0.5194805194805194 0.4889937106918239 0.021645021645021644 0.040880503144654086
1 0.4989177489177489 0.2562893081761006 0.023809523809523808 0.03459119496855346
1 0.6634199134199135 0.31446540880503143 0.023809523809523808 0.03773584905660377
1 0.6536796536796536 0.24528301886792453 0.025974025974025976 0.03773584905660377
4 0.5432900432900433 0.5267295597484277 0.012987012987012988 0.015723270440251572