3 0.9782157676348547 0.5 0.03941908713692946 0.9939759036144579
3 0.061203319502074686 0.5 0.11825726141078838 0.9939759036144579
2 0.2074688796680498 0.5436746987951807 0.024896265560165973 0.0391566265060241
2 0.35892116182572614 0.6400602409638554 0.02074688796680498 0.03313253012048193
2 0.38070539419087135 0.7048192771084337 0.022821576763485476 0.03614457831325301
2 0.19294605809128632 0.6822289156626506 0.024896265560165973 0.0391566265060241
2 0.21161825726141079 0.6987951807228916 0.024896265560165973 0.03614457831325301
5 0.24688796680497926 0.7816265060240963 0.02074688796680498 0.03313253012048193
5 0.23858921161825727 0.9563253012048193 0.024896265560165973 0.03313253012048193
0 0.3039419087136929 0.8478915662650602 0.022821576763485476 0.03313253012048193
0 0.2033195020746888 0.4186746987951807 0.02074688796680498 0.03614457831325301
1 0.27385892116182575 0.4608433734939759 0.02074688796680498 0.03614457831325301
1 0.5020746887966805 0.5105421686746988 0.02074688796680498 0.0391566265060241
1 0.5217842323651453 0.733433734939759 0.022821576763485476 0.03313253012048193
1 0.36410788381742737 0.677710843373494 0.022821576763485476 0.03614457831325301
1 0.37344398340248963 0.7439759036144579 0.024896265560165973 0.03614457831325301
4 0.47925311203319504 0.4743975903614458 0.012448132780082987 0.015060240963855422