3 0.021966527196652718 0.5 0.043933054393305436 0.9939393939393939
3 0.9435146443514645 0.5 0.11297071129707113 0.9939393939393939
2 0.7876569037656904 0.5181818181818182 0.027196652719665274 0.04242424242424243
2 0.8138075313807531 0.6712121212121213 0.02510460251046025 0.03939393939393939
2 0.7949790794979079 0.6893939393939394 0.02510460251046025 0.03939393939393939
2 0.645397489539749 0.6287878787878788 0.02301255230125523 0.03333333333333333
2 0.6244769874476988 0.6909090909090909 0.027196652719665274 0.03636363636363636
5 0.7604602510460251 0.7727272727272727 0.02301255230125523 0.03636363636363636
5 0.5889121338912134 0.4818181818181818 0.02301255230125523 0.03636363636363636
0 0.8043933054393305 0.40606060606060607 0.02301255230125523 0.03636363636363636
0 0.702928870292887 0.8378787878787879 0.02092050209205021 0.03939393939393939
1 0.48221757322175735 0.7242424242424242 0.02301255230125523 0.03636363636363636
1 0.46443514644351463 0.6515151515151515 0.02510460251046025 0.03636363636363636
1 0.6527196652719666 0.6636363636363637 0.02510460251046025 0.03636363636363636
1 0.8096234309623431 0.5318181818181819 0.02510460251046025 0.03333333333333333
1 0.7332635983263598 0.44696969696969696 0.02301255230125523 0.03333333333333333
4 0.5366108786610879 0.5287878787878788 0.010460251046025104 0.015151515151515152