3 0.9840909090909091 0.5 0.02727272727272727 0.993421052631579
3 0.028409090909090908 0.5 0.05227272727272727 0.993421052631579
2 0.16022727272727272 0.4934210526315789 0.029545454545454545 0.046052631578947366
2 0.1318181818181818 0.6595394736842105 0.02727272727272727 0.04276315789473684
2 0.15227272727272728 0.6792763157894737 0.02727272727272727 0.04276315789473684
2 0.31477272727272726 0.6134868421052632 0.025 0.03618421052631579
2 0.3375 0.680921052631579 0.029545454545454545 0.039473684210526314
5 0.18977272727272726 0.7697368421052632 0.025 0.039473684210526314
5 0.37613636363636366 0.45394736842105265 0.025 0.039473684210526314
0 0.14204545454545456 0.3717105263157895 0.025 0.039473684210526314
0 0.25227272727272726 0.8404605263157895 0.022727272727272728 0.04276315789473684
1 0.49204545454545456 0.7171052631578947 0.025 0.039473684210526314
1 0.5113636363636364 0.6381578947368421 0.02727272727272727 0.039473684210526314
1 0.3068181818181818 0.6513157894736842 0.02727272727272727 0.039473684210526314
1 0.13636363636363635 0.5082236842105263 0.02727272727272727 0.03618421052631579
1 0.21931818181818183 0.4161184210526316 0.025 0.03618421052631579
4 0.4329545454545455 0.5049342105263158 0.011363636363636364 0.01644736842105263