3 0.9882978723404255 0.5 0.019148936170212766 0.9938271604938271
3 0.06170212765957447 0.5 0.11914893617021277 0.9938271604938271
2 0.22021276595744682 0.5123456790123457 0.027659574468085105 0.043209876543209874
2 0.19361702127659575 0.6682098765432098 0.02553191489361702 0.040123456790123455
2 0.2127659574468085 0.6867283950617284 0.02553191489361702 0.040123456790123455
2 0.3648936170212766 0.625 0.023404255319148935 0.033950617283950615
2 0.3861702127659574 0.6882716049382716 0.027659574468085105 0.037037037037037035
5 0.2478723404255319 0.7716049382716049 0.023404255319148935 0.037037037037037035
5 0.4223404255319149 0.47530864197530864 0.023404255319148935 0.037037037037037035
0 0.20319148936170212 0.39814814814814814 0.023404255319148935 0.037037037037037035
0 0.30638297872340425 0.8379629629629629 0.02127659574468085 0.040123456790123455
1 0.5308510638297872 0.7222222222222222 0.023404255319148935 0.037037037037037035
1 0.548936170212766 0.6481481481481481 0.02553191489361702 0.037037037037037035
1 0.3574468085106383 0.6604938271604939 0.02553191489361702 0.037037037037037035
1 0.19787234042553192 0.5262345679012346 0.02553191489361702 0.033950617283950615
1 0.275531914893617 0.4398148148148148 0.023404255319148935 0.033950617283950615
4 0.475531914893617 0.5231481481481481 0.010638297872340425 0.015432098765432098