3 0.013771186440677966 0.5 0.02754237288135593 0.9938650306748467
3 0.9427966101694916 0.5 0.11440677966101695 0.9938650306748467
2 0.6408898305084746 0.6303680981595092 0.023305084745762712 0.03374233128834356
2 0.6175847457627118 0.6855828220858896 0.023305084745762712 0.03374233128834356
2 0.4872881355932203 0.7239263803680982 0.025423728813559324 0.03680981595092025
2 0.809322033898305 0.6656441717791411 0.025423728813559324 0.04294478527607362
2 0.7902542372881356 0.6840490797546013 0.025423728813559324 0.03680981595092025
5 0.5720338983050848 0.4125766871165644 0.0211864406779661 0.03374233128834356
5 0.7542372881355932 0.7699386503067485 0.0211864406779661 0.03680981595092025
0 0.6970338983050848 0.8328220858895705 0.0211864406779661 0.03374233128834356
0 0.5911016949152542 0.661042944785276 0.0211864406779661 0.03374233128834356
1 0.4597457627118644 0.7239263803680982 0.0211864406779661 0.03680981595092025
1 0.4014830508474576 0.6104294478527608 0.023305084745762712 0.03680981595092025
1 0.4396186440677966 0.549079754601227 0.02754237288135593 0.04294478527607362
1 0.6461864406779662 0.44171779141104295 0.0211864406779661 0.03680981595092025
1 0.6366525423728814 0.6656441717791411 0.023305084745762712 0.03680981595092025
4 0.510593220338983 0.49846625766871167 0.00847457627118644 0.015337423312883436