3 0.9426406926406926 0.49842767295597484 0.11038961038961038 0.9968553459119497
2 0.6374458874458875 0.33490566037735847 0.023809523809523808 0.03459119496855346
2 0.6136363636363636 0.2783018867924528 0.023809523809523808 0.03459119496855346
2 0.4805194805194805 0.2389937106918239 0.025974025974025976 0.03773584905660377
2 0.8095238095238095 0.29874213836477986 0.025974025974025976 0.0440251572327044
2 0.79004329004329 0.279874213836478 0.025974025974025976 0.03773584905660377
5 0.5670995670995671 0.5581761006289309 0.021645021645021644 0.03459119496855346
5 0.7532467532467533 0.1918238993710692 0.021645021645021644 0.03773584905660377
0 0.6948051948051948 0.12735849056603774 0.021645021645021644 0.03459119496855346
0 0.5865800865800865 0.30345911949685533 0.021645021645021644 0.03459119496855346
1 0.4523809523809524 0.2389937106918239 0.021645021645021644 0.03773584905660377
1 0.39285714285714285 0.3553459119496855 0.023809523809523808 0.03773584905660377
1 0.4318181818181818 0.41823899371069184 0.02813852813852814 0.0440251572327044
1 0.6428571428571429 0.5283018867924528 0.021645021645021644 0.03773584905660377
1 0.6331168831168831 0.29874213836477986 0.023809523809523808 0.03773584905660377
4 0.5043290043290043 0.470125786163522 0.008658008658008658 0.015723270440251572