3 0.9394273127753304 0.4984076433121019 0.11674008810572688 0.9968152866242038
2 0.6773127753303965 0.8487261146496815 0.024229074889867842 0.03503184713375796
2 0.6596916299559471 0.7691082802547771 0.024229074889867842 0.03503184713375796
2 0.5814977973568282 0.5987261146496815 0.022026431718061675 0.03184713375796178
2 0.8226872246696035 0.7834394904458599 0.028634361233480177 0.03821656050955414
2 0.6508810572687225 0.8009554140127388 0.024229074889867842 0.03503184713375796
5 0.8039647577092511 0.7627388535031847 0.02643171806167401 0.03503184713375796
5 0.6806167400881057 0.6337579617834395 0.022026431718061675 0.03184713375796178
0 0.6101321585903083 0.5700636942675159 0.022026431718061675 0.03184713375796178
0 0.710352422907489 0.6767515923566879 0.024229074889867842 0.028662420382165606
1 0.6332599118942731 0.7643312101910829 0.024229074889867842 0.03821656050955414
1 0.6277533039647577 0.8105095541401274 0.022026431718061675 0.03503184713375796
1 0.5748898678414097 0.7531847133757962 0.02643171806167401 0.03503184713375796
1 0.8744493392070485 0.839171974522293 0.02643171806167401 0.03503184713375796
1 0.8392070484581498 0.7627388535031847 0.02643171806167401 0.03503184713375796
4 0.5715859030837004 0.5812101910828026 0.011013215859030838 0.01592356687898089