3 0.9836956521739131 0.5 0.02826086956521739 0.9936708860759493
3 0.04565217391304348 0.5 0.08695652173913043 0.9936708860759493
2 0.28804347826086957 0.14082278481012658 0.02391304347826087 0.03481012658227848
2 0.30543478260869567 0.2199367088607595 0.02391304347826087 0.03481012658227848
2 0.3826086956521739 0.38924050632911394 0.021739130434782608 0.03164556962025317
2 0.14456521739130435 0.20569620253164558 0.02826086956521739 0.0379746835443038
2 0.3141304347826087 0.18829113924050633 0.02391304347826087 0.03481012658227848
5 0.16304347826086957 0.22626582278481014 0.02608695652173913 0.03481012658227848
5 0.2847826086956522 0.35443037974683544 0.021739130434782608 0.03164556962025317
0 0.35434782608695653 0.4177215189873418 0.021739130434782608 0.03164556962025317
0 0.2554347826086957 0.31170886075949367 0.02391304347826087 0.028481012658227847
1 0.33152173913043476 0.22468354430379747 0.02391304347826087 0.0379746835443038
1 0.33695652173913043 0.1787974683544304 0.021739130434782608 0.03481012658227848
1 0.38913043478260867 0.23575949367088608 0.02608695652173913 0.03481012658227848
1 0.09347826086956522 0.15031645569620253 0.02608695652173913 0.03481012658227848
1 0.1282608695652174 0.22626582278481014 0.02608695652173913 0.03481012658227848
4 0.3923913043478261 0.40664556962025317 0.010869565217391304 0.015822784810126583