3 0.06477272727272727 0.49835526315789475 0.125 0.9967105263157895
2 0.9613636363636363 0.6398026315789473 0.02727272727272727 0.04276315789473684
2 0.9261363636363636 0.6957236842105263 0.029545454545454545 0.04276315789473684
2 0.5784090909090909 0.6595394736842105 0.025 0.04276315789473684
2 0.20909090909090908 0.31743421052631576 0.02727272727272727 0.04276315789473684
2 0.22954545454545455 0.29769736842105265 0.02727272727272727 0.04276315789473684
5 0.26704545454545453 0.20723684210526316 0.025 0.039473684210526314
5 0.39090909090909093 0.6825657894736842 0.022727272727272728 0.03618421052631579
0 0.8534090909090909 0.8207236842105263 0.025 0.03618421052631579
0 0.32954545454545453 0.13815789473684212 0.022727272727272728 0.039473684210526314
1 0.45 0.5592105263157895 0.022727272727272728 0.039473684210526314
1 0.3840909090909091 0.5575657894736842 0.022727272727272728 0.03618421052631579
1 0.9340909090909091 0.84375 0.02727272727272727 0.03618421052631579
1 0.9534090909090909 0.8766447368421053 0.029545454545454545 0.03618421052631579
1 0.8443181818181819 0.7417763157894737 0.03409090909090909 0.03618421052631579
4 0.4727272727272727 0.46875 0.00909090909090909 0.01644736842105263