3 0.9531963470319634 0.5 0.09360730593607305 0.9933774834437086
2 0.0684931506849315 0.34271523178807944 0.0273972602739726 0.04304635761589404
2 0.10388127853881278 0.28642384105960267 0.02968036529680365 0.04304635761589404
2 0.4531963470319635 0.3228476821192053 0.02511415525114155 0.04304635761589404
2 0.8242009132420092 0.6672185430463576 0.0273972602739726 0.04304635761589404
2 0.8036529680365296 0.6870860927152318 0.0273972602739726 0.04304635761589404
5 0.7659817351598174 0.7781456953642384 0.02511415525114155 0.039735099337748346
5 0.6415525114155252 0.2996688741721854 0.0228310502283105 0.03642384105960265
0 0.1769406392694064 0.1605960264900662 0.02511415525114155 0.03642384105960265
0 0.7031963470319634 0.847682119205298 0.0228310502283105 0.039735099337748346
1 0.5821917808219178 0.423841059602649 0.0228310502283105 0.039735099337748346
1 0.6484018264840182 0.42549668874172186 0.0228310502283105 0.03642384105960265
1 0.0958904109589041 0.13741721854304637 0.0273972602739726 0.03642384105960265
1 0.07648401826484018 0.10430463576158941 0.02968036529680365 0.03642384105960265
1 0.1860730593607306 0.24006622516556292 0.03424657534246575 0.03642384105960265
4 0.5593607305936074 0.5149006622516556 0.0091324200913242 0.016556291390728478