3 0.9753363228699552 0.5 0.04484304932735426 1
3 0.02242152466367713 0.49837662337662336 0.04035874439461883 0.9967532467532467
2 0.4899103139013453 0.6688311688311688 0.02466367713004484 0.03896103896103896
2 0.8665919282511211 0.650974025974026 0.02914798206278027 0.04220779220779221
2 0.33408071748878926 0.5909090909090909 0.026905829596412557 0.045454545454545456
2 0.12443946188340807 0.3327922077922078 0.02914798206278027 0.04220779220779221
2 0.14573991031390135 0.3133116883116883 0.026905829596412557 0.04220779220779221
5 0.3038116591928251 0.6915584415584416 0.02466367713004484 0.03896103896103896
5 0.18385650224215247 0.22564935064935066 0.026905829596412557 0.04220779220779221
0 0.24551569506726456 0.15422077922077923 0.02466367713004484 0.04220779220779221
0 0.7600896860986547 0.8262987012987013 0.026905829596412557 0.04220779220779221
1 0.8396860986547086 0.8522727272727273 0.02914798206278027 0.04220779220779221
1 0.8598654708520179 0.8847402597402597 0.02914798206278027 0.04220779220779221
1 0.30493273542600896 0.5714285714285714 0.02242152466367713 0.032467532467532464
1 0.25 0.5714285714285714 0.02466367713004484 0.03896103896103896
1 0.16928251121076232 0.31006493506493504 0.02466367713004484 0.04220779220779221
4 0.38565022421524664 0.48214285714285715 0.013452914798206279 0.016233766233766232