3 0.9504405286343612 0.5 0.09911894273127753 0.9936305732484076
2 0.46145374449339205 0.39171974522292996 0.024229074889867842 0.03821656050955414
2 0.09140969162995595 0.40923566878980894 0.028634361233480177 0.041401273885350316
2 0.6145374449339207 0.4681528662420382 0.02643171806167401 0.044585987261146494
2 0.8204845814977973 0.7213375796178344 0.028634361233480177 0.041401273885350316
2 0.7995594713656388 0.7404458598726115 0.02643171806167401 0.041401273885350316
5 0.6442731277533039 0.36942675159235666 0.024229074889867842 0.03821656050955414
5 0.762114537444934 0.8264331210191083 0.02643171806167401 0.041401273885350316
0 0.7015418502202643 0.8964968152866242 0.024229074889867842 0.041401273885350316
0 0.1960352422907489 0.2372611464968153 0.02643171806167401 0.041401273885350316
1 0.11784140969162996 0.21178343949044587 0.028634361233480177 0.041401273885350316
1 0.09801762114537445 0.17993630573248406 0.028634361233480177 0.041401273885350316
1 0.6431718061674009 0.4872611464968153 0.022026431718061675 0.03184713375796178
1 0.697136563876652 0.4872611464968153 0.024229074889867842 0.03821656050955414
1 0.776431718061674 0.7436305732484076 0.024229074889867842 0.041401273885350316
4 0.5638766519823789 0.5748407643312102 0.013215859030837005 0.01592356687898089