3 0.011752136752136752 0.4984472049689441 0.023504273504273504 0.9968944099378882
3 0.9433760683760684 0.18478260869565216 0.10897435897435898 0.3695652173913043
2 0.10363247863247864 0.6273291925465838 0.027777777777777776 0.037267080745341616
2 0.46153846153846156 0.6428571428571429 0.021367521367521368 0.031055900621118012
2 0.6655982905982906 0.6024844720496895 0.023504273504273504 0.037267080745341616
2 0.6452991452991453 0.5496894409937888 0.02564102564102564 0.037267080745341616
2 0.7083333333333334 0.8881987577639752 0.023504273504273504 0.043478260869565216
5 0.6378205128205128 0.6661490683229814 0.023504273504273504 0.034161490683229816
5 0.7542735042735043 0.21894409937888198 0.021367521367521368 0.034161490683229816
0 0.6955128205128205 0.15217391304347827 0.023504273504273504 0.037267080745341616
0 0.20405982905982906 0.796583850931677 0.023504273504273504 0.034161490683229816
1 0.1111111111111111 0.8478260869565217 0.02564102564102564 0.031055900621118012
1 0.12713675213675213 0.8183229813664596 0.027777777777777776 0.034161490683229816
1 0.5341880341880342 0.5854037267080745 0.02564102564102564 0.034161490683229816
1 0.6239316239316239 0.5667701863354038 0.021367521367521368 0.034161490683229816
1 0.6987179487179487 0.9425465838509317 0.021367521367521368 0.040372670807453416
4 0.563034188034188 0.4642857142857143 0.010683760683760684 0.015527950310559006
3 0.9455128205128205 0.7049689440993789 0.1047008547008547 0.5838509316770186