3 0.02252252252252252 0.49836601307189543 0.04504504504504504 0.9967320261437909
3 0.9774774774774775 0.184640522875817 0.04054054054054054 0.369281045751634
2 0.12950450450450451 0.6405228758169934 0.02927927927927928 0.0392156862745098
2 0.5067567567567568 0.6568627450980392 0.02252252252252252 0.032679738562091505
2 0.7218468468468469 0.6143790849673203 0.024774774774774775 0.0392156862745098
2 0.7004504504504504 0.5588235294117647 0.02702702702702703 0.0392156862745098
2 0.7668918918918919 0.9150326797385621 0.024774774774774775 0.0457516339869281
5 0.6925675675675675 0.6813725490196079 0.024774774774774775 0.03594771241830065
5 0.8153153153153153 0.2107843137254902 0.02252252252252252 0.03594771241830065
0 0.7533783783783784 0.14052287581699346 0.024774774774774775 0.0392156862745098
0 0.23536036036036037 0.8186274509803921 0.024774774774774775 0.03594771241830065
1 0.1373873873873874 0.8725490196078431 0.02702702702702703 0.032679738562091505
1 0.15427927927927929 0.8415032679738562 0.02927927927927928 0.03594771241830065
1 0.5833333333333334 0.5964052287581699 0.02702702702702703 0.03594771241830065
1 0.6779279279279279 0.576797385620915 0.02252252252252252 0.03594771241830065
1 0.7567567567567568 0.9722222222222222 0.02252252252252252 0.042483660130718956
4 0.6137387387387387 0.46895424836601307 0.01126126126126126 0.016339869281045753
3 0.9797297297297297 0.7058823529411765 0.036036036036036036 0.5816993464052288