3 0.9832589285714286 0.5 0.029017857142857144 1
3 0.033482142857142856 0.18548387096774194 0.0625 0.3709677419354839
2 0.8850446428571429 0.6387096774193548 0.029017857142857144 0.03870967741935484
2 0.5111607142857143 0.6548387096774193 0.022321428571428572 0.03225806451612903
2 0.29799107142857145 0.6129032258064516 0.024553571428571428 0.03870967741935484
2 0.31919642857142855 0.5580645161290323 0.026785714285714284 0.03870967741935484
2 0.2533482142857143 0.9096774193548387 0.024553571428571428 0.04516129032258064
5 0.32700892857142855 0.6790322580645162 0.024553571428571428 0.035483870967741936
5 0.20535714285714285 0.21451612903225806 0.022321428571428572 0.035483870967741936
0 0.26674107142857145 0.14516129032258066 0.024553571428571428 0.03870967741935484
0 0.7801339285714286 0.8145161290322581 0.024553571428571428 0.035483870967741936
1 0.8772321428571429 0.867741935483871 0.026785714285714284 0.03225806451612903
1 0.8604910714285714 0.8370967741935483 0.029017857142857144 0.035483870967741936
1 0.43526785714285715 0.5951612903225807 0.026785714285714284 0.035483870967741936
1 0.34151785714285715 0.5758064516129032 0.022321428571428572 0.035483870967741936
1 0.26339285714285715 0.9661290322580646 0.022321428571428572 0.041935483870967745
4 0.40513392857142855 0.4693548387096774 0.011160714285714286 0.016129032258064516
3 0.03125 0.7064516129032258 0.05803571428571429 0.5806451612903226