3 0.9385416666666667 0.4984848484848485 0.11875 0.996969696969697
2 0.7114583333333333 0.9378787878787879 0.022916666666666665 0.03333333333333333
2 0.465625 0.6303030303030303 0.022916666666666665 0.03636363636363636
2 0.34791666666666665 0.5196969696969697 0.029166666666666667 0.03333333333333333
2 0.6635416666666667 0.5909090909090909 0.027083333333333334 0.03636363636363636
2 0.64375 0.5393939393939394 0.025 0.03636363636363636
5 0.6385416666666667 0.6515151515151515 0.022916666666666665 0.030303030303030304
5 0.75 0.21666666666666667 0.025 0.03333333333333333
0 0.69375 0.15151515151515152 0.020833333333333332 0.03636363636363636
0 0.21458333333333332 0.7803030303030303 0.025 0.03939393939393939
1 0.121875 0.8303030303030303 0.027083333333333334 0.03636363636363636
1 0.140625 0.8 0.027083333333333334 0.03636363636363636
1 0.4552083333333333 0.7212121212121212 0.022916666666666665 0.03636363636363636
1 0.6239583333333333 0.553030303030303 0.01875 0.03333333333333333
1 0.7052083333333333 0.9787878787878788 0.022916666666666665 0.03636363636363636
4 0.5614583333333333 0.45606060606060606 0.010416666666666666 0.015151515151515152
3 0.015625 0.3333333333333333 0.03125 0.6666666666666666
3 0.009375 0.8469696969696969 0.01875 0.3