3 0.9502118644067796 0.5 0.09957627118644068 0.9938650306748467
2 0.7298728813559322 0.04447852760736196 0.023305084745762712 0.03374233128834356
2 0.4798728813559322 0.3558282208588957 0.023305084745762712 0.03680981595092025
2 0.3601694915254237 0.4677914110429448 0.029661016949152543 0.03374233128834356
2 0.6811440677966102 0.39570552147239263 0.02754237288135593 0.03680981595092025
2 0.6610169491525424 0.44785276073619634 0.025423728813559324 0.03680981595092025
5 0.6557203389830508 0.3343558282208589 0.023305084745762712 0.03067484662576687
5 0.7690677966101694 0.7745398773006135 0.025423728813559324 0.03374233128834356
0 0.711864406779661 0.8404907975460123 0.0211864406779661 0.03680981595092025
0 0.2245762711864407 0.20398773006134968 0.025423728813559324 0.03987730061349693
1 0.13029661016949154 0.15337423312883436 0.02754237288135593 0.03680981595092025
1 0.149364406779661 0.18404907975460122 0.02754237288135593 0.03680981595092025
1 0.4692796610169492 0.26380368098159507 0.023305084745762712 0.03680981595092025
1 0.6408898305084746 0.4340490797546012 0.019067796610169493 0.03374233128834356
1 0.7245762711864406 0.012269938650306749 0.025423728813559324 0.018404907975460124
4 0.5773305084745762 0.5322085889570553 0.01059322033898305 0.015337423312883436
3 0.020127118644067795 0.6579754601226994 0.04025423728813559 0.6779141104294478
3 0.012711864406779662 0.14570552147239263 0.025423728813559324 0.2852760736196319