3 0.9427312775330396 0.4984076433121019 0.11013215859030837 0.9968152866242038
2 0.711453744493392 0.982484076433121 0.02643171806167401 0.028662420382165606
2 0.45044052863436124 0.6624203821656051 0.024229074889867842 0.03821656050955414
2 0.32599118942731276 0.5461783439490446 0.030837004405286344 0.03503184713375796
2 0.6596916299559471 0.6210191082802548 0.028634361233480177 0.03821656050955414
2 0.6387665198237885 0.5668789808917197 0.02643171806167401 0.03821656050955414
5 0.6332599118942731 0.6847133757961783 0.024229074889867842 0.03184713375796178
5 0.751101321585903 0.22770700636942676 0.02643171806167401 0.03503184713375796
0 0.6916299559471366 0.1592356687898089 0.022026431718061675 0.03821656050955414
0 0.18502202643171806 0.8200636942675159 0.02643171806167401 0.041401273885350316
1 0.08700440528634361 0.8726114649681529 0.028634361233480177 0.03821656050955414
1 0.10682819383259912 0.8407643312101911 0.028634361233480177 0.03821656050955414
1 0.43942731277533037 0.7579617834394905 0.024229074889867842 0.03821656050955414
1 0.6178414096916299 0.5812101910828026 0.019823788546255508 0.03503184713375796
4 0.551762114537445 0.47929936305732485 0.011013215859030838 0.01592356687898089