3 0.9889380530973452 0.5 0.017699115044247787 0.9935897435897436
3 0.04314159292035398 0.5 0.08185840707964602 0.9935897435897436
2 0.2853982300884956 0.11858974358974358 0.022123893805309734 0.038461538461538464
2 0.2721238938053097 0.1907051282051282 0.02654867256637168 0.035256410256410256
2 0.1415929203539823 0.1842948717948718 0.02654867256637168 0.035256410256410256
2 0.46792035398230086 0.36378205128205127 0.024336283185840708 0.028846153846153848
2 0.3108407079646018 0.14903846153846154 0.024336283185840708 0.035256410256410256
5 0.1592920353982301 0.20833333333333334 0.02654867256637168 0.038461538461538464
5 0.2842920353982301 0.3349358974358974 0.024336283185840708 0.035256410256410256
0 0.25331858407079644 0.2932692307692308 0.024336283185840708 0.035256410256410256
0 0.2842920353982301 0.23237179487179488 0.024336283185840708 0.035256410256410256
1 0.3893805309734513 0.21794871794871795 0.02654867256637168 0.038461538461538464
1 0.3440265486725664 0.1891025641025641 0.024336283185840708 0.03205128205128205
1 0.33849557522123896 0.15544871794871795 0.022123893805309734 0.035256410256410256
1 0.08849557522123894 0.1266025641025641 0.02654867256637168 0.035256410256410256
1 0.12389380530973451 0.20993589743589744 0.02654867256637168 0.035256410256410256
4 0.4690265486725664 0.38621794871794873 0.008849557522123894 0.016025641025641024