3 0.9925531914893617 0.5 0.010638297872340425 0.9938271604938271
3 0.06702127659574468 0.5 0.12978723404255318 0.9938271604938271
2 0.4297872340425532 0.4104938271604938 0.02553191489361702 0.037037037037037035
2 0.4595744680851064 0.4182098765432099 0.02553191489361702 0.033950617283950615
2 0.5074468085106383 0.2006172839506173 0.023404255319148935 0.043209876543209874
2 0.601063829787234 0.7237654320987654 0.023404255319148935 0.033950617283950615
2 0.21063829787234042 0.47530864197530864 0.02553191489361702 0.030864197530864196
5 0.22872340425531915 0.5756172839506173 0.023404255319148935 0.033950617283950615
5 0.18085106382978725 0.29475308641975306 0.02553191489361702 0.033950617283950615
0 0.33191489361702126 0.1574074074074074 0.02127659574468085 0.037037037037037035
0 0.6276595744680851 0.3472222222222222 0.02127659574468085 0.033950617283950615
1 0.42446808510638295 0.2700617283950617 0.023404255319148935 0.040123456790123455
1 0.35212765957446807 0.2993827160493827 0.023404255319148935 0.037037037037037035
1 0.25957446808510637 0.33024691358024694 0.02553191489361702 0.043209876543209874
1 0.624468085106383 0.6373456790123457 0.023404255319148935 0.033950617283950615
1 0.6861702127659575 0.7098765432098766 0.023404255319148935 0.030864197530864196