3 0.020042194092827006 0.5 0.04008438818565401 0.9939024390243902
3 0.9472573839662447 0.5 0.10548523206751055 0.9939024390243902
2 0.70042194092827 0.14939024390243902 0.02109704641350211 0.036585365853658534
2 0.7130801687763713 0.21798780487804878 0.02531645569620253 0.03353658536585366
2 0.8375527426160337 0.21189024390243902 0.02531645569620253 0.03353658536585366
2 0.5263713080168776 0.3826219512195122 0.023206751054852322 0.027439024390243903
2 0.6761603375527426 0.17835365853658536 0.023206751054852322 0.03353658536585366
5 0.820675105485232 0.2347560975609756 0.02531645569620253 0.036585365853658534
5 0.7014767932489452 0.3551829268292683 0.023206751054852322 0.03353658536585366
0 0.7310126582278481 0.3155487804878049 0.023206751054852322 0.03353658536585366
0 0.7014767932489452 0.2576219512195122 0.023206751054852322 0.03353658536585366
1 0.6012658227848101 0.24390243902439024 0.02531645569620253 0.036585365853658534
1 0.6445147679324894 0.21646341463414634 0.023206751054852322 0.03048780487804878
1 0.6497890295358649 0.18445121951219512 0.02109704641350211 0.03353658536585366
1 0.8881856540084389 0.15701219512195122 0.02531645569620253 0.03353658536585366
1 0.8544303797468354 0.23628048780487804 0.02531645569620253 0.03353658536585366
4 0.5253164556962026 0.40396341463414637 0.008438818565400843 0.01524390243902439