3 0.06385281385281386 0.5 0.12337662337662338 0.9937106918238994
2 0.2987012987012987 0.04559748427672956 0.025974025974025976 0.040880503144654086
2 0.30952380952380953 0.33176100628930816 0.021645021645021644 0.03459119496855346
2 0.3246753246753247 0.43238993710691825 0.025974025974025976 0.040880503144654086
2 0.36796536796536794 0.4591194968553459 0.025974025974025976 0.03773584905660377
2 0.2067099567099567 0.6918238993710691 0.02813852813852814 0.03773584905660377
5 0.37554112554112556 0.3411949685534591 0.023809523809523808 0.03459119496855346
5 0.25757575757575757 0.7940251572327044 0.021645021645021644 0.03459119496855346
0 0.31601731601731603 0.8616352201257862 0.021645021645021644 0.03773584905660377
0 0.7608225108225108 0.13679245283018868 0.023809523809523808 0.040880503144654086
1 0.6536796536796536 0.4339622641509434 0.030303030303030304 0.0440251572327044
1 0.38961038961038963 0.44654088050314467 0.021645021645021644 0.03773584905660377
1 0.46645021645021645 0.39622641509433965 0.023809523809523808 0.03773584905660377
1 0.5638528138528138 0.27044025157232704 0.023809523809523808 0.03773584905660377
1 0.3041125541125541 0.0110062893081761 0.023809523809523808 0.015723270440251572
4 0.2554112554112554 0.5676100628930818 0.008658008658008658 0.015723270440251572