3 0.02301255230125523 0.5787878787878787 0.04602510460251046 0.8363636363636363
3 0.946652719665272 0.5 0.10669456066945607 0.9939393939393939
2 0.7238493723849372 0.06818181818181818 0.02510460251046025 0.03939393939393939
2 0.7133891213389121 0.34393939393939393 0.02092050209205021 0.03333333333333333
2 0.698744769874477 0.4409090909090909 0.02510460251046025 0.03939393939393939
2 0.6569037656903766 0.4666666666666667 0.02510460251046025 0.03636363636363636
2 0.8127615062761506 0.6909090909090909 0.027196652719665274 0.03636363636363636
5 0.649581589958159 0.353030303030303 0.02301255230125523 0.03333333333333333
5 0.7635983263598326 0.7893939393939394 0.02092050209205021 0.03333333333333333
0 0.7071129707112971 0.8545454545454545 0.02092050209205021 0.03636363636363636
0 0.27719665271966526 0.15606060606060607 0.02301255230125523 0.03939393939393939
1 0.3807531380753138 0.44242424242424244 0.029288702928870293 0.04242424242424243
1 0.6359832635983264 0.45454545454545453 0.02092050209205021 0.03636363636363636
1 0.5617154811715481 0.40606060606060607 0.02301255230125523 0.03636363636363636
1 0.4675732217573222 0.28484848484848485 0.02301255230125523 0.03636363636363636
1 0.7175732217573222 0.02727272727272727 0.02092050209205021 0.030303030303030304
4 0.7656903765690377 0.5712121212121212 0.008368200836820083 0.015151515151515152