3 0.00909090909090909 0.5493421052631579 0.01818181818181818 0.8947368421052632
3 0.9693181818181819 0.5 0.06136363636363636 0.993421052631579
2 0.7556818181818182 0.013157894736842105 0.029545454545454545 0.019736842105263157
2 0.7431818181818182 0.30098684210526316 0.022727272727272728 0.03618421052631579
2 0.7272727272727273 0.40625 0.02727272727272727 0.04276315789473684
2 0.6818181818181818 0.4342105263157895 0.02727272727272727 0.039473684210526314
2 0.8511363636363637 0.6776315789473685 0.029545454545454545 0.039473684210526314
5 0.6738636363636363 0.31085526315789475 0.025 0.03618421052631579
5 0.7977272727272727 0.7845394736842105 0.022727272727272728 0.03618421052631579
0 0.7363636363636363 0.8552631578947368 0.022727272727272728 0.039473684210526314
0 0.26931818181818185 0.09703947368421052 0.025 0.04276315789473684
1 0.38181818181818183 0.40789473684210525 0.031818181818181815 0.046052631578947366
1 0.6590909090909091 0.42105263157894735 0.022727272727272728 0.039473684210526314
1 0.5784090909090909 0.3684210526315789 0.025 0.039473684210526314
1 0.47613636363636364 0.23684210526315788 0.025 0.039473684210526314
4 0.8 0.5476973684210527 0.00909090909090909 0.01644736842105263