3 0.006607929515418502 0.4984076433121019 0.013215859030837005 0.9968152866242038
2 0.7268722466960352 0.9363057324840764 0.02643171806167401 0.03821656050955414
2 0.7158590308370044 0.6480891719745223 0.022026431718061675 0.03503184713375796
2 0.7004405286343612 0.5445859872611465 0.02643171806167401 0.03821656050955414
2 0.6563876651982379 0.5191082802547771 0.02643171806167401 0.03821656050955414
2 0.8204845814977973 0.28503184713375795 0.028634361233480177 0.041401273885350316
5 0.6497797356828194 0.6369426751592356 0.022026431718061675 0.03184713375796178
5 0.7687224669603524 0.17834394904458598 0.022026431718061675 0.03184713375796178
0 0.7092511013215859 0.11146496815286625 0.022026431718061675 0.03821656050955414
0 0.3237885462555066 0.9267515923566879 0.022026431718061675 0.03821656050955414
1 0.45704845814977973 0.7085987261146497 0.024229074889867842 0.03503184713375796
1 0.5550660792951542 0.5828025477707006 0.02643171806167401 0.03821656050955414
1 0.6354625550660793 0.5334394904458599 0.024229074889867842 0.028662420382165606
1 0.7213656387665198 0.9792993630573248 0.024229074889867842 0.03503184713375796
1 0.9085903083700441 0.02388535031847134 0.028634361233480177 0.041401273885350316
4 0.7709251101321586 0.40923566878980894 0.013215859030837005 0.01592356687898089
3 0.9537444933920705 0.5222929936305732 0.0881057268722467 0.9490445859872612