3 0.052752293577981654 0.98 0.10091743119266056 0.03333333333333333
2 0.2855504587155963 0.01 0.02981651376146789 0.013333333333333334
2 0.2981651376146789 0.29833333333333334 0.022935779816513763 0.03666666666666667
2 0.31422018348623854 0.4066666666666667 0.027522935779816515 0.04
2 0.36009174311926606 0.43333333333333335 0.027522935779816515 0.04
2 0.18922018348623854 0.6783333333333333 0.02981651376146789 0.043333333333333335
5 0.3669724770642202 0.31 0.022935779816513763 0.03333333333333333
5 0.24311926605504589 0.79 0.022935779816513763 0.03333333333333333
0 0.30504587155963303 0.86 0.022935779816513763 0.04
0 0.7052752293577982 0.015 0.02522935779816514 0.023333333333333334
1 0.5676605504587156 0.235 0.02522935779816514 0.03666666666666667
1 0.46559633027522934 0.36666666666666664 0.027522935779816515 0.04
1 0.38188073394495414 0.41833333333333333 0.02522935779816514 0.03
1 0.09747706422018348 0.9516666666666667 0.02981651376146789 0.043333333333333335
4 0.2408256880733945 0.5483333333333333 0.013761467889908258 0.016666666666666666
3 0.04931192660550459 0.465 0.09403669724770643 0.9233333333333333