3 0.02021276595744681 0.4984567901234568 0.04042553191489362 0.9969135802469136
3 0.9468085106382979 0.4984567901234568 0.10212765957446808 0.9969135802469136
2 0.723404255319149 0.5941358024691358 0.02553191489361702 0.033950617283950615
2 0.597872340425532 0.5864197530864198 0.02553191489361702 0.037037037037037035
2 0.5680851063829787 0.5771604938271605 0.02553191489361702 0.037037037037037035
2 0.4223404255319149 0.4058641975308642 0.023404255319148935 0.040123456790123455
2 0.6670212765957447 0.3256172839506173 0.023404255319148935 0.033950617283950615
5 0.3946808510638298 0.5524691358024691 0.023404255319148935 0.030864197530864196
5 0.8468085106382979 0.7021604938271605 0.02553191489361702 0.033950617283950615
0 0.40106382978723404 0.6527777777777778 0.023404255319148935 0.033950617283950615
0 0.6957446808510638 0.8395061728395061 0.02127659574468085 0.037037037037037035
1 0.35 0.6666666666666666 0.023404255319148935 0.037037037037037035
1 0.5925531914893617 0.7407407407407407 0.023404255319148935 0.037037037037037035
1 0.6531914893617021 0.7422839506172839 0.02127659574468085 0.033950617283950615
1 0.6234042553191489 0.5848765432098766 0.02127659574468085 0.033950617283950615
1 0.6617021276595745 0.5262345679012346 0.02127659574468085 0.033950617283950615
4 0.48617021276595745 0.5108024691358025 0.006382978723404255 0.015432098765432098