3 0.05752212389380531 0.5 0.11061946902654868 0.9935897435897436
2 0.48783185840707965 0.01282051282051282 0.028761061946902654 0.019230769230769232
2 0.33849557522123896 0.0625 0.02654867256637168 0.041666666666666664
2 0.3030973451327434 0.09615384615384616 0.02654867256637168 0.038461538461538464
2 0.3141592920353982 0.14423076923076922 0.02654867256637168 0.038461538461538464
2 0.4756637168141593 0.3717948717948718 0.022123893805309734 0.03205128205128205
5 0.3407079646017699 0.23397435897435898 0.022123893805309734 0.03205128205128205
5 0.33738938053097345 0.375 0.024336283185840708 0.03205128205128205
0 0.3396017699115044 0.4391025641025641 0.024336283185840708 0.03205128205128205
0 0.3860619469026549 0.12980769230769232 0.024336283185840708 0.035256410256410256
1 0.40154867256637167 0.09935897435897435 0.024336283185840708 0.03205128205128205
1 0.588495575221239 0.26282051282051283 0.022123893805309734 0.038461538461538464
1 0.11836283185840708 0.15544871794871795 0.024336283185840708 0.035256410256410256
1 0.35508849557522126 0.34775641025641024 0.024336283185840708 0.035256410256410256
1 0.37168141592920356 0.38782051282051283 0.02654867256637168 0.038461538461538464
4 0.3893805309734513 0.3926282051282051 0.008849557522123894 0.016025641025641024