3 0.9517937219730942 0.5 0.09641255605381166 0.9935064935064936
2 0.5616591928251121 0.056818181818181816 0.02466367713004484 0.03571428571428571
2 0.7085201793721974 0.056818181818181816 0.026905829596412557 0.03571428571428571
2 0.6973094170403588 0.10876623376623376 0.026905829596412557 0.03571428571428571
2 0.5325112107623319 0.25811688311688313 0.02466367713004484 0.03571428571428571
2 0.5336322869955157 0.33766233766233766 0.02242152466367713 0.032467532467532464
5 0.7096412556053812 0.25487012987012986 0.02466367713004484 0.03571428571428571
5 0.7006726457399103 0.2905844155844156 0.02466367713004484 0.03571428571428571
0 0.6446188340807175 0.2840909090909091 0.02466367713004484 0.03571428571428571
0 0.624439461883408 0.09415584415584416 0.02466367713004484 0.032467532467532464
1 0.6087443946188341 0.06168831168831169 0.02466367713004484 0.032467532467532464
1 0.702914798206278 0.18019480519480519 0.02466367713004484 0.03571428571428571
1 0.8946188340807175 0.11525974025974026 0.026905829596412557 0.03571428571428571
1 0.5807174887892377 0.28084415584415584 0.026905829596412557 0.03571428571428571
1 0.4170403587443946 0.22564935064935066 0.026905829596412557 0.03571428571428571
4 0.5504484304932735 0.3522727272727273 0.011210762331838564 0.016233766233766232