3 0.0641304347826087 0.5 0.12391304347826088 0.9936708860759493
2 0.45543478260869563 0.09335443037974683 0.02391304347826087 0.03481012658227848
2 0.3130434782608696 0.09335443037974683 0.02608695652173913 0.03481012658227848
2 0.3239130434782609 0.1439873417721519 0.02608695652173913 0.03481012658227848
2 0.483695652173913 0.28955696202531644 0.02391304347826087 0.03481012658227848
2 0.4826086956521739 0.3670886075949367 0.021739130434782608 0.03164556962025317
5 0.3119565217391304 0.28639240506329117 0.02391304347826087 0.03481012658227848
5 0.32065217391304346 0.3212025316455696 0.02391304347826087 0.03481012658227848
0 0.375 0.314873417721519 0.02391304347826087 0.03481012658227848
0 0.39456521739130435 0.12974683544303797 0.02391304347826087 0.03164556962025317
1 0.4097826086956522 0.0981012658227848 0.02391304347826087 0.03164556962025317
1 0.3184782608695652 0.21360759493670886 0.02391304347826087 0.03481012658227848
1 0.13260869565217392 0.15031645569620253 0.02608695652173913 0.03481012658227848
1 0.4369565217391304 0.31170886075949367 0.02608695652173913 0.03481012658227848
1 0.5956521739130435 0.2579113924050633 0.02608695652173913 0.03481012658227848
4 0.46630434782608693 0.3813291139240506 0.010869565217391304 0.015822784810126583