3 0.9793388429752066 0.5 0.0371900826446281 1
3 0.060950413223140494 0.49850299401197606 0.11776859504132231 0.9970059880239521
2 0.43491735537190085 0.8937125748502994 0.022727272727272728 0.03293413173652695
2 0.29958677685950413 0.8937125748502994 0.024793388429752067 0.03293413173652695
2 0.30991735537190085 0.8458083832335329 0.024793388429752067 0.03293413173652695
2 0.4617768595041322 0.7080838323353293 0.022727272727272728 0.03293413173652695
2 0.4607438016528926 0.6347305389221557 0.02066115702479339 0.029940119760479042
5 0.29855371900826444 0.7110778443113772 0.022727272727272728 0.03293413173652695
5 0.3068181818181818 0.6781437125748503 0.022727272727272728 0.03293413173652695
0 0.3584710743801653 0.6841317365269461 0.022727272727272728 0.03293413173652695
0 0.37706611570247933 0.8592814371257484 0.022727272727272728 0.029940119760479042
1 0.3915289256198347 0.8892215568862275 0.022727272727272728 0.029940119760479042
1 0.3047520661157025 0.7799401197604791 0.022727272727272728 0.03293413173652695
1 0.128099173553719 0.8398203592814372 0.024793388429752067 0.03293413173652695
1 0.41735537190082644 0.687125748502994 0.024793388429752067 0.03293413173652695
1 0.5681818181818182 0.7380239520958084 0.024793388429752067 0.03293413173652695
4 0.4452479338842975 0.6212574850299402 0.010330578512396695 0.014970059880239521