3 0.009574468085106383 0.5 0.019148936170212766 0.9938271604938271
3 0.9361702127659575 0.5 0.1276595744680851 0.9938271604938271
2 0.39787234042553193 0.5941358024691358 0.02553191489361702 0.040123456790123455
2 0.6436170212765957 0.6743827160493827 0.023404255319148935 0.033950617283950615
2 0.5446808510638298 0.4212962962962963 0.029787234042553193 0.046296296296296294
2 0.575531914893617 0.41358024691358025 0.027659574468085105 0.043209876543209874
2 0.701063829787234 0.404320987654321 0.027659574468085105 0.037037037037037035
5 0.3723404255319149 0.44907407407407407 0.02553191489361702 0.033950617283950615
5 0.823404255319149 0.2962962962962963 0.02553191489361702 0.037037037037037035
0 0.37659574468085105 0.3472222222222222 0.02127659574468085 0.033950617283950615
0 0.6723404255319149 0.15895061728395063 0.02127659574468085 0.033950617283950615
1 0.6297872340425532 0.25925925925925924 0.02127659574468085 0.037037037037037035
1 0.5702127659574469 0.25771604938271603 0.02553191489361702 0.040123456790123455
1 0.6021276595744681 0.41512345679012347 0.02127659574468085 0.033950617283950615
1 0.6382978723404256 0.47530864197530864 0.02127659574468085 0.037037037037037035
1 0.32659574468085106 0.3333333333333333 0.027659574468085105 0.037037037037037035
4 0.4627659574468085 0.49074074074074076 0.010638297872340425 0.012345679012345678