3 0.02151639344262295 0.5 0.0430327868852459 1
3 0.9334016393442623 0.5 0.1290983606557377 1
2 0.41188524590163933 0.40029761904761907 0.02459016393442623 0.03869047619047619
2 0.6485655737704918 0.3229166666666667 0.022540983606557378 0.03273809523809524
2 0.5532786885245902 0.5669642857142857 0.028688524590163935 0.044642857142857144
2 0.5829918032786885 0.5744047619047619 0.02663934426229508 0.041666666666666664
2 0.7038934426229508 0.5833333333333334 0.02663934426229508 0.03571428571428571
5 0.38729508196721313 0.5401785714285714 0.02459016393442623 0.03273809523809524
5 0.8217213114754098 0.6875 0.02459016393442623 0.03571428571428571
0 0.39139344262295084 0.6383928571428571 0.020491803278688523 0.03273809523809524
0 0.6762295081967213 0.8199404761904762 0.020491803278688523 0.03273809523809524
1 0.6352459016393442 0.7232142857142857 0.020491803278688523 0.03571428571428571
1 0.5778688524590164 0.7247023809523809 0.02459016393442623 0.03869047619047619
1 0.6086065573770492 0.5729166666666666 0.020491803278688523 0.03273809523809524
1 0.6434426229508197 0.5148809523809523 0.020491803278688523 0.03571428571428571
1 0.3432377049180328 0.6517857142857143 0.02663934426229508 0.03571428571428571
4 0.47438524590163933 0.5 0.010245901639344262 0.011904761904761904