3 0.9774590163934426 0.5 0.040983606557377046 1
3 0.06659836065573771 0.49851632047477745 0.1290983606557377 0.9970326409495549
2 0.5881147540983607 0.3991097922848665 0.02459016393442623 0.03857566765578635
2 0.3514344262295082 0.3219584569732938 0.022540983606557378 0.032640949554896145
2 0.44672131147540983 0.5652818991097923 0.028688524590163935 0.04451038575667656
2 0.41700819672131145 0.5727002967359051 0.02663934426229508 0.04154302670623145
2 0.29610655737704916 0.5816023738872403 0.02663934426229508 0.03560830860534125
5 0.6127049180327869 0.5385756676557863 0.02459016393442623 0.032640949554896145
5 0.17827868852459017 0.685459940652819 0.02459016393442623 0.03560830860534125
0 0.6086065573770492 0.6364985163204748 0.020491803278688523 0.032640949554896145
0 0.3237704918032787 0.8175074183976261 0.020491803278688523 0.032640949554896145
1 0.36475409836065575 0.7210682492581603 0.020491803278688523 0.03560830860534125
1 0.42213114754098363 0.7225519287833828 0.02459016393442623 0.03857566765578635
1 0.39139344262295084 0.5712166172106825 0.020491803278688523 0.032640949554896145
1 0.35655737704918034 0.5133531157270029 0.020491803278688523 0.03560830860534125
1 0.6567622950819673 0.6498516320474778 0.02663934426229508 0.03560830860534125
4 0.5256147540983607 0.49851632047477745 0.010245901639344262 0.011869436201780416