3 0.9833333333333333 0.5 0.029166666666666667 1
3 0.06666666666666667 0.4984848484848485 0.12916666666666668 0.996969696969697
2 0.6583333333333333 0.4818181818181818 0.025 0.03636363636363636
2 0.696875 0.4484848484848485 0.022916666666666665 0.03636363636363636
2 0.5010416666666667 0.3924242424242424 0.022916666666666665 0.03333333333333333
2 0.6583333333333333 0.3015151515151515 0.025 0.03939393939393939
2 0.22604166666666667 0.2787878787878788 0.022916666666666665 0.03636363636363636
5 0.48854166666666665 0.4484848484848485 0.022916666666666665 0.030303030303030304
5 0.49583333333333335 0.9106060606060606 0.020833333333333332 0.03333333333333333
0 0.46458333333333335 0.47878787878787876 0.020833333333333332 0.03636363636363636
0 0.5354166666666667 0.3303030303030303 0.020833333333333332 0.03636363636363636
1 0.446875 0.4409090909090909 0.022916666666666665 0.03333333333333333
1 0.5166666666666667 0.4803030303030303 0.020833333333333332 0.03333333333333333
1 0.71875 0.4621212121212121 0.025 0.03333333333333333
1 0.7 0.34545454545454546 0.025 0.03636363636363636
1 0.575 0.9651515151515152 0.025 0.03333333333333333
4 0.4791666666666667 0.4863636363636364 0.008333333333333333 0.015151515151515152