3 0.9811715481171548 0.5 0.03347280334728033 0.9939393939393939
3 0.0596234309623431 0.8727272727272727 0.11506276150627615 0.24848484848484848
2 0.26569037656903766 0.3181818181818182 0.02510460251046025 0.030303030303030304
2 0.2928870292887029 0.5106060606060606 0.02510460251046025 0.03333333333333333
2 0.2186192468619247 0.5969696969696969 0.027196652719665274 0.03636363636363636
2 0.1087866108786611 0.7393939393939394 0.02510460251046025 0.03636363636363636
2 0.41631799163179917 0.47424242424242424 0.02510460251046025 0.03333333333333333
5 0.19142259414225943 0.30757575757575756 0.02301255230125523 0.03333333333333333
5 0.100418410041841 0.3515151515151515 0.02510460251046025 0.030303030303030304
0 0.20711297071129708 0.25 0.02510460251046025 0.03333333333333333
0 0.3284518828451883 0.34545454545454546 0.02092050209205021 0.030303030303030304
1 0.35669456066945604 0.2727272727272727 0.02301255230125523 0.03636363636363636
1 0.3169456066945607 0.2833333333333333 0.02301255230125523 0.03333333333333333
1 0.33263598326359833 0.30757575757575756 0.02510460251046025 0.03333333333333333
1 0.38389121338912136 0.43787878787878787 0.02301255230125523 0.03333333333333333
1 0.2583682008368201 0.5787878787878787 0.02301255230125523 0.030303030303030304
4 0.3410041841004184 0.27424242424242423 0.008368200836820083 0.015151515151515152
3 0.05439330543933055 0.5393939393939394 0.10460251046025104 0.36363636363636365
3 0.05543933054393305 0.16818181818181818 0.10669456066945607 0.3303030303030303