3 0.056919642857142856 0.8709677419354839 0.109375 0.25161290322580643
2 0.2700892857142857 0.2870967741935484 0.026785714285714284 0.03225806451612903
2 0.29910714285714285 0.49193548387096775 0.026785714285714284 0.035483870967741936
2 0.21986607142857142 0.5838709677419355 0.029017857142857144 0.03870967741935484
2 0.10267857142857142 0.7354838709677419 0.026785714285714284 0.03870967741935484
2 0.43080357142857145 0.4532258064516129 0.026785714285714284 0.035483870967741936
5 0.19084821428571427 0.27580645161290324 0.024553571428571428 0.035483870967741936
5 0.09375 0.3225806451612903 0.026785714285714284 0.03225806451612903
0 0.20758928571428573 0.21451612903225806 0.026785714285714284 0.035483870967741936
0 0.33705357142857145 0.3161290322580645 0.022321428571428572 0.03225806451612903
1 0.3671875 0.23870967741935484 0.024553571428571428 0.03870967741935484
1 0.3247767857142857 0.25 0.024553571428571428 0.035483870967741936
1 0.34151785714285715 0.27580645161290324 0.026785714285714284 0.035483870967741936
1 0.39620535714285715 0.41451612903225804 0.024553571428571428 0.035483870967741936
1 0.2622767857142857 0.5645161290322581 0.024553571428571428 0.03225806451612903
4 0.35044642857142855 0.2403225806451613 0.008928571428571428 0.016129032258064516
3 0.05133928571428571 0.5225806451612903 0.09821428571428571 0.3870967741935484
3 0.052455357142857144 0.1532258064516129 0.10044642857142858 0.3