3 0.9495515695067265 0.49837662337662336 0.09641255605381166 0.9967532467532467
2 0.33408071748878926 0.4512987012987013 0.026905829596412557 0.03896103896103896
2 0.29260089686098656 0.4155844155844156 0.02466367713004484 0.03896103896103896
2 0.5033632286995515 0.3555194805194805 0.02466367713004484 0.03571428571428571
2 0.33408071748878926 0.25811688311688313 0.026905829596412557 0.04220779220779221
2 0.7993273542600897 0.23376623376623376 0.02466367713004484 0.03896103896103896
5 0.5168161434977578 0.4155844155844156 0.02466367713004484 0.032467532467532464
5 0.5089686098654709 0.9107142857142857 0.02242152466367713 0.03571428571428571
0 0.5426008968609866 0.44805194805194803 0.02242152466367713 0.03896103896103896
0 0.4663677130044843 0.288961038961039 0.02242152466367713 0.03896103896103896
1 0.5616591928251121 0.4074675324675325 0.02466367713004484 0.03571428571428571
1 0.48654708520179374 0.4496753246753247 0.02242152466367713 0.03571428571428571
1 0.26905829596412556 0.4301948051948052 0.026905829596412557 0.03571428571428571
1 0.289237668161435 0.3051948051948052 0.026905829596412557 0.03896103896103896
1 0.42376681614349776 0.9691558441558441 0.026905829596412557 0.03571428571428571
4 0.5269058295964125 0.45616883116883117 0.008968609865470852 0.016233766233766232