3 0.9882978723404255 0.5 0.019148936170212766 0.9938271604938271
3 0.059574468085106386 0.8703703703703703 0.1148936170212766 0.25308641975308643
2 0.2680851063829787 0.3055555555555556 0.02553191489361702 0.030864197530864196
2 0.2957446808510638 0.5015432098765432 0.02553191489361702 0.033950617283950615
2 0.22021276595744682 0.5895061728395061 0.027659574468085105 0.037037037037037035
2 0.10851063829787234 0.7345679012345679 0.02553191489361702 0.037037037037037035
2 0.42127659574468085 0.4645061728395062 0.02553191489361702 0.033950617283950615
5 0.1925531914893617 0.29475308641975306 0.023404255319148935 0.033950617283950615
5 0.1 0.3395061728395062 0.02553191489361702 0.030864197530864196
0 0.20851063829787234 0.2361111111111111 0.02553191489361702 0.033950617283950615
0 0.33191489361702126 0.3333333333333333 0.02127659574468085 0.030864197530864196
1 0.3606382978723404 0.25925925925925924 0.023404255319148935 0.037037037037037035
1 0.3202127659574468 0.2700617283950617 0.023404255319148935 0.033950617283950615
1 0.33617021276595743 0.29475308641975306 0.02553191489361702 0.033950617283950615
1 0.3882978723404255 0.42746913580246915 0.023404255319148935 0.033950617283950615
1 0.26063829787234044 0.5709876543209876 0.023404255319148935 0.030864197530864196
4 0.3446808510638298 0.26080246913580246 0.00851063829787234 0.015432098765432098
3 0.05425531914893617 0.5308641975308642 0.10425531914893617 0.37037037037037035
3 0.05531914893617021 0.16203703703703703 0.10638297872340426 0.31790123456790126