3 0.01778242677824268 0.4984848484848485 0.03556485355648536 0.996969696969697
3 0.9414225941422594 0.4984848484848485 0.11297071129707113 0.996969696969697
2 0.5648535564853556 0.8984848484848484 0.02510460251046025 0.03939393939393939
2 0.5951882845188284 0.7636363636363637 0.02301255230125523 0.03636363636363636
2 0.5847280334728033 0.7136363636363636 0.02301255230125523 0.03333333333333333
2 0.5407949790794979 0.6363636363636364 0.01882845188284519 0.030303030303030304
2 0.5387029288702929 0.7121212121212122 0.02301255230125523 0.03636363636363636
5 0.6171548117154811 0.7727272727272727 0.02092050209205021 0.030303030303030304
5 0.6255230125523012 0.6772727272727272 0.02092050209205021 0.03333333333333333
0 0.5972803347280334 0.6515151515151515 0.02301255230125523 0.030303030303030304
0 0.6244769874476988 0.8651515151515151 0.02301255230125523 0.03333333333333333
1 0.6098326359832636 0.8939393939393939 0.02301255230125523 0.030303030303030304
1 0.4309623430962343 0.740909090909091 0.02510460251046025 0.03333333333333333
1 0.6077405857740585 0.7121212121212122 0.02301255230125523 0.030303030303030304
1 0.5815899581589958 0.6787878787878788 0.02510460251046025 0.03636363636363636
1 0.8797071129707112 0.8424242424242424 0.027196652719665274 0.030303030303030304
4 0.5261506276150628 0.6348484848484849 0.010460251046025104 0.015151515151515152