3 0.9834801762114538 0.5 0.028634361233480177 1
3 0.03854625550660793 0.4984076433121019 0.07268722466960352 0.9968152866242038
2 0.4118942731277533 0.9442675159235668 0.02643171806167401 0.041401273885350316
2 0.3799559471365639 0.802547770700637 0.024229074889867842 0.03821656050955414
2 0.3909691629955947 0.75 0.024229074889867842 0.03503184713375796
2 0.43722466960352424 0.6687898089171974 0.019823788546255508 0.03184713375796178
2 0.43942731277533037 0.7484076433121019 0.024229074889867842 0.03821656050955414
5 0.3568281938325991 0.8121019108280255 0.022026431718061675 0.03184713375796178
5 0.34801762114537443 0.7117834394904459 0.022026431718061675 0.03503184713375796
0 0.3777533039647577 0.6847133757961783 0.024229074889867842 0.03184713375796178
0 0.3491189427312775 0.9092356687898089 0.024229074889867842 0.03503184713375796
1 0.3645374449339207 0.9394904458598726 0.024229074889867842 0.03184713375796178
1 0.552863436123348 0.7786624203821656 0.02643171806167401 0.03503184713375796
1 0.3667400881057269 0.7484076433121019 0.024229074889867842 0.03184713375796178
1 0.394273127753304 0.7133757961783439 0.02643171806167401 0.03821656050955414
1 0.08039647577092511 0.8853503184713376 0.028634361233480177 0.03184713375796178
4 0.4526431718061674 0.6671974522292994 0.011013215859030838 0.01592356687898089