3 0.9822175732217573 0.5 0.03138075313807531 0.9939393939393939
3 0.060669456066945605 0.8742424242424243 0.11715481171548117 0.24545454545454545
2 0.1809623430962343 0.2196969696969697 0.027196652719665274 0.03939393939393939
2 0.33577405857740583 0.17272727272727273 0.027196652719665274 0.03636363636363636
2 0.3608786610878661 0.19696969696969696 0.02301255230125523 0.03636363636363636
2 0.39435146443514646 0.3287878787878788 0.02301255230125523 0.03333333333333333
2 0.4006276150627615 0.35909090909090907 0.01882845188284519 0.03333333333333333
5 0.3253138075313807 0.21818181818181817 0.02301255230125523 0.03636363636363636
5 0.3598326359832636 0.33484848484848484 0.02510460251046025 0.03333333333333333
0 0.38598326359832635 0.38636363636363635 0.02301255230125523 0.03333333333333333
0 0.37656903765690375 0.12575757575757576 0.02092050209205021 0.03333333333333333
1 0.12343096234309624 0.15 0.02510460251046025 0.03939393939393939
1 0.39330543933054396 0.09696969696969697 0.02092050209205021 0.030303030303030304
1 0.36506276150627615 0.1606060606060606 0.027196652719665274 0.030303030303030304
1 0.3692468619246862 0.30454545454545456 0.02301255230125523 0.03333333333333333
1 0.3786610878661088 0.353030303030303 0.02092050209205021 0.03333333333333333
4 0.3472803347280335 0.2106060606060606 0.008368200836820083 0.015151515151515152
3 0.056485355648535567 0.2515151515151515 0.1087866108786611 0.49696969696969695