3 0.9778481012658228 0.5 0.04008438818565401 1
3 0.05168776371308017 0.125 0.09915611814345991 0.25
2 0.16561181434599156 0.7850609756097561 0.027426160337552744 0.039634146341463415
2 0.3217299578059072 0.8323170731707317 0.027426160337552744 0.036585365853658534
2 0.3470464135021097 0.8079268292682927 0.023206751054852322 0.036585365853658534
2 0.3808016877637131 0.6753048780487805 0.023206751054852322 0.03353658536585366
2 0.3871308016877637 0.6448170731707317 0.0189873417721519 0.03353658536585366
5 0.3111814345991561 0.7865853658536586 0.023206751054852322 0.036585365853658534
5 0.3459915611814346 0.6692073170731707 0.02531645569620253 0.03353658536585366
0 0.37236286919831224 0.6173780487804879 0.023206751054852322 0.03353658536585366
0 0.3628691983122363 0.8795731707317073 0.02109704641350211 0.03353658536585366
1 0.10759493670886076 0.8551829268292683 0.02531645569620253 0.039634146341463415
1 0.379746835443038 0.9085365853658537 0.02109704641350211 0.03048780487804878
1 0.3512658227848101 0.8445121951219512 0.027426160337552744 0.03048780487804878
1 0.35548523206751054 0.6996951219512195 0.023206751054852322 0.03353658536585366
1 0.3649789029535865 0.6509146341463414 0.02109704641350211 0.03353658536585366
4 0.3333333333333333 0.7942073170731707 0.008438818565400843 0.01524390243902439
3 0.04852320675105485 0.75 0.09282700421940929 0.49390243902439024