3 0.9871794871794872 0.5 0.021367521367521368 0.9937888198757764
3 0.05982905982905983 0.5 0.11538461538461539 0.9937888198757764
2 0.2329059829059829 0.3695652173913043 0.02564102564102564 0.043478260869565216
2 0.3311965811965812 0.33229813664596275 0.02564102564102564 0.037267080745341616
2 0.16666666666666666 0.4984472049689441 0.029914529914529916 0.040372670807453416
2 0.391025641025641 0.6661490683229814 0.02564102564102564 0.040372670807453416
2 0.3472222222222222 0.6956521739130435 0.023504273504273504 0.037267080745341616
5 0.2799145299145299 0.36335403726708076 0.02564102564102564 0.037267080745341616
5 0.1655982905982906 0.31832298136645965 0.027777777777777776 0.040372670807453416
0 0.6153846153846154 0.36645962732919257 0.02564102564102564 0.037267080745341616
0 0.35363247863247865 0.468944099378882 0.023504273504273504 0.037267080745341616
1 0.15064102564102563 0.40993788819875776 0.023504273504273504 0.043478260869565216
1 0.31196581196581197 0.5124223602484472 0.02564102564102564 0.043478260869565216
1 0.3472222222222222 0.5 0.023504273504273504 0.031055900621118012
1 0.6645299145299145 0.3555900621118012 0.02564102564102564 0.040372670807453416
4 0.3685897435897436 0.4953416149068323 0.010683760683760684 0.015527950310559006
1 0.33547008547008544 0.36801242236024845 0.02564102564102564 0.034161490683229816