3 0.0625 0.49841772151898733 0.1206140350877193 0.9968354430379747
2 0.24342105263157895 0.6424050632911392 0.02631578947368421 0.04430379746835443
2 0.3442982456140351 0.680379746835443 0.02631578947368421 0.0379746835443038
2 0.17543859649122806 0.5110759493670886 0.03070175438596491 0.04113924050632911
2 0.4057017543859649 0.3401898734177215 0.02631578947368421 0.04113924050632911
2 0.3607456140350877 0.310126582278481 0.02412280701754386 0.0379746835443038
5 0.2916666666666667 0.6487341772151899 0.02631578947368421 0.0379746835443038
5 0.17434210526315788 0.694620253164557 0.02850877192982456 0.04113924050632911
0 0.6359649122807017 0.6455696202531646 0.02631578947368421 0.0379746835443038
0 0.3673245614035088 0.5411392405063291 0.02412280701754386 0.0379746835443038
1 0.15899122807017543 0.6012658227848101 0.02412280701754386 0.04430379746835443
1 0.32456140350877194 0.49683544303797467 0.02631578947368421 0.04430379746835443
1 0.3607456140350877 0.509493670886076 0.02412280701754386 0.03164556962025317
1 0.6864035087719298 0.6566455696202531 0.02631578947368421 0.04113924050632911
4 0.3826754385964912 0.5142405063291139 0.010964912280701754 0.015822784810126583
1 0.34868421052631576 0.6439873417721519 0.02631578947368421 0.03481012658227848