3 0.9770833333333333 0.5 0.041666666666666664 1
3 0.059375 0.4984848484848485 0.11458333333333333 0.996969696969697
2 0.23125 0.6333333333333333 0.025 0.04242424242424243
2 0.32708333333333334 0.6696969696969697 0.025 0.03636363636363636
2 0.16666666666666666 0.5075757575757576 0.029166666666666667 0.03939393939393939
2 0.3854166666666667 0.34393939393939393 0.025 0.03939393939393939
2 0.34270833333333334 0.3151515151515151 0.022916666666666665 0.03636363636363636
5 0.27708333333333335 0.6393939393939394 0.025 0.03636363636363636
5 0.165625 0.6833333333333333 0.027083333333333334 0.03939393939393939
0 0.6041666666666666 0.6363636363636364 0.025 0.03636363636363636
0 0.3489583333333333 0.5363636363636364 0.022916666666666665 0.03636363636363636
1 0.15104166666666666 0.593939393939394 0.022916666666666665 0.04242424242424243
1 0.30833333333333335 0.49393939393939396 0.025 0.04242424242424243
1 0.34270833333333334 0.5060606060606061 0.022916666666666665 0.030303030303030304
1 0.6520833333333333 0.646969696969697 0.025 0.03939393939393939
4 0.36354166666666665 0.5106060606060606 0.010416666666666666 0.015151515151515152
1 0.33125 0.6348484848484849 0.025 0.03333333333333333