3 0.020042194092827006 0.49847560975609756 0.04008438818565401 0.9969512195121951
3 0.9430379746835443 0.49847560975609756 0.10970464135021098 0.9969512195121951
2 0.6772151898734177 0.6661585365853658 0.02531645569620253 0.03353658536585366
2 0.7742616033755274 0.6310975609756098 0.02531645569620253 0.036585365853658534
2 0.6170886075949367 0.34146341463414637 0.023206751054852322 0.036585365853658534
2 0.6613924050632911 0.3094512195121951 0.023206751054852322 0.03353658536585366
2 0.8386075949367089 0.5060975609756098 0.027426160337552744 0.036585365853658534
5 0.7267932489451476 0.635670731707317 0.023206751054852322 0.03353658536585366
5 0.8354430379746836 0.6280487804878049 0.029535864978902954 0.03048780487804878
0 0.6550632911392406 0.5350609756097561 0.023206751054852322 0.03353658536585366
0 0.39662447257383965 0.6326219512195121 0.02109704641350211 0.03353658536585366
1 0.3470464135021097 0.6463414634146342 0.023206751054852322 0.036585365853658534
1 0.6603375527426161 0.5015243902439024 0.02109704641350211 0.03353658536585366
1 0.6962025316455697 0.4923780487804878 0.02531645569620253 0.039634146341463415
1 0.8565400843881856 0.5914634146341463 0.02531645569620253 0.042682926829268296
1 0.6729957805907173 0.6280487804878049 0.02531645569620253 0.036585365853658534
4 0.640295358649789 0.5091463414634146 0.010548523206751054 0.012195121951219513