3 0.00684931506849315 0.5 0.0136986301369863 0.9933774834437086
3 0.9703196347031964 0.9403973509933775 0.0593607305936073 0.11258278145695365
2 0.7625570776255708 0.18211920529801323 0.0273972602739726 0.039735099337748346
2 0.7214611872146118 0.23178807947019867 0.0228310502283105 0.033112582781456956
2 0.8002283105022832 0.26158940397350994 0.02511415525114155 0.039735099337748346
2 0.8698630136986302 0.2367549668874172 0.0273972602739726 0.03642384105960265
2 0.776255707762557 0.31456953642384106 0.0273972602739726 0.039735099337748346
5 0.797945205479452 0.2980132450331126 0.02511415525114155 0.033112582781456956
5 0.7317351598173516 0.2632450331125828 0.02511415525114155 0.03642384105960265
0 0.7808219178082192 0.23841059602649006 0.0228310502283105 0.033112582781456956
0 0.8105022831050228 0.46357615894039733 0.0228310502283105 0.033112582781456956
1 0.7888127853881278 0.36258278145695366 0.02511415525114155 0.03642384105960265
1 0.839041095890411 0.347682119205298 0.02511415525114155 0.033112582781456956
1 0.9337899543378996 0.16225165562913907 0.0228310502283105 0.039735099337748346
1 0.7351598173515982 0.15066225165562913 0.0228310502283105 0.03642384105960265
1 0.7579908675799086 0.25165562913907286 0.0228310502283105 0.039735099337748346
4 0.7682648401826484 0.34105960264900664 0.01141552511415525 0.013245033112582781
3 0.973744292237443 0.32450331125827814 0.04794520547945205 0.6423841059602649