3 0.9880434782608696 0.5 0.01956521739130435 0.9936708860759493
3 0.04891304347826087 0.9208860759493671 0.09347826086956522 0.1518987341772152
2 0.26304347826086955 0.17405063291139242 0.02608695652173913 0.0379746835443038
2 0.30217391304347824 0.22151898734177214 0.021739130434782608 0.03164556962025317
2 0.22717391304347825 0.25 0.02391304347826087 0.0379746835443038
2 0.1608695652173913 0.22626582278481014 0.02608695652173913 0.03481012658227848
2 0.25 0.30063291139240506 0.02608695652173913 0.0379746835443038
5 0.22934782608695653 0.2848101265822785 0.02391304347826087 0.03164556962025317
5 0.29239130434782606 0.25158227848101267 0.02391304347826087 0.03481012658227848
0 0.24565217391304348 0.22784810126582278 0.021739130434782608 0.03164556962025317
0 0.21739130434782608 0.4430379746835443 0.021739130434782608 0.03164556962025317
1 0.23804347826086958 0.34651898734177217 0.02391304347826087 0.03481012658227848
1 0.19021739130434784 0.3322784810126582 0.02391304347826087 0.03164556962025317
1 0.1 0.1550632911392405 0.021739130434782608 0.0379746835443038
1 0.2891304347826087 0.1439873417721519 0.021739130434782608 0.03481012658227848
1 0.2673913043478261 0.24050632911392406 0.021739130434782608 0.0379746835443038
4 0.2576086956521739 0.3259493670886076 0.010869565217391304 0.012658227848101266
3 0.043478260869565216 0.310126582278481 0.08260869565217391 0.6139240506329114