3 0.9337899543378996 0.9006622516556292 0.1324200913242009 0.19205298013245034
2 0.6894977168949772 0.10264900662251655 0.0273972602739726 0.039735099337748346
2 0.6484018264840182 0.152317880794702 0.0228310502283105 0.033112582781456956
2 0.7271689497716894 0.18211920529801323 0.02511415525114155 0.039735099337748346
2 0.7968036529680366 0.15728476821192053 0.0273972602739726 0.03642384105960265
2 0.7031963470319634 0.23509933774834438 0.0273972602739726 0.039735099337748346
5 0.7248858447488584 0.2185430463576159 0.02511415525114155 0.033112582781456956
5 0.658675799086758 0.1837748344370861 0.02511415525114155 0.03642384105960265
0 0.7077625570776256 0.15894039735099338 0.0228310502283105 0.033112582781456956
0 0.7374429223744292 0.3841059602649007 0.0228310502283105 0.033112582781456956
1 0.7157534246575342 0.28311258278145696 0.02511415525114155 0.03642384105960265
1 0.7659817351598174 0.2682119205298013 0.02511415525114155 0.033112582781456956
1 0.860730593607306 0.08278145695364239 0.0228310502283105 0.039735099337748346
1 0.6621004566210046 0.07119205298013245 0.0228310502283105 0.03642384105960265
1 0.684931506849315 0.17218543046357615 0.0228310502283105 0.039735099337748346
4 0.6952054794520548 0.26158940397350994 0.01141552511415525 0.013245033112582781
3 0.9372146118721462 0.2847682119205298 0.12100456621004566 0.5629139072847682