3 0.9782608695652174 0.5 0.0391304347826087 1
3 0.0391304347826087 0.04746835443037975 0.07391304347826087 0.0949367088607595
2 0.24565217391304348 0.810126582278481 0.02608695652173913 0.0379746835443038
2 0.1423913043478261 0.7563291139240507 0.02826086956521739 0.0379746835443038
2 0.2847826086956522 0.7610759493670886 0.021739130434782608 0.03481012658227848
2 0.2108695652173913 0.7325949367088608 0.02608695652173913 0.03481012658227848
2 0.2326086956521739 0.6867088607594937 0.02608695652173913 0.0379746835443038
5 0.2108695652173913 0.6993670886075949 0.021739130434782608 0.03164556962025317
5 0.275 0.7325949367088608 0.02391304347826087 0.03481012658227848
0 0.22826086956521738 0.7563291139240507 0.021739130434782608 0.03164556962025317
0 0.2 0.5395569620253164 0.021739130434782608 0.03481012658227848
1 0.22065217391304348 0.6408227848101266 0.02391304347826087 0.03481012658227848
1 0.17282608695652174 0.6518987341772152 0.02391304347826087 0.03164556962025317
1 0.08369565217391305 0.8338607594936709 0.02391304347826087 0.03481012658227848
1 0.2717391304347826 0.8417721518987342 0.021739130434782608 0.03164556962025317
1 0.25 0.745253164556962 0.021739130434782608 0.03481012658227848
4 0.24021739130434783 0.6566455696202531 0.010869565217391304 0.015822784810126583
3 0.034782608695652174 0.7341772151898734 0.06521739130434782 0.5253164556962026