3 0.9489130434782609 0.5 0.10217391304347827 0.9936708860759493
3 0.007608695652173913 0.5 0.015217391304347827 0.9936708860759493
4 0.5847826086956521 0.37183544303797467 0.008695652173913044 0.015822784810126583
1 0.6326086956521739 0.43354430379746833 0.021739130434782608 0.03164556962025317
1 0.7065217391304348 0.19936708860759494 0.021739130434782608 0.03164556962025317
1 0.46630434782608693 0.25949367088607594 0.02391304347826087 0.0379746835443038
1 0.8891304347826087 0.15981012658227847 0.02608695652173913 0.03481012658227848
1 0.6282608695652174 0.011075949367088608 0.021739130434782608 0.015822784810126583
0 0.7010869565217391 0.23259493670886075 0.01956521739130435 0.028481012658227847
0 0.5945652173913043 0.41139240506329117 0.01956521739130435 0.03164556962025317
5 0.5989130434782609 0.37816455696202533 0.02391304347826087 0.028481012658227847
5 0.6304347826086957 0.2721518987341772 0.021739130434782608 0.03164556962025317
2 0.5967391304347827 0.34335443037974683 0.02391304347826087 0.03481012658227848
2 0.8304347826086956 0.23417721518987342 0.02608695652173913 0.0379746835443038
2 0.6815217391304348 0.22151898734177214 0.01956521739130435 0.03164556962025317
2 0.758695652173913 0.022151898734177215 0.017391304347826087 0.03164556962025317
2 0.6554347826086957 0.27056962025316456 0.02391304347826087 0.03481012658227848