3 0.026785714285714284 0.49838709677419357 0.049107142857142856 0.9967741935483871
3 0.9787946428571429 0.5 0.03794642857142857 1
4 0.37276785714285715 0.6048387096774194 0.008928571428571428 0.016129032258064516
1 0.3236607142857143 0.5419354838709678 0.022321428571428572 0.03225806451612903
1 0.24776785714285715 0.7806451612903226 0.022321428571428572 0.03225806451612903
1 0.49441964285714285 0.7193548387096774 0.024553571428571428 0.03870967741935484
1 0.060267857142857144 0.8209677419354838 0.026785714285714284 0.035483870967741936
1 0.32924107142857145 0.9806451612903225 0.020089285714285716 0.03225806451612903
0 0.2533482142857143 0.7467741935483871 0.020089285714285716 0.02903225806451613
0 0.3627232142857143 0.5645161290322581 0.020089285714285716 0.03225806451612903
5 0.35825892857142855 0.5983870967741935 0.024553571428571428 0.02903225806451613
5 0.32589285714285715 0.7064516129032258 0.022321428571428572 0.03225806451612903
2 0.36049107142857145 0.6338709677419355 0.024553571428571428 0.035483870967741936
2 0.12053571428571429 0.7451612903225806 0.026785714285714284 0.03870967741935484
2 0.2734375 0.7580645161290323 0.020089285714285716 0.03225806451612903
2 0.19419642857142858 0.9612903225806452 0.017857142857142856 0.03225806451612903
2 0.3002232142857143 0.7080645161290322 0.024553571428571428 0.035483870967741936