3 0.990301724137931 0.5 0.015086206896551725 1
3 0.05818965517241379 0.4984375 0.11206896551724138 0.996875
2 0.33189655172413796 0.659375 0.02586206896551724 0.0375
2 0.25646551724137934 0.6390625 0.02586206896551724 0.040625
2 0.36530172413793105 0.5546875 0.028017241379310345 0.034375
2 0.3922413793103448 0.3265625 0.02586206896551724 0.040625
2 0.3480603448275862 0.2953125 0.023706896551724137 0.034375
5 0.2801724137931034 0.6296875 0.02586206896551724 0.040625
5 0.22198275862068967 0.6015625 0.02586206896551724 0.034375
0 0.3760775862068966 0.525 0.01939655172413793 0.03125
0 0.6185344827586207 0.6265625 0.02586206896551724 0.034375
1 0.3480603448275862 0.3640625 0.023706896551724137 0.034375
1 0.3480603448275862 0.49375 0.023706896551724137 0.03125
1 0.33620689655172414 0.621875 0.02586206896551724 0.0375
1 0.44612068965517243 0.6265625 0.021551724137931036 0.034375
1 0.6691810344827587 0.640625 0.023706896551724137 0.0375
4 0.36961206896551724 0.4984375 0.010775862068965518 0.015625