3 0.9893617021276596 0.5 0.01702127659574468 0.9938271604938271
3 0.059574468085106386 0.9135802469135802 0.1148936170212766 0.16666666666666666
2 0.24468085106382978 0.018518518518518517 0.029787234042553193 0.030864197530864196
2 0.324468085106383 0.2006172839506173 0.023404255319148935 0.037037037037037035
2 0.30851063829787234 0.24382716049382716 0.02553191489361702 0.037037037037037035
2 0.17872340425531916 0.22530864197530864 0.029787234042553193 0.043209876543209874
2 0.20212765957446807 0.4367283950617284 0.02553191489361702 0.040123456790123455
5 0.2670212765957447 0.4012345679012346 0.023404255319148935 0.030864197530864196
0 0.4521276595744681 0.006172839506172839 0.023404255319148935 0.006172839506172839
0 0.28936170212765955 0.2191358024691358 0.02127659574468085 0.030864197530864196
1 0.15638297872340426 0.4089506172839506 0.027659574468085105 0.033950617283950615
5 0.1723404255319149 0.375 0.02553191489361702 0.033950617283950615
1 0.3851063829787234 0.021604938271604937 0.02127659574468085 0.030864197530864196
1 0.12234042553191489 0.14814814814814814 0.023404255319148935 0.030864197530864196
1 0.5372340425531915 0.24691358024691357 0.023404255319148935 0.037037037037037035
1 0.30106382978723406 0.18981481481481483 0.023404255319148935 0.033950617283950615
4 0.3819148936170213 0.044753086419753084 0.010638297872340425 0.015432098765432098
3 0.05531914893617021 0.30709876543209874 0.10638297872340426 0.6080246913580247