3 0.9803719008264463 0.5 0.03512396694214876 1
3 0.06198347107438017 0.08682634730538923 0.11983471074380166 0.17365269461077845
2 0.24896694214876033 0.9655688622754491 0.026859504132231406 0.038922155688622756
2 0.32541322314049587 0.7844311377245509 0.022727272727272728 0.03592814371257485
2 0.30991735537190085 0.7425149700598802 0.024793388429752067 0.03592814371257485
2 0.18388429752066116 0.7604790419161677 0.028925619834710745 0.041916167664670656
2 0.2066115702479339 0.5553892215568862 0.024793388429752067 0.038922155688622756
5 0.26962809917355374 0.5898203592814372 0.022727272727272728 0.029940119760479042
0 0.4493801652892562 0.9835329341317365 0.022727272727272728 0.02694610778443114
0 0.29132231404958675 0.7664670658682635 0.02066115702479339 0.029940119760479042
1 0.1621900826446281 0.5823353293413174 0.026859504132231406 0.03293413173652695
5 0.17768595041322313 0.6152694610778443 0.024793388429752067 0.03293413173652695
1 0.384297520661157 0.9580838323353293 0.02066115702479339 0.029940119760479042
1 0.12913223140495866 0.8353293413173652 0.022727272727272728 0.029940119760479042
1 0.5320247933884298 0.7395209580838323 0.022727272727272728 0.03592814371257485
1 0.30268595041322316 0.7949101796407185 0.022727272727272728 0.03293413173652695
4 0.381198347107438 0.9356287425149701 0.010330578512396695 0.014970059880239521
3 0.058884297520661155 0.6916167664670658 0.11363636363636363 0.6107784431137725