3 0.9911894273127754 0.5 0.013215859030837005 0.9936305732484076
3 0.05066079295154185 0.5 0.09691629955947137 0.9936305732484076
2 0.31938325991189426 0.2961783439490446 0.02643171806167401 0.03821656050955414
2 0.4900881057268722 0.6767515923566879 0.024229074889867842 0.041401273885350316
2 0.4041850220264317 0.7898089171974523 0.024229074889867842 0.03821656050955414
2 0.24669603524229075 0.9681528662420382 0.02643171806167401 0.044585987261146494
2 0.51431718061674 0.19585987261146498 0.024229074889867842 0.03503184713375796
5 0.30947136563876654 0.43471337579617836 0.024229074889867842 0.03503184713375796
5 0.30837004405286345 0.8121019108280255 0.022026431718061675 0.03821656050955414
0 0.6674008810572687 0.5748407643312102 0.022026431718061675 0.03503184713375796
0 0.5605726872246696 0.43312101910828027 0.024229074889867842 0.03184713375796178
1 0.6629955947136564 0.3200636942675159 0.02643171806167401 0.03503184713375796
1 0.566079295154185 0.46656050955414013 0.022026431718061675 0.028662420382165606
1 0.43612334801762115 0.3328025477707006 0.022026431718061675 0.03503184713375796
1 0.3248898678414097 0.3359872611464968 0.024229074889867842 0.03503184713375796
1 0.6079295154185022 0.5589171974522293 0.022026431718061675 0.03503184713375796
4 0.5352422907488987 0.5605095541401274 0.00881057268722467 0.012738853503184714