3 0.9839743589743589 0.5 0.027777777777777776 1
3 0.05128205128205128 0.08074534161490683 0.09829059829059829 0.16149068322981366
2 0.23076923076923078 0.9798136645962733 0.029914529914529916 0.034161490683229816
2 0.3108974358974359 0.7950310559006211 0.023504273504273504 0.037267080745341616
2 0.2948717948717949 0.7515527950310559 0.02564102564102564 0.037267080745341616
2 0.16452991452991453 0.7701863354037267 0.029914529914529916 0.043478260869565216
2 0.18803418803418803 0.5574534161490683 0.02564102564102564 0.040372670807453416
5 0.2532051282051282 0.593167701863354 0.023504273504273504 0.031055900621118012
0 0.4391025641025641 0.9922360248447205 0.023504273504273504 0.009316770186335404
0 0.27564102564102566 0.7763975155279503 0.021367521367521368 0.031055900621118012
1 0.1420940170940171 0.5854037267080745 0.027777777777777776 0.034161490683229816
5 0.1581196581196581 0.6195652173913043 0.02564102564102564 0.034161490683229816
1 0.3717948717948718 0.9751552795031055 0.021367521367521368 0.031055900621118012
1 0.10790598290598291 0.8478260869565217 0.023504273504273504 0.031055900621118012
1 0.5245726495726496 0.7484472049689441 0.023504273504273504 0.037267080745341616
1 0.28739316239316237 0.8059006211180124 0.023504273504273504 0.034161490683229816
4 0.3685897435897436 0.9518633540372671 0.010683760683760684 0.015527950310559006
3 0.04807692307692308 0.6894409937888198 0.09188034188034189 0.6149068322981367