3 0.020562770562770564 0.5 0.04112554112554113 0.9937106918238994
3 0.9556277056277056 0.5 0.08874458874458875 0.9937106918238994
2 0.6926406926406926 0.33962264150943394 0.025974025974025976 0.03773584905660377
2 0.5248917748917749 0.7154088050314465 0.023809523809523808 0.040880503144654086
2 0.6093073593073594 0.8270440251572327 0.023809523809523808 0.03773584905660377
2 0.7662337662337663 0.9874213836477987 0.030303030303030304 0.018867924528301886
2 0.5010822510822511 0.24056603773584906 0.023809523809523808 0.03459119496855346
5 0.7023809523809523 0.47641509433962265 0.023809523809523808 0.03459119496855346
5 0.7034632034632035 0.8490566037735849 0.021645021645021644 0.03773584905660377
0 0.35064935064935066 0.6147798742138365 0.021645021645021644 0.03459119496855346
0 0.4556277056277056 0.4748427672955975 0.023809523809523808 0.031446540880503145
1 0.354978354978355 0.3632075471698113 0.025974025974025976 0.03459119496855346
1 0.45021645021645024 0.5078616352201258 0.021645021645021644 0.02830188679245283
1 0.577922077922078 0.3757861635220126 0.021645021645021644 0.03459119496855346
1 0.6872294372294372 0.3789308176100629 0.023809523809523808 0.03459119496855346
1 0.4090909090909091 0.5990566037735849 0.021645021645021644 0.03459119496855346
4 0.4805194805194805 0.60062893081761 0.008658008658008658 0.012578616352201259