3 0.01778242677824268 0.5 0.03556485355648536 0.9939393939393939
3 0.9424686192468619 0.9424242424242424 0.11506276150627615 0.10909090909090909
2 0.6872384937238494 0.23636363636363636 0.02301255230125523 0.03636363636363636
2 0.647489539748954 0.22424242424242424 0.02301255230125523 0.03636363636363636
2 0.6265690376569037 0.24393939393939393 0.02301255230125523 0.03333333333333333
2 0.6673640167364017 0.27575757575757576 0.02510460251046025 0.03636363636363636
2 0.8221757322175732 0.22727272727272727 0.029288702928870293 0.04242424242424243
5 0.7928870292887029 0.25 0.02510460251046025 0.03333333333333333
5 0.6851464435146444 0.35 0.02301255230125523 0.03333333333333333
0 0.7604602510460251 0.3212121212121212 0.02301255230125523 0.030303030303030304
0 0.5523012552301255 0.010606060606060607 0.02092050209205021 0.015151515151515152
1 0.5794979079497908 0.24848484848484848 0.02092050209205021 0.03636363636363636
1 0.7154811715481172 0.13484848484848486 0.02510460251046025 0.03333333333333333
1 0.8786610878661087 0.15151515151515152 0.02510460251046025 0.03636363636363636
1 0.6192468619246861 0.02727272727272727 0.02092050209205021 0.030303030303030304
1 0.4707112970711297 0.24848484848484848 0.02510460251046025 0.03636363636363636
4 0.6317991631799164 0.03787878787878788 0.008368200836820083 0.015151515151515152
3 0.946652719665272 0.23787878787878788 0.10251046025104603 0.4696969696969697