3 0.018085106382978722 0.5 0.036170212765957444 0.9938271604938271
3 0.95 0.9521604938271605 0.1 0.08950617283950617
2 0.698936170212766 0.24382716049382716 0.023404255319148935 0.037037037037037035
2 0.6585106382978724 0.23148148148148148 0.023404255319148935 0.037037037037037035
2 0.6372340425531915 0.2515432098765432 0.023404255319148935 0.033950617283950615
2 0.6787234042553192 0.2839506172839506 0.02553191489361702 0.037037037037037035
2 0.8361702127659575 0.2345679012345679 0.029787234042553193 0.043209876543209874
5 0.8063829787234043 0.25771604938271603 0.02553191489361702 0.033950617283950615
5 0.6968085106382979 0.3595679012345679 0.023404255319148935 0.033950617283950615
0 0.7734042553191489 0.33024691358024694 0.023404255319148935 0.030864197530864196
0 0.5617021276595745 0.012345679012345678 0.02127659574468085 0.018518518518518517
1 0.5893617021276596 0.25617283950617287 0.02127659574468085 0.037037037037037035
1 0.7276595744680852 0.1404320987654321 0.02553191489361702 0.033950617283950615
1 0.8936170212765957 0.1574074074074074 0.02553191489361702 0.037037037037037035
1 0.6297872340425532 0.030864197530864196 0.02127659574468085 0.030864197530864196
1 0.4787234042553192 0.25617283950617287 0.02553191489361702 0.037037037037037035
4 0.6425531914893617 0.041666666666666664 0.00851063829787234 0.015432098765432098
3 0.9542553191489361 0.24382716049382716 0.08723404255319149 0.48148148148148145