3 0.9913419913419913 0.5 0.012987012987012988 0.9937106918238994
3 0.05952380952380952 0.5 0.11471861471861472 0.9937106918238994
2 0.14393939393939395 0.4308176100628931 0.02813852813852814 0.03773584905660377
2 0.33116883116883117 0.3411949685534591 0.025974025974025976 0.03459119496855346
2 0.3246753246753247 0.5078616352201258 0.025974025974025976 0.03459119496855346
2 0.4145021645021645 0.8270440251572327 0.023809523809523808 0.03773584905660377
2 0.2597402597402597 0.9874213836477987 0.030303030303030304 0.018867924528301886
5 0.2813852813852814 0.4779874213836478 0.021645021645021644 0.031446540880503145
5 0.32142857142857145 0.85062893081761 0.023809523809523808 0.03459119496855346
0 0.6742424242424242 0.6147798742138365 0.023809523809523808 0.03459119496855346
0 0.3463203463203463 0.40723270440251574 0.021645021645021644 0.03459119496855346
1 0.4329004329004329 0.4056603773584906 0.025974025974025976 0.03773584905660377
1 0.37337662337662336 0.38522012578616355 0.023809523809523808 0.03459119496855346
1 0.3354978354978355 0.37735849056603776 0.021645021645021644 0.031446540880503145
1 0.43506493506493504 0.6650943396226415 0.021645021645021644 0.03459119496855346
1 0.4772727272727273 0.7059748427672956 0.01948051948051948 0.03459119496855346
4 0.5422077922077922 0.6965408805031447 0.010822510822510822 0.015723270440251572