3 0.01962809917355372 0.5 0.03925619834710744 0.9940119760479041
3 0.9400826446280992 0.9341317365269461 0.11983471074380166 0.12574850299401197
4 0.7541322314049587 0.15568862275449102 0.008264462809917356 0.011976047904191617
1 0.46797520661157027 0.25748502994011974 0.022727272727272728 0.03592814371257485
1 0.7169421487603306 0.15419161676646706 0.02066115702479339 0.02694610778443114
1 0.7334710743801653 0.13023952095808383 0.02066115702479339 0.03293413173652695
1 0.8729338842975206 0.16167664670658682 0.022727272727272728 0.029940119760479042
0 0.7551652892561983 0.32934131736526945 0.022727272727272728 0.029940119760479042
0 0.890495867768595 0.23802395209580837 0.02066115702479339 0.02694610778443114
5 0.5950413223140496 0.27694610778443113 0.02066115702479339 0.03293413173652695
5 0.7861570247933884 0.26047904191616766 0.022727272727272728 0.029940119760479042
2 0.7592975206611571 0.21407185628742514 0.022727272727272728 0.03293413173652695
2 0.7365702479338843 0.20958083832335328 0.01859504132231405 0.029940119760479042
2 0.6229338842975206 0.18712574850299402 0.022727272727272728 0.03293413173652695
2 0.743801652892562 0.1691616766467066 0.024793388429752067 0.03293413173652695
2 0.8161157024793388 0.23353293413173654 0.024793388429752067 0.029940119760479042
3 0.9421487603305785 0.4341317365269461 0.1115702479338843 0.38323353293413176
3 0.9421487603305785 0.11077844311377245 0.1115702479338843 0.2155688622754491
1 0.5754132231404959 0.25748502994011974 0.022727272727272728 0.029940119760479042