3 0.9832589285714286 0.5 0.029017857142857144 1
3 0.036830357142857144 0.49838709677419357 0.06919642857142858 0.9967741935483871
2 0.1015625 0.6225806451612903 0.029017857142857144 0.03870967741935484
2 0.29464285714285715 0.714516129032258 0.026785714285714284 0.035483870967741936
2 0.28794642857142855 0.5435483870967742 0.026785714285714284 0.035483870967741936
2 0.38058035714285715 0.2161290322580645 0.024553571428571428 0.03870967741935484
2 0.22098214285714285 0.035483870967741936 0.026785714285714284 0.04516129032258064
5 0.24330357142857142 0.5741935483870968 0.022321428571428572 0.03225806451612903
5 0.2845982142857143 0.19193548387096773 0.024553571428571428 0.035483870967741936
0 0.6484375 0.4338709677419355 0.024553571428571428 0.035483870967741936
0 0.31026785714285715 0.646774193548387 0.022321428571428572 0.035483870967741936
1 0.39955357142857145 0.6483870967741936 0.026785714285714284 0.03870967741935484
1 0.33816964285714285 0.6693548387096774 0.024553571428571428 0.035483870967741936
1 0.29910714285714285 0.6774193548387096 0.022321428571428572 0.03225806451612903
1 0.4017857142857143 0.38225806451612904 0.022321428571428572 0.035483870967741936
1 0.4453125 0.3403225806451613 0.020089285714285716 0.035483870967741936
4 0.5122767857142857 0.35 0.011160714285714286 0.016129032258064516