3 0.013598326359832637 0.5 0.027196652719665274 0.9939393939393939
3 0.9382845188284519 0.6924242424242424 0.12343096234309624 0.6090909090909091
2 0.801255230125523 0.25606060606060604 0.029288702928870293 0.03939393939393939
2 0.7562761506276151 0.21363636363636362 0.02301255230125523 0.03939393939393939
2 0.7343096234309623 0.20757575757575758 0.02092050209205021 0.03333333333333333
2 0.7405857740585774 0.1696969696969697 0.02092050209205021 0.03636363636363636
2 0.6192468619246861 0.18636363636363637 0.02510460251046025 0.03333333333333333
5 0.5230125523012552 0.39545454545454545 0.02092050209205021 0.03333333333333333
5 0.7751046025104602 0.27575757575757576 0.02301255230125523 0.03636363636363636
0 0.5617154811715481 0.3803030303030303 0.02301255230125523 0.03333333333333333
0 0.7144351464435147 0.11060606060606061 0.02301255230125523 0.03333333333333333
1 0.7133891213389121 0.15151515151515152 0.02092050209205021 0.030303030303030304
1 0.7301255230125523 0.1318181818181818 0.02092050209205021 0.02727272727272727
1 0.8514644351464435 0.02878787878787879 0.02092050209205021 0.03333333333333333
1 0.8849372384937239 0.37272727272727274 0.02510460251046025 0.03636363636363636
1 0.553347280334728 0.2196969696969697 0.02301255230125523 0.03333333333333333
4 0.7510460251046025 0.15454545454545454 0.008368200836820083 0.012121212121212121
3 0.9403765690376569 0.17727272727272728 0.11506276150627615 0.3484848484848485