3 0.9840182648401826 0.5 0.0273972602739726 0.9933774834437086
3 0.0228310502283105 0.695364238410596 0.0410958904109589 0.6026490066225165
2 0.1232876712328767 0.25 0.0319634703196347 0.04304635761589404
2 0.1723744292237443 0.20364238410596028 0.02511415525114155 0.04304635761589404
2 0.1963470319634703 0.19701986754966888 0.0228310502283105 0.03642384105960265
2 0.18949771689497716 0.15562913907284767 0.0228310502283105 0.039735099337748346
2 0.3219178082191781 0.173841059602649 0.0273972602739726 0.03642384105960265
5 0.4269406392694064 0.402317880794702 0.0228310502283105 0.03642384105960265
5 0.15182648401826485 0.271523178807947 0.02511415525114155 0.039735099337748346
0 0.384703196347032 0.38576158940397354 0.02511415525114155 0.03642384105960265
0 0.2180365296803653 0.09105960264900662 0.02511415525114155 0.03642384105960265
1 0.2191780821917808 0.1357615894039735 0.0228310502283105 0.033112582781456956
1 0.2009132420091324 0.11423841059602649 0.0228310502283105 0.029801324503311258
1 0.06735159817351598 0.011589403973509934 0.02511415525114155 0.016556291390728478
1 0.0319634703196347 0.37748344370860926 0.0273972602739726 0.039735099337748346
1 0.3938356164383562 0.21026490066225165 0.02511415525114155 0.03642384105960265
4 0.1780821917808219 0.1390728476821192 0.0091324200913242 0.013245033112582781
3 0.0182648401826484 0.17880794701986755 0.0319634703196347 0.3509933774834437