3 0.9774590163934426 0.5 0.040983606557377046 1
3 0.06659836065573771 0.49851632047477745 0.1290983606557377 0.9970326409495549
2 0.08811475409836066 0.6186943620178041 0.02459016393442623 0.03857566765578635
2 0.33709016393442626 0.6691394658753709 0.022540983606557378 0.032640949554896145
2 0.32991803278688525 0.5118694362017804 0.02459016393442623 0.032640949554896145
2 0.35860655737704916 0.4094955489614243 0.02459016393442623 0.04747774480712166
2 0.4149590163934426 0.21068249258160238 0.022540983606557378 0.03560830860534125
5 0.2889344262295082 0.5415430267062314 0.02459016393442623 0.032640949554896145
5 0.32581967213114754 0.1884272997032641 0.02459016393442623 0.032640949554896145
0 0.3514344262295082 0.6068249258160238 0.022540983606557378 0.032640949554896145
0 0.6608606557377049 0.41097922848664686 0.022540983606557378 0.032640949554896145
1 0.4344262295081967 0.36350148367952523 0.020491803278688523 0.032640949554896145
1 0.47438524590163933 0.32344213649851633 0.022540983606557378 0.03560830860534125
1 0.4334016393442623 0.6083086053412463 0.022540983606557378 0.03560830860534125
1 0.3760245901639344 0.6261127596439169 0.022540983606557378 0.03560830860534125
1 0.3391393442622951 0.6320474777448071 0.022540983606557378 0.03560830860534125
4 0.5358606557377049 0.33382789317507416 0.010245901639344262 0.01483679525222552