3 0.9832635983263598 0.5 0.029288702928870293 0.9939393939393939
3 0.06589958158995816 0.5 0.12761506276150628 0.9939393939393939
2 0.08368200836820083 0.3712121212121212 0.02510460251046025 0.03939393939393939
2 0.3378661087866109 0.3196969696969697 0.02301255230125523 0.03333333333333333
2 0.3305439330543933 0.4803030303030303 0.02510460251046025 0.03333333333333333
2 0.3598326359832636 0.5848484848484848 0.02510460251046025 0.048484848484848485
2 0.41736401673640167 0.7878787878787878 0.02301255230125523 0.03636363636363636
5 0.28870292887029286 0.45 0.02510460251046025 0.03333333333333333
5 0.3263598326359833 0.8106060606060606 0.02510460251046025 0.03333333333333333
0 0.35251046025104604 0.38333333333333336 0.02301255230125523 0.03333333333333333
0 0.6684100418410042 0.5833333333333334 0.02301255230125523 0.03333333333333333
1 0.4372384937238494 0.6318181818181818 0.02092050209205021 0.03333333333333333
1 0.4780334728033473 0.6727272727272727 0.02301255230125523 0.03636363636363636
1 0.4361924686192469 0.38181818181818183 0.02301255230125523 0.03636363636363636
1 0.3776150627615063 0.36363636363636365 0.02301255230125523 0.03636363636363636
1 0.3399581589958159 0.3575757575757576 0.02301255230125523 0.03636363636363636
4 0.5407949790794979 0.6621212121212121 0.010460251046025104 0.015151515151515152