3 0.0605726872246696 0.4984076433121019 0.11674008810572688 0.9968152866242038
2 0.51431718061674 0.10987261146496816 0.024229074889867842 0.041401273885350316
2 0.6354625550660793 0.20382165605095542 0.028634361233480177 0.044585987261146494
2 0.5099118942731278 0.31528662420382164 0.024229074889867842 0.03821656050955414
2 0.44493392070484583 0.4601910828025478 0.022026431718061675 0.03503184713375796
2 0.22136563876651982 0.2515923566878981 0.024229074889867842 0.03821656050955414
5 0.473568281938326 0.46656050955414013 0.022026431718061675 0.03503184713375796
5 0.3590308370044053 0.5971337579617835 0.022026431718061675 0.03503184713375796
0 0.44933920704845814 0.5063694267515924 0.022026431718061675 0.03821656050955414
0 0.5044052863436124 0.1910828025477707 0.022026431718061675 0.03821656050955414
1 0.4196035242290749 0.23248407643312102 0.024229074889867842 0.03821656050955414
1 0.5341409691629956 0.3057324840764331 0.024229074889867842 0.03821656050955414
1 0.7224669603524229 0.27388535031847133 0.02643171806167401 0.03821656050955414
1 0.3777533039647577 0.46178343949044587 0.024229074889867842 0.03184713375796178
1 0.3601321585903084 0.42197452229299365 0.024229074889867842 0.041401273885350316
4 0.355726872246696 0.5270700636942676 0.011013215859030838 0.01592356687898089