3 0.9771784232365145 0.5 0.04149377593360996 0.9939759036144579
3 0.06327800829875518 0.5 0.12240663900414937 0.9939759036144579
2 0.4948132780082988 0.8509036144578314 0.022821576763485476 0.0391566265060241
2 0.6089211618257261 0.7620481927710844 0.026970954356846474 0.04216867469879518
2 0.49066390041493774 0.6566265060240963 0.022821576763485476 0.03614457831325301
2 0.42946058091286304 0.5195783132530121 0.02074688796680498 0.03313253012048193
2 0.21887966804979253 0.7168674698795181 0.022821576763485476 0.03614457831325301
5 0.45643153526970953 0.5135542168674698 0.02074688796680498 0.03313253012048193
5 0.34854771784232363 0.39006024096385544 0.02074688796680498 0.03313253012048193
0 0.4336099585062241 0.4759036144578313 0.02074688796680498 0.03614457831325301
0 0.4854771784232365 0.7740963855421686 0.02074688796680498 0.03614457831325301
1 0.40560165975103735 0.7349397590361446 0.022821576763485476 0.03614457831325301
1 0.5134854771784232 0.6656626506024096 0.022821576763485476 0.03614457831325301
1 0.6908713692946058 0.6957831325301205 0.024896265560165973 0.03614457831325301
1 0.36618257261410786 0.5180722891566265 0.022821576763485476 0.030120481927710843
1 0.3495850622406639 0.5557228915662651 0.022821576763485476 0.0391566265060241
4 0.3454356846473029 0.4563253012048193 0.01037344398340249 0.015060240963855422