3 0.017699115044247787 0.5 0.035398230088495575 0.9935897435897436
3 0.9657079646017699 0.6810897435897436 0.06858407079646017 0.6314102564102564
2 0.7444690265486725 0.1875 0.024336283185840708 0.035256410256410256
2 0.6714601769911505 0.2708333333333333 0.01991150442477876 0.028846153846153848
2 0.8207964601769911 0.6137820512820513 0.02654867256637168 0.035256410256410256
2 0.7157079646017699 0.6746794871794872 0.024336283185840708 0.035256410256410256
2 0.8064159292035398 0.8717948717948718 0.024336283185840708 0.038461538461538464
5 0.8506637168141593 0.3060897435897436 0.024336283185840708 0.035256410256410256
5 0.9469026548672567 0.3525641025641026 0.02654867256637168 0.03205128205128205
0 0.8329646017699115 0.24519230769230768 0.024336283185840708 0.028846153846153848
0 0.6471238938053098 0.21794871794871795 0.024336283185840708 0.03205128205128205
1 0.6493362831858407 0.27403846153846156 0.024336283185840708 0.035256410256410256
1 0.6969026548672567 0.2932692307692308 0.02654867256637168 0.035256410256410256
1 0.7566371681415929 0.21634615384615385 0.02654867256637168 0.035256410256410256
1 0.7798672566371682 0.20352564102564102 0.024336283185840708 0.035256410256410256
1 0.6592920353982301 0.7323717948717948 0.022123893805309734 0.028846153846153848
4 0.6924778761061947 0.2724358974358974 0.008849557522123894 0.01282051282051282
3 0.9668141592920354 0.16826923076923078 0.061946902654867256 0.3301282051282051