3 0.9841772151898734 0.5 0.027426160337552744 0.9939024390243902
3 0.05907172995780591 0.6722560975609756 0.11392405063291139 0.649390243902439
2 0.2921940928270042 0.17835365853658536 0.023206751054852322 0.03353658536585366
2 0.3618143459915612 0.2576219512195122 0.0189873417721519 0.027439024390243903
2 0.21940928270042195 0.5838414634146342 0.02531645569620253 0.03353658536585366
2 0.31962025316455694 0.6417682926829268 0.023206751054852322 0.03353658536585366
2 0.23312236286919832 0.8292682926829268 0.023206751054852322 0.036585365853658534
5 0.1909282700421941 0.29115853658536583 0.023206751054852322 0.03353658536585366
5 0.09915611814345991 0.3353658536585366 0.02531645569620253 0.03048780487804878
0 0.20780590717299577 0.23323170731707318 0.023206751054852322 0.027439024390243903
0 0.3850210970464135 0.2073170731707317 0.023206751054852322 0.03048780487804878
1 0.3829113924050633 0.2606707317073171 0.023206751054852322 0.03353658536585366
1 0.33755274261603374 0.27896341463414637 0.02531645569620253 0.03353658536585366
1 0.2805907172995781 0.20579268292682926 0.02531645569620253 0.03353658536585366
1 0.25843881856540085 0.19359756097560976 0.023206751054852322 0.03353658536585366
1 0.37341772151898733 0.6966463414634146 0.02109704641350211 0.027439024390243903
4 0.34177215189873417 0.25914634146341464 0.008438818565400843 0.012195121951219513
3 0.05590717299578059 0.1600609756097561 0.10759493670886076 0.31402439024390244