3 0.9358695652173913 0.5 0.1282608695652174 0.9936708860759493
2 0.4815217391304348 0.8591772151898734 0.02391304347826087 0.04113924050632911
2 0.36195652173913045 0.7658227848101266 0.02826086956521739 0.04430379746835443
2 0.48586956521739133 0.6550632911392406 0.02391304347826087 0.0379746835443038
2 0.55 0.5110759493670886 0.021739130434782608 0.03481012658227848
2 0.7706521739130435 0.7183544303797469 0.02391304347826087 0.0379746835443038
5 0.5217391304347826 0.504746835443038 0.021739130434782608 0.03481012658227848
5 0.6347826086956522 0.375 0.021739130434782608 0.03481012658227848
0 0.5456521739130434 0.4651898734177215 0.021739130434782608 0.0379746835443038
0 0.49130434782608695 0.7784810126582279 0.021739130434782608 0.0379746835443038
1 0.575 0.7373417721518988 0.02391304347826087 0.0379746835443038
1 0.46195652173913043 0.6645569620253164 0.02391304347826087 0.0379746835443038
1 0.27608695652173915 0.6962025316455697 0.02608695652173913 0.0379746835443038
1 0.616304347826087 0.509493670886076 0.02391304347826087 0.03164556962025317
1 0.633695652173913 0.5490506329113924 0.02391304347826087 0.04113924050632911
4 0.6380434782608696 0.44462025316455694 0.010869565217391304 0.015822784810126583