3 0.9931506849315068 0.5 0.0091324200913242 1
3 0.030821917808219176 0.32781456953642385 0.05707762557077625 0.6556291390728477
2 0.10388127853881278 0.8675496688741722 0.02968036529680365 0.039735099337748346
4 0.1963470319634703 0.9039735099337748 0.0091324200913242 0.013245033112582781
2 0.1278538812785388 0.7913907284768212 0.0319634703196347 0.046357615894039736
2 0.16095890410958905 0.6721854304635762 0.02968036529680365 0.039735099337748346
2 0.1461187214611872 0.6208609271523179 0.0273972602739726 0.03642384105960265
2 0.1461187214611872 0.8245033112582781 0.0273972602739726 0.039735099337748346
5 0.4452054794520548 0.6440397350993378 0.0228310502283105 0.03642384105960265
5 0.1541095890410959 0.7450331125827815 0.02511415525114155 0.033112582781456956
0 0.4041095890410959 0.6605960264900662 0.0273972602739726 0.03642384105960265
0 0.21118721461187215 0.9072847682119205 0.02511415525114155 0.039735099337748346
1 0.18493150684931506 0.9850993377483444 0.0273972602739726 0.023178807947019868
1 0.16210045662100456 0.7913907284768212 0.0228310502283105 0.033112582781456956
1 0.04908675799086758 0.6688741721854304 0.02968036529680365 0.039735099337748346
1 0.19292237442922375 0.6804635761589404 0.02511415525114155 0.03642384105960265
3 0.026255707762557076 0.8443708609271523 0.04794520547945205 0.304635761589404