3 0.9602272727272727 0.7055921052631579 0.07954545454545454 0.5822368421052632
2 0.8761363636363636 0.20394736842105263 0.029545454545454545 0.039473684210526314
4 0.7840909090909091 0.16776315789473684 0.00909090909090909 0.013157894736842105
2 0.8522727272727273 0.27960526315789475 0.031818181818181815 0.046052631578947366
2 0.8193181818181818 0.3980263157894737 0.029545454545454545 0.039473684210526314
2 0.8340909090909091 0.44901315789473684 0.02727272727272727 0.03618421052631579
2 0.8340909090909091 0.24671052631578946 0.02727272727272727 0.039473684210526314
5 0.5363636363636364 0.42598684210526316 0.022727272727272728 0.03618421052631579
5 0.8261363636363637 0.3256578947368421 0.025 0.03289473684210526
0 0.5772727272727273 0.4095394736842105 0.02727272727272727 0.03618421052631579
0 0.7693181818181818 0.16447368421052633 0.025 0.039473684210526314
1 0.8920454545454546 0.029605263157894735 0.025 0.03289473684210526
1 0.7943181818181818 0.07894736842105263 0.025 0.039473684210526314
1 0.8181818181818182 0.27960526315789475 0.022727272727272728 0.03289473684210526
1 0.9306818181818182 0.40131578947368424 0.029545454545454545 0.039473684210526314
1 0.7875 0.38980263157894735 0.025 0.03618421052631579
3 0.9636363636363636 0.19078947368421054 0.06818181818181818 0.375