3 0.9914893617021276 0.5 0.01276595744680851 0.9938271604938271
3 0.0627659574468085 0.8580246913580247 0.12127659574468085 0.2777777777777778
2 0.1478723404255319 0.19444444444444445 0.027659574468085105 0.037037037037037035
2 0.18404255319148935 0.25 0.027659574468085105 0.037037037037037035
2 0.30425531914893617 0.3271604938271605 0.02127659574468085 0.030864197530864196
2 0.25 0.21141975308641975 0.023404255319148935 0.040123456790123455
2 0.20319148936170212 0.2222222222222222 0.027659574468085105 0.037037037037037035
5 0.2670212765957447 0.16820987654320987 0.023404255319148935 0.033950617283950615
5 0.20851063829787234 0.2916666666666667 0.02553191489361702 0.033950617283950615
0 0.24680851063829787 0.12345679012345678 0.02127659574468085 0.030864197530864196
0 0.44893617021276594 0.20679012345679013 0.02127659574468085 0.030864197530864196
1 0.3446808510638298 0.17901234567901234 0.02553191489361702 0.037037037037037035
1 0.3574468085106383 0.2777777777777778 0.02553191489361702 0.037037037037037035
1 0.2170212765957447 0.25308641975308643 0.02127659574468085 0.030864197530864196
1 0.11170212765957446 0.3611111111111111 0.027659574468085105 0.037037037037037035
1 0.1797872340425532 0.19290123456790123 0.023404255319148935 0.033950617283950615
4 0.2372340425531915 0.1404320987654321 0.010638297872340425 0.015432098765432098
2 0.05638297872340425 0.470679012345679 0.10851063829787234 0.19444444444444445
2 0.05851063829787234 0.1712962962962963 0.1127659574468085 0.33641975308641975