3 0.02151639344262295 0.5 0.0430327868852459 0.9940652818991098
3 0.9375 0.8590504451038575 0.125 0.27596439169139464
2 0.8493852459016393 0.21364985163204747 0.02663934426229508 0.03560830860534125
2 0.8145491803278688 0.26706231454005935 0.02663934426229508 0.03560830860534125
2 0.6987704918032787 0.34124629080118696 0.020491803278688523 0.02967359050445104
2 0.7510245901639344 0.22997032640949555 0.022540983606557378 0.03857566765578635
2 0.7961065573770492 0.2403560830860534 0.02663934426229508 0.03560830860534125
5 0.7346311475409836 0.1884272997032641 0.022540983606557378 0.032640949554896145
5 0.7909836065573771 0.30712166172106825 0.02459016393442623 0.032640949554896145
0 0.7540983606557377 0.14540059347181009 0.020491803278688523 0.02967359050445104
0 0.5594262295081968 0.22551928783382788 0.020491803278688523 0.02967359050445104
1 0.6598360655737705 0.19881305637982197 0.02459016393442623 0.03560830860534125
1 0.6475409836065574 0.29376854599406527 0.02459016393442623 0.03560830860534125
1 0.7827868852459017 0.27002967359050445 0.020491803278688523 0.02967359050445104
1 0.8842213114754098 0.37388724035608306 0.02663934426229508 0.03560830860534125
1 0.8186475409836066 0.21216617210682492 0.022540983606557378 0.032640949554896145
4 0.7633196721311475 0.16172106824925817 0.010245901639344262 0.01483679525222552
2 0.9415983606557377 0.4807121661721068 0.11270491803278689 0.18397626112759644
2 0.9395491803278688 0.17804154302670624 0.1168032786885246 0.35014836795252224