3 0.015690376569037656 0.4984848484848485 0.03138075313807531 0.996969696969697
3 0.9361924686192469 0.4984848484848485 0.12343096234309624 0.996969696969697
2 0.9152719665271967 0.6227272727272727 0.027196652719665274 0.03939393939393939
2 0.6631799163179917 0.6742424242424242 0.02510460251046025 0.03333333333333333
2 0.6694560669456067 0.5136363636363637 0.02510460251046025 0.03333333333333333
2 0.5826359832635983 0.20606060606060606 0.02301255230125523 0.03636363636363636
2 0.549163179916318 0.9954545454545455 0.027196652719665274 0.0030303030303030303
5 0.7112970711297071 0.5424242424242425 0.02092050209205021 0.030303030303030304
5 0.6736401673640168 0.18333333333333332 0.02092050209205021 0.03333333333333333
0 0.6485355648535565 0.6106060606060606 0.02092050209205021 0.03333333333333333
0 0.33158995815899583 0.4121212121212121 0.02301255230125523 0.03636363636363636
1 0.5638075313807531 0.6106060606060606 0.02301255230125523 0.03939393939393939
1 0.6223849372384938 0.6318181818181818 0.02301255230125523 0.03333333333333333
1 0.6589958158995816 0.6378787878787879 0.02092050209205021 0.03333333333333333
1 0.5627615062761506 0.3621212121212121 0.02092050209205021 0.03333333333333333
1 0.5209205020920502 0.32272727272727275 0.02092050209205021 0.03333333333333333
4 0.4592050209205021 0.33181818181818185 0.010460251046025104 0.015151515151515152