3 0.9839449541284404 0.5 0.027522935779816515 0.9933333333333333
3 0.02522935779816514 0.5 0.045871559633027525 0.9933333333333333
2 0.009174311926605505 0.30666666666666664 0.013761467889908258 0.04666666666666667
2 0.2775229357798165 0.25166666666666665 0.027522935779816515 0.03666666666666667
2 0.2706422018348624 0.42833333333333334 0.027522935779816515 0.03666666666666667
2 0.3658256880733945 0.7666666666666667 0.02522935779816514 0.04
5 0.22477064220183487 0.39666666666666667 0.022935779816513763 0.03333333333333333
5 0.26605504587155965 0.7916666666666666 0.022935779816513763 0.03666666666666667
0 0.29357798165137616 0.32166666666666666 0.022935779816513763 0.03666666666666667
0 0.6410550458715596 0.54 0.02522935779816514 0.04
1 0.38646788990825687 0.32166666666666666 0.02522935779816514 0.043333333333333335
1 0.32224770642201833 0.29833333333333334 0.02522935779816514 0.03666666666666667
1 0.28211009174311924 0.2916666666666667 0.022935779816513763 0.03666666666666667
1 0.3876146788990826 0.595 0.022935779816513763 0.03666666666666667
1 0.4334862385321101 0.6383333333333333 0.022935779816513763 0.03666666666666667
4 0.5011467889908257 0.6283333333333333 0.011467889908256881 0.016666666666666666