3 0.023706896551724137 0.5 0.04741379310344827 0.99375
3 0.9568965517241379 0.5 0.08620689655172414 0.99375
2 0.9558189655172413 0.3765625 0.028017241379310345 0.040625
2 0.6961206896551724 0.3234375 0.02586206896551724 0.034375
2 0.7025862068965517 0.4890625 0.02586206896551724 0.034375
2 0.6131465517241379 0.80625 0.023706896551724137 0.0375
5 0.7456896551724138 0.459375 0.021551724137931036 0.03125
5 0.7068965517241379 0.8296875 0.021551724137931036 0.034375
0 0.6810344827586207 0.3890625 0.021551724137931036 0.034375
0 0.3545258620689655 0.59375 0.023706896551724137 0.0375
1 0.59375 0.3890625 0.023706896551724137 0.040625
1 0.6540948275862069 0.3671875 0.023706896551724137 0.034375
1 0.6918103448275862 0.3609375 0.021551724137931036 0.034375
1 0.5926724137931034 0.6453125 0.021551724137931036 0.034375
1 0.5495689655172413 0.6859375 0.021551724137931036 0.034375
4 0.4859913793103448 0.6765625 0.010775862068965518 0.015625