3 0.9836956521739131 0.5 0.02826086956521739 0.9936708860759493
3 0.04565217391304348 0.8528481012658228 0.08695652173913043 0.2879746835443038
2 0.11413043478260869 0.17088607594936708 0.02826086956521739 0.0379746835443038
2 0.15108695652173912 0.22784810126582278 0.02826086956521739 0.0379746835443038
2 0.27391304347826084 0.3069620253164557 0.021739130434782608 0.03164556962025317
2 0.2184782608695652 0.18829113924050633 0.02391304347826087 0.04113924050632911
2 0.17065217391304346 0.19936708860759494 0.02826086956521739 0.0379746835443038
5 0.2358695652173913 0.1439873417721519 0.02391304347826087 0.03481012658227848
5 0.17608695652173914 0.27056962025316456 0.02608695652173913 0.03481012658227848
0 0.21521739130434783 0.0981012658227848 0.021739130434782608 0.03164556962025317
0 0.4217391304347826 0.18354430379746836 0.021739130434782608 0.03164556962025317
1 0.31521739130434784 0.1550632911392405 0.02608695652173913 0.0379746835443038
1 0.3282608695652174 0.2563291139240506 0.02608695652173913 0.0379746835443038
1 0.18478260869565216 0.2310126582278481 0.021739130434782608 0.03164556962025317
1 0.07717391304347826 0.34177215189873417 0.02826086956521739 0.0379746835443038
1 0.14673913043478262 0.16930379746835442 0.02391304347826087 0.03481012658227848
4 0.20543478260869566 0.11550632911392406 0.010869565217391304 0.015822784810126583
2 0.0391304347826087 0.4541139240506329 0.07391304347826087 0.19936708860759494
2 0.041304347826086954 0.16139240506329114 0.0782608695652174 0.31645569620253167