2 0.7727272727272727 0.8273026315789473 0.02727272727272727 0.03618421052631579
2 0.7875 0.7927631578947368 0.029545454545454545 0.039473684210526314
2 0.7681818181818182 0.7648026315789473 0.02727272727272727 0.04276315789473684
2 0.8829545454545454 0.7894736842105263 0.029545454545454545 0.046052631578947366
2 0.6715909090909091 0.6085526315789473 0.025 0.03289473684210526
5 0.75 0.8157894736842105 0.022727272727272728 0.03289473684210526
5 0.7420454545454546 0.6233552631578947 0.025 0.03618421052631579
0 0.5602272727272727 0.7730263157894737 0.025 0.039473684210526314
0 0.8534090909090909 0.8042763157894737 0.025 0.03618421052631579
1 0.7034090909090909 0.6200657894736842 0.025 0.03618421052631579
1 0.6886363636363636 0.7861842105263158 0.02727272727272727 0.039473684210526314
1 0.928409090909091 0.6792763157894737 0.025 0.03618421052631579
1 0.6590909090909091 0.6990131578947368 0.02727272727272727 0.03618421052631579
1 0.6465909090909091 0.875 0.025 0.039473684210526314
4 0.9227272727272727 0.5904605263157895 0.013636363636363636 0.01644736842105263
3 0.9590909090909091 0.5542763157894737 0.07727272727272727 0.23355263157894737
3 0.9602272727272727 0.8453947368421053 0.075 0.28289473684210525