3 0.9816810344827587 0.5 0.032327586206896554 1
3 0.04525862068965517 0.0515625 0.08620689655172414 0.103125
2 0.21982758620689655 0.8546875 0.02586206896551724 0.034375
2 0.20581896551724138 0.821875 0.028017241379310345 0.0375
2 0.22413793103448276 0.7953125 0.02586206896551724 0.040625
2 0.11530172413793104 0.81875 0.028017241379310345 0.04375
2 0.31573275862068967 0.646875 0.023706896551724137 0.03125
5 0.2413793103448276 0.84375 0.021551724137931036 0.03125
5 0.24892241379310345 0.6609375 0.023706896551724137 0.034375
0 0.4213362068965517 0.803125 0.023706896551724137 0.0375
0 0.14331896551724138 0.8328125 0.023706896551724137 0.034375
1 0.2855603448275862 0.6578125 0.023706896551724137 0.034375
1 0.2995689655172414 0.815625 0.02586206896551724 0.0375
1 0.07219827586206896 0.7140625 0.023706896551724137 0.034375
1 0.3275862068965517 0.7328125 0.02586206896551724 0.034375
1 0.3394396551724138 0.9 0.023706896551724137 0.0375
4 0.07758620689655173 0.6296875 0.01293103448275862 0.015625
3 0.040948275862068964 0.5953125 0.07758620689655173 0.221875
3 0.03987068965517242 0.8671875 0.07543103448275862 0.259375