3 0.9428251121076233 0.03571428571428571 0.10986547085201794 0.07142857142857142
2 0.7645739910313901 0.8409090909090909 0.026905829596412557 0.03896103896103896
2 0.7466367713004485 0.8133116883116883 0.026905829596412557 0.03571428571428571
2 0.7511210762331838 0.8766233766233766 0.026905829596412557 0.03896103896103896
2 0.6524663677130045 0.6607142857142857 0.02242152466367713 0.03571428571428571
2 0.8598654708520179 0.8392857142857143 0.02914798206278027 0.04220779220779221
5 0.7275784753363229 0.862012987012987 0.020179372197309416 0.03571428571428571
5 0.7208520179372198 0.6737012987012987 0.02466367713004484 0.03571428571428571
0 0.5426008968609866 0.8198051948051948 0.02242152466367713 0.03571428571428571
0 0.8295964125560538 0.8522727272727273 0.02242152466367713 0.03571428571428571
1 0.9035874439461884 0.7353896103896104 0.026905829596412557 0.02922077922077922
1 0.6816143497757847 0.6704545454545454 0.02242152466367713 0.02922077922077922
1 0.6390134529147982 0.7467532467532467 0.02242152466367713 0.032467532467532464
1 0.6670403587443946 0.8344155844155844 0.02466367713004484 0.032467532467532464
1 0.6266816143497758 0.9237012987012987 0.02466367713004484 0.03571428571428571
4 0.9002242152466368 0.711038961038961 0.011210762331838564 0.012987012987012988
3 0.9473094170403588 0.525974025974026 0.10089686098654709 0.37012987012987014
3 0.9461883408071748 0.875 0.1031390134529148 0.2435064935064935