3 0.020491803278688523 0.5 0.040983606557377046 0.9940652818991098
3 0.9375 0.9554896142433235 0.125 0.0830860534124629
2 0.7622950819672131 0.20771513353115728 0.02459016393442623 0.03560830860534125
2 0.7459016393442623 0.23293768545994065 0.02459016393442623 0.032640949554896145
2 0.75 0.17507418397626112 0.02459016393442623 0.03560830860534125
2 0.6598360655737705 0.3724035608308605 0.020491803278688523 0.032640949554896145
2 0.8493852459016393 0.20919881305637983 0.02663934426229508 0.03857566765578635
5 0.7284836065573771 0.1884272997032641 0.018442622950819672 0.032640949554896145
5 0.7223360655737705 0.36053412462908013 0.022540983606557378 0.032640949554896145
0 0.5594262295081968 0.22700296735905046 0.020491803278688523 0.032640949554896145
0 0.8217213114754098 0.19732937685459942 0.020491803278688523 0.032640949554896145
1 0.889344262295082 0.30415430267062316 0.02459016393442623 0.026706231454005934
1 0.6864754098360656 0.36350148367952523 0.020491803278688523 0.026706231454005934
1 0.6475409836065574 0.29376854599406527 0.020491803278688523 0.02967359050445104
1 0.673155737704918 0.21364985163204747 0.022540983606557378 0.02967359050445104
1 0.6362704918032787 0.13204747774480713 0.022540983606557378 0.032640949554896145
4 0.8862704918032787 0.3264094955489614 0.010245901639344262 0.011869436201780416
3 0.9405737704918032 0.4970326409495549 0.11475409836065574 0.3353115727002967
3 0.9395491803278688 0.14540059347181009 0.1168032786885246 0.28486646884273