3 0.05593607305936073 0.0380794701986755 0.10730593607305935 0.076158940397351
2 0.23515981735159816 0.8609271523178808 0.0273972602739726 0.039735099337748346
2 0.2534246575342466 0.8327814569536424 0.0273972602739726 0.03642384105960265
2 0.24885844748858446 0.8973509933774835 0.0273972602739726 0.039735099337748346
2 0.3493150684931507 0.6771523178807947 0.0228310502283105 0.03642384105960265
2 0.13812785388127855 0.859271523178808 0.02968036529680365 0.04304635761589404
5 0.2728310502283105 0.8824503311258278 0.02054794520547945 0.03642384105960265
5 0.2796803652968037 0.6903973509933775 0.02511415525114155 0.03642384105960265
0 0.4611872146118721 0.8394039735099338 0.0228310502283105 0.03642384105960265
0 0.1689497716894977 0.8725165562913907 0.0228310502283105 0.03642384105960265
1 0.09360730593607305 0.7533112582781457 0.0273972602739726 0.029801324503311258
1 0.319634703196347 0.6870860927152318 0.0228310502283105 0.029801324503311258
1 0.363013698630137 0.7649006622516556 0.0228310502283105 0.033112582781456956
1 0.3344748858447489 0.8543046357615894 0.02511415525114155 0.033112582781456956
1 0.3755707762557078 0.945364238410596 0.02511415525114155 0.03642384105960265
4 0.09703196347031963 0.7284768211920529 0.01141552511415525 0.013245033112582781
3 0.05136986301369863 0.5397350993377483 0.09817351598173515 0.37748344370860926
3 0.05251141552511415 0.8841059602649006 0.1004566210045662 0.2251655629139073