3 0.016304347826086956 0.5 0.03260869565217391 0.9936708860759493
3 0.9521739130434783 0.5 0.09565217391304348 0.9936708860759493
2 0.5630434782608695 0.44462025316455694 0.02608695652173913 0.04113924050632911
2 0.7706521739130435 0.509493670886076 0.02826086956521739 0.0379746835443038
2 0.8282608695652174 0.5126582278481012 0.030434782608695653 0.0379746835443038
2 0.6739130434782609 0.5506329113924051 0.02608695652173913 0.0379746835443038
2 0.6043478260869565 0.8354430379746836 0.02608695652173913 0.0379746835443038
5 0.6978260869565217 0.8591772151898734 0.021739130434782608 0.03481012658227848
5 0.8489130434782609 0.7072784810126582 0.02391304347826087 0.03481012658227848
0 0.6858695652173913 0.4098101265822785 0.01956521739130435 0.03481012658227848
0 0.6543478260869565 0.41930379746835444 0.021739130434782608 0.03481012658227848
1 0.6445652173913043 0.39082278481012656 0.01956521739130435 0.03481012658227848
1 0.717391304347826 0.43037974683544306 0.021739130434782608 0.0379746835443038
1 0.6478260869565218 0.5569620253164557 0.02608695652173913 0.04430379746835443
1 0.6108695652173913 0.6091772151898734 0.02608695652173913 0.04113924050632911
1 0.7630434782608696 0.8575949367088608 0.021739130434782608 0.0379746835443038
4 0.47608695652173916 0.7056962025316456 0.013043478260869565 0.0189873417721519