3 0.06138392857142857 0.49838709677419357 0.11830357142857142 0.9967741935483871
2 0.47098214285714285 0.5854838709677419 0.026785714285714284 0.041935483870967745
2 0.2578125 0.5193548387096775 0.029017857142857144 0.03870967741935484
2 0.19866071428571427 0.5161290322580645 0.03125 0.03870967741935484
2 0.35714285714285715 0.4774193548387097 0.026785714285714284 0.03870967741935484
2 0.42857142857142855 0.1870967741935484 0.026785714285714284 0.03870967741935484
5 0.3325892857142857 0.1629032258064516 0.022321428571428572 0.035483870967741936
5 0.17745535714285715 0.317741935483871 0.024553571428571428 0.035483870967741936
0 0.34486607142857145 0.6209677419354839 0.020089285714285716 0.035483870967741936
0 0.37723214285714285 0.6112903225806452 0.022321428571428572 0.035483870967741936
1 0.3872767857142857 0.6403225806451613 0.020089285714285716 0.035483870967741936
1 0.3125 0.6 0.022321428571428572 0.03870967741935484
1 0.38392857142857145 0.47096774193548385 0.026785714285714284 0.04516129032258064
1 0.421875 0.41774193548387095 0.026785714285714284 0.041935483870967745
1 0.265625 0.16451612903225807 0.022321428571428572 0.03870967741935484
4 0.5602678571428571 0.3193548387096774 0.013392857142857142 0.01935483870967742