3 0.010548523206751054 0.49847560975609756 0.02109704641350211 0.9969512195121951
3 0.939873417721519 0.49847560975609756 0.1160337552742616 0.9969512195121951
2 0.5305907172995781 0.8064024390243902 0.023206751054852322 0.03353658536585366
2 0.7478902953586498 0.8567073170731707 0.027426160337552744 0.036585365853658534
2 0.7626582278481012 0.8125 0.027426160337552744 0.03353658536585366
2 0.7468354430379747 0.7850609756097561 0.02531645569620253 0.039634146341463415
2 0.7194092827004219 0.6478658536585366 0.02531645569620253 0.039634146341463415
5 0.7225738396624473 0.7637195121951219 0.023206751054852322 0.03353658536585366
5 0.729957805907173 0.8353658536585366 0.02531645569620253 0.036585365853658534
0 0.5147679324894515 0.7515243902439024 0.02109704641350211 0.03353658536585366
0 0.7542194092827004 0.7088414634146342 0.023206751054852322 0.03353658536585366
1 0.5643459915611815 0.7591463414634146 0.023206751054852322 0.03048780487804878
1 0.5369198312236287 0.774390243902439 0.023206751054852322 0.036585365853658534
1 0.7784810126582279 0.7926829268292683 0.02109704641350211 0.03048780487804878
1 0.5886075949367089 0.9923780487804879 0.02531645569620253 0.009146341463414634
1 0.5886075949367089 0.6570121951219512 0.02531645569620253 0.03353658536585366
4 0.7426160337552743 0.7240853658536586 0.008438818565400843 0.01524390243902439