3 0.9798728813559322 0.5 0.036016949152542374 0.9938650306748467
3 0.05084745762711865 0.5 0.09745762711864407 0.9938650306748467
2 0.4502118644067797 0.19478527607361965 0.023305084745762712 0.03374233128834356
2 0.2319915254237288 0.1441717791411043 0.02754237288135593 0.03680981595092025
2 0.21716101694915255 0.18865030674846625 0.02754237288135593 0.03374233128834356
2 0.2330508474576271 0.21625766871165644 0.025423728813559324 0.03987730061349693
2 0.2605932203389831 0.35429447852760737 0.025423728813559324 0.03987730061349693
5 0.2574152542372881 0.23773006134969324 0.023305084745762712 0.03374233128834356
5 0.25 0.1656441717791411 0.025423728813559324 0.03680981595092025
0 0.4661016949152542 0.25 0.0211864406779661 0.03374233128834356
0 0.225635593220339 0.2929447852760736 0.023305084745762712 0.03374233128834356
1 0.4163135593220339 0.24233128834355827 0.023305084745762712 0.03067484662576687
1 0.4438559322033898 0.22699386503067484 0.023305084745762712 0.03680981595092025
1 0.20127118644067796 0.2085889570552147 0.0211864406779661 0.03067484662576687
1 0.3919491525423729 0.007668711656441718 0.025423728813559324 0.009202453987730062
1 0.3919491525423729 0.3450920245398773 0.025423728813559324 0.03374233128834356
4 0.23728813559322035 0.2776073619631902 0.00847457627118644 0.015337423312883436