3 0.9897727272727272 0.5 0.015909090909090907 0.993421052631579
3 0.03068181818181818 0.5 0.056818181818181816 0.993421052631579
2 0.38522727272727275 0.09868421052631579 0.025 0.039473684210526314
2 0.3079545454545455 0.22861842105263158 0.025 0.03618421052631579
2 0.325 0.37335526315789475 0.02727272727272727 0.03618421052631579
2 0.22954545454545455 0.4029605263157895 0.02727272727272727 0.04276315789473684
2 0.19772727272727272 0.30756578947368424 0.02727272727272727 0.04276315789473684
5 0.26704545454545453 0.3042763157894737 0.025 0.03618421052631579
5 0.22954545454545455 0.32894736842105265 0.02727272727272727 0.03289473684210526
0 0.4284090909090909 0.33223684210526316 0.025 0.039473684210526314
0 0.08522727272727272 0.47368421052631576 0.025 0.039473684210526314
1 0.375 0.29605263157894735 0.022727272727272728 0.03289473684210526
1 0.3079545454545455 0.26644736842105265 0.025 0.039473684210526314
1 0.21136363636363636 0.2565789473684211 0.02727272727272727 0.039473684210526314
1 0.18295454545454545 0.28125 0.025 0.03618421052631579
1 0.3704545454545455 0.3930921052631579 0.02727272727272727 0.03618421052631579
4 0.0659090909090909 0.4720394736842105 0.013636363636363636 0.01644736842105263