3 0.02074688796680498 0.5 0.04149377593360996 0.9939759036144579
3 0.941908713692946 0.5 0.11618257261410789 0.9939759036144579
2 0.5819502074688797 0.08885542168674698 0.022821576763485476 0.0391566265060241
2 0.6524896265560166 0.20933734939759036 0.026970954356846474 0.03313253012048193
2 0.7520746887966805 0.28012048192771083 0.026970954356846474 0.03614457831325301
2 0.7230290456431535 0.3674698795180723 0.026970954356846474 0.04216867469879518
2 0.6369294605809128 0.34036144578313254 0.024896265560165973 0.04216867469879518
5 0.6887966804979253 0.27710843373493976 0.024896265560165973 0.03614457831325301
5 0.7240663900414938 0.30120481927710846 0.024896265560165973 0.03614457831325301
0 0.5425311203319502 0.30271084337349397 0.022821576763485476 0.03313253012048193
0 0.8703319502074689 0.3960843373493976 0.022821576763485476 0.03313253012048193
1 0.766597510373444 0.2575301204819277 0.022821576763485476 0.0391566265060241
1 0.6524896265560166 0.24548192771084337 0.022821576763485476 0.03313253012048193
1 0.5923236514522822 0.27259036144578314 0.022821576763485476 0.03313253012048193
1 0.5943983402489627 0.35843373493975905 0.022821576763485476 0.03614457831325301
1 0.7406639004149378 0.23493975903614459 0.024896265560165973 0.03614457831325301
4 0.8765560165975104 0.3795180722891566 0.01037344398340249 0.012048192771084338