3 0.9380530973451328 0.5 0.12389380530973451 0.9935897435897436
2 0.10176991150442478 0.07532051282051282 0.030973451327433628 0.041666666666666664
2 0.8042035398230089 0.15224358974358973 0.028761061946902654 0.041666666666666664
2 0.625 0.46153846153846156 0.028761061946902654 0.038461538461538464
2 0.6449115044247787 0.5064102564102564 0.024336283185840708 0.03205128205128205
5 0.7367256637168141 0.7211538461538461 0.02654867256637168 0.038461538461538464
5 0.5254424778761062 0.20833333333333334 0.024336283185840708 0.038461538461538464
0 0.4469026548672566 0.06891025641025642 0.022123893805309734 0.035256410256410256
0 0.5077433628318584 0.6394230769230769 0.024336283185840708 0.035256410256410256
1 0.577433628318584 0.6009615384615384 0.02654867256637168 0.041666666666666664
1 0.49668141592920356 0.47596153846153844 0.024336283185840708 0.041666666666666664
1 0.23119469026548672 0.4567307692307692 0.024336283185840708 0.041666666666666664
1 0.497787610619469 0.26121794871794873 0.022123893805309734 0.035256410256410256
1 0.7201327433628318 0.23717948717948717 0.01991150442477876 0.03205128205128205
4 0.629424778761062 0.7099358974358975 0.011061946902654867 0.016025641025641024