3 0.9769874476987448 0.5 0.04184100418410042 1
3 0.058577405857740586 0.4984848484848485 0.11297071129707113 0.996969696969697
2 0.8472803347280334 0.9287878787878788 0.029288702928870293 0.03939393939393939
2 0.18305439330543932 0.8560606060606061 0.027196652719665274 0.03939393939393939
2 0.35251046025104604 0.5636363636363636 0.027196652719665274 0.03636363636363636
2 0.33368200836820083 0.5212121212121212 0.02301255230125523 0.030303030303030304
5 0.24686192468619247 0.3181818181818182 0.02510460251046025 0.03636363636363636
5 0.446652719665272 0.803030303030303 0.02301255230125523 0.03636363636363636
0 0.5209205020920502 0.9348484848484848 0.02092050209205021 0.03333333333333333
0 0.46338912133891214 0.39545454545454545 0.02301255230125523 0.03333333333333333
1 0.39748953974895396 0.4318181818181818 0.02510460251046025 0.03939393939393939
1 0.47384937238493724 0.55 0.02301255230125523 0.03939393939393939
1 0.7248953974895398 0.5681818181818182 0.02301255230125523 0.03939393939393939
1 0.47280334728033474 0.753030303030303 0.02092050209205021 0.03333333333333333
1 0.2625523012552301 0.7757575757575758 0.01882845188284519 0.030303030303030304
4 0.348326359832636 0.3287878787878788 0.010460251046025104 0.015151515151515152