3 0.9924242424242424 0.5 0.010822510822510822 1
3 0.05411255411255411 0.49842767295597484 0.1038961038961039 0.9968553459119497
2 0.420995670995671 0.9166666666666666 0.023809523809523808 0.040880503144654086
2 0.3474025974025974 0.7908805031446541 0.02813852813852814 0.03459119496855346
2 0.2435064935064935 0.7169811320754716 0.02813852813852814 0.03773584905660377
2 0.27380952380952384 0.6257861635220126 0.02813852813852814 0.0440251572327044
2 0.36363636363636365 0.6540880503144654 0.025974025974025976 0.0440251572327044
5 0.30952380952380953 0.720125786163522 0.025974025974025976 0.03773584905660377
5 0.2727272727272727 0.6949685534591195 0.025974025974025976 0.03773584905660377
0 0.4621212121212121 0.6933962264150944 0.023809523809523808 0.03459119496855346
0 0.12012987012987013 0.5959119496855346 0.023809523809523808 0.03459119496855346
1 0.22835497835497837 0.7405660377358491 0.023809523809523808 0.040880503144654086
1 0.3474025974025974 0.7531446540880503 0.023809523809523808 0.03459119496855346
1 0.4101731601731602 0.7248427672955975 0.023809523809523808 0.03459119496855346
1 0.408008658008658 0.6352201257861635 0.023809523809523808 0.03773584905660377
1 0.2554112554112554 0.7641509433962265 0.025974025974025976 0.03773584905660377
4 0.11363636363636363 0.6132075471698113 0.010822510822510822 0.012578616352201259