3 0.020652173913043477 0.49841772151898733 0.041304347826086954 0.9968354430379747
3 0.9608695652173913 0.49841772151898733 0.07391304347826087 0.9968354430379747
2 0.6097826086956522 0.9462025316455697 0.02391304347826087 0.0379746835443038
2 0.6826086956521739 0.819620253164557 0.02608695652173913 0.0379746835443038
2 0.7880434782608695 0.7468354430379747 0.02826086956521739 0.0379746835443038
2 0.7576086956521739 0.6518987341772152 0.02826086956521739 0.0379746835443038
2 0.6673913043478261 0.6835443037974683 0.02608695652173913 0.0379746835443038
5 0.7228260869565217 0.7484177215189873 0.02391304347826087 0.03481012658227848
5 0.758695652173913 0.7262658227848101 0.02608695652173913 0.03481012658227848
0 0.9108695652173913 0.625 0.02608695652173913 0.03481012658227848
0 0.5684782608695652 0.7215189873417721 0.02391304347826087 0.03164556962025317
1 0.6228260869565218 0.6645569620253164 0.02826086956521739 0.0379746835443038
1 0.6184782608695653 0.754746835443038 0.02391304347826087 0.03481012658227848
1 0.6826086956521739 0.7848101265822784 0.02608695652173913 0.03164556962025317
1 0.8032608695652174 0.7721518987341772 0.02391304347826087 0.03164556962025317
1 0.775 0.7943037974683544 0.02391304347826087 0.0379746835443038
4 0.9184782608695652 0.6424050632911392 0.010869565217391304 0.012658227848101266