3 0.03767123287671233 0.9155629139072847 0.07077625570776255 0.16225165562913907
2 0.341324200913242 0.347682119205298 0.02511415525114155 0.039735099337748346
2 0.24429223744292236 0.38079470198675497 0.0273972602739726 0.039735099337748346
2 0.19292237442922375 0.2897350993377483 0.02511415525114155 0.03642384105960265
2 0.23515981735159816 0.271523178807947 0.0273972602739726 0.039735099337748346
2 0.0867579908675799 0.3443708609271523 0.0273972602739726 0.039735099337748346
5 0.2568493150684932 0.3294701986754967 0.02511415525114155 0.03642384105960265
5 0.2180365296803653 0.30960264900662254 0.02511415525114155 0.03642384105960265
0 0.4440639269406393 0.30629139072847683 0.02511415525114155 0.03642384105960265
0 0.08447488584474885 0.40894039735099336 0.0228310502283105 0.03642384105960265
1 0.19748858447488585 0.2533112582781457 0.02511415525114155 0.03642384105960265
1 0.1997716894977169 0.21688741721854304 0.02511415525114155 0.03642384105960265
1 0.3184931506849315 0.2996688741721854 0.02511415525114155 0.03642384105960265
1 0.3904109589041096 0.271523178807947 0.0228310502283105 0.033112582781456956
1 0.386986301369863 0.3675496688741722 0.02511415525114155 0.039735099337748346
4 0.07648401826484018 0.39072847682119205 0.01141552511415525 0.013245033112582781
3 0.033105022831050226 0.3129139072847682 0.06164383561643835 0.6192052980132451