3 0.9752155172413793 0.5 0.04525862068965517 1
3 0.04418103448275862 0.4984375 0.08405172413793104 0.996875
2 0.8426724137931034 0.93125 0.02586206896551724 0.0375
2 0.6196120689655172 0.9 0.023706896551724137 0.0375
2 0.33620689655172414 0.5390625 0.02586206896551724 0.034375
2 0.5323275862068966 0.3765625 0.02586206896551724 0.040625
2 0.40301724137931033 0.1 0.021551724137931036 0.0375
5 0.44935344827586204 0.7671875 0.023706896551724137 0.034375
5 0.40948275862068967 0.8171875 0.02586206896551724 0.034375
0 0.5064655172413793 0.934375 0.021551724137931036 0.0375
0 0.44612068965517243 0.3796875 0.021551724137931036 0.040625
1 0.5 0.628125 0.021551724137931036 0.0375
1 0.4579741379310345 0.5375 0.023706896551724137 0.0375
1 0.3125 0.4515625 0.02586206896551724 0.040625
1 0.2952586206896552 0.4265625 0.021551724137931036 0.034375
1 0.2995689655172414 0.225 0.02586206896551724 0.0375
4 0.27478448275862066 0.1953125 0.010775862068965518 0.015625