3 0.023026315789473683 0.49841772151898733 0.046052631578947366 0.9968354430379747
3 0.9627192982456141 0.49841772151898733 0.07017543859649122 0.9968354430379747
2 0.15789473684210525 0.9240506329113924 0.02631578947368421 0.0379746835443038
2 0.3848684210526316 0.8924050632911392 0.02412280701754386 0.0379746835443038
2 0.6732456140350878 0.5268987341772152 0.02631578947368421 0.03481012658227848
2 0.47368421052631576 0.3623417721518987 0.02631578947368421 0.04113924050632911
2 0.6052631578947368 0.08227848101265822 0.021929824561403508 0.0379746835443038
5 0.5581140350877193 0.7579113924050633 0.02412280701754386 0.03481012658227848
5 0.5986842105263158 0.8085443037974683 0.02631578947368421 0.03481012658227848
0 0.5 0.9272151898734177 0.021929824561403508 0.0379746835443038
0 0.5614035087719298 0.36550632911392406 0.021929824561403508 0.04113924050632911
1 0.506578947368421 0.6170886075949367 0.021929824561403508 0.0379746835443038
1 0.5493421052631579 0.5253164556962026 0.02412280701754386 0.0379746835443038
1 0.6973684210526315 0.43829113924050633 0.02631578947368421 0.04113924050632911
1 0.7149122807017544 0.4129746835443038 0.021929824561403508 0.03481012658227848
1 0.7105263157894737 0.2088607594936709 0.02631578947368421 0.0379746835443038
4 0.7357456140350878 0.1787974683544304 0.010964912280701754 0.015822784810126583