3 0.978448275862069 0.5 0.03879310344827586 0.99375
3 0.04418103448275862 0.9 0.08405172413793104 0.19375
2 0.3394396551724138 0.34375 0.023706896551724137 0.0375
2 0.2478448275862069 0.375 0.02586206896551724 0.0375
2 0.19935344827586207 0.2890625 0.023706896551724137 0.034375
2 0.23922413793103448 0.271875 0.02586206896551724 0.0375
2 0.09913793103448276 0.340625 0.02586206896551724 0.0375
5 0.25969827586206895 0.3265625 0.023706896551724137 0.034375
5 0.22306034482758622 0.3078125 0.023706896551724137 0.034375
0 0.4364224137931034 0.3046875 0.023706896551724137 0.034375
0 0.09698275862068965 0.4015625 0.021551724137931036 0.034375
1 0.2036637931034483 0.2546875 0.023706896551724137 0.034375
1 0.20581896551724138 0.2203125 0.023706896551724137 0.034375
1 0.31788793103448276 0.2984375 0.023706896551724137 0.034375
1 0.3857758620689655 0.271875 0.021551724137931036 0.03125
1 0.38254310344827586 0.3625 0.023706896551724137 0.0375
4 0.0894396551724138 0.384375 0.010775862068965518 0.0125
3 0.03987068965517242 0.303125 0.07543103448275862 0.6