3 0.015625 0.4984848484848485 0.03125 0.996969696969697
3 0.9333333333333333 0.22575757575757577 0.12916666666666668 0.45151515151515154
2 0.38229166666666664 0.23787878787878788 0.022916666666666665 0.03939393939393939
2 0.4979166666666667 0.15 0.025 0.03939393939393939
2 0.5020833333333333 0.34393939393939393 0.025 0.03939393939393939
2 0.540625 0.4212121212121212 0.022916666666666665 0.03636363636363636
2 0.7739583333333333 0.2833333333333333 0.027083333333333334 0.03939393939393939
5 0.5270833333333333 0.21363636363636362 0.020833333333333332 0.03333333333333333
5 0.49375 0.42272727272727273 0.020833333333333332 0.03333333333333333
0 0.50625 0.2287878787878788 0.020833333333333332 0.03939393939393939
0 0.5291666666666667 0.4484848484848485 0.020833333333333332 0.03636363636363636
1 0.5864583333333333 0.2681818181818182 0.022916666666666665 0.03333333333333333
1 0.4791666666666667 0.33636363636363636 0.025 0.04242424242424243
1 0.3 0.30606060606060603 0.025 0.03636363636363636
1 0.8760416666666667 0.4954545454545455 0.027083333333333334 0.03333333333333333
1 0.8833333333333333 0.4590909090909091 0.025 0.03333333333333333
4 0.55 0.4712121212121212 0.008333333333333333 0.015151515151515152
3 0.9364583333333333 0.7575757575757576 0.12291666666666666 0.47878787878787876