3 0.9425675675675675 0.49836601307189543 0.11036036036036036 0.9967320261437909
4 0.6880630630630631 0.7483660130718954 0.01126126126126126 0.013071895424836602
1 0.6869369369369369 0.7254901960784313 0.02702702702702703 0.032679738562091505
1 0.5743243243243243 0.6470588235294118 0.02702702702702703 0.032679738562091505
1 0.6171171171171171 0.6421568627450981 0.02702702702702703 0.03594771241830065
1 0.6081081081081081 0.2696078431372549 0.02252252252252252 0.029411764705882353
1 0.7443693693693694 0.16666666666666666 0.024774774774774775 0.032679738562091505
0 0.652027027027027 0.5964052287581699 0.024774774774774775 0.029411764705882353
0 0.625 0.5980392156862745 0.024774774774774775 0.032679738562091505
5 0.7038288288288288 0.6601307189542484 0.024774774774774775 0.032679738562091505
5 0.8277027027027027 0.4019607843137255 0.024774774774774775 0.032679738562091505
2 0.7894144144144144 0.38235294117647056 0.024774774774774775 0.032679738562091505
2 0.6677927927927928 0.32679738562091504 0.024774774774774775 0.032679738562091505
2 0.759009009009009 0.12581699346405228 0.02702702702702703 0.03594771241830065
2 0.7150900900900901 0.7271241830065359 0.024774774774774775 0.03594771241830065
2 0.5754504504504504 0.5833333333333334 0.02027027027027027 0.029411764705882353