3 0.0546875 0.07741935483870968 0.10491071428571429 0.15483870967741936
2 0.3705357142857143 0.6419354838709678 0.026785714285714284 0.03870967741935484
2 0.2767857142857143 0.614516129032258 0.026785714285714284 0.041935483870967745
2 0.22767857142857142 0.7032258064516129 0.026785714285714284 0.03870967741935484
2 0.12165178571428571 0.6193548387096774 0.024553571428571428 0.03225806451612903
2 0.2689732142857143 0.717741935483871 0.024553571428571428 0.035483870967741936
5 0.25223214285714285 0.6806451612903226 0.022321428571428572 0.03225806451612903
5 0.2890625 0.6645161290322581 0.024553571428571428 0.03870967741935484
0 0.4720982142857143 0.682258064516129 0.024553571428571428 0.035483870967741936
0 0.21540178571428573 0.6661290322580645 0.024553571428571428 0.02903225806451613
1 0.41964285714285715 0.7161290322580646 0.022321428571428572 0.03225806451612903
1 0.41629464285714285 0.6241935483870967 0.024553571428571428 0.02903225806451613
1 0.34933035714285715 0.6919354838709677 0.024553571428571428 0.035483870967741936
1 0.234375 0.7580645161290323 0.022321428571428572 0.03225806451612903
1 0.09151785714285714 0.7354838709677419 0.022321428571428572 0.03225806451612903
4 0.11383928571428571 0.6 0.013392857142857142 0.012903225806451613
3 0.05022321428571429 0.535483870967742 0.09598214285714286 0.36774193548387096
3 0.05022321428571429 0.85 0.09598214285714286 0.1967741935483871