3 0.9910714285714286 0.5 0.013392857142857142 0.9935483870967742
3 0.04017857142857143 0.9048387096774193 0.07589285714285714 0.18387096774193548
2 0.3392857142857143 0.3258064516129032 0.026785714285714284 0.03870967741935484
2 0.24553571428571427 0.3532258064516129 0.026785714285714284 0.041935483870967745
2 0.19642857142857142 0.2645161290322581 0.026785714285714284 0.03870967741935484
2 0.09040178571428571 0.34838709677419355 0.024553571428571428 0.03225806451612903
2 0.23772321428571427 0.25 0.024553571428571428 0.035483870967741936
5 0.22098214285714285 0.2870967741935484 0.022321428571428572 0.03225806451612903
5 0.2578125 0.3032258064516129 0.024553571428571428 0.03870967741935484
0 0.4408482142857143 0.2854838709677419 0.024553571428571428 0.035483870967741936
0 0.18415178571428573 0.3016129032258065 0.024553571428571428 0.02903225806451613
1 0.38839285714285715 0.25161290322580643 0.022321428571428572 0.03225806451612903
1 0.38504464285714285 0.3435483870967742 0.024553571428571428 0.02903225806451613
1 0.31808035714285715 0.27580645161290324 0.024553571428571428 0.035483870967741936
1 0.203125 0.20967741935483872 0.022321428571428572 0.03225806451612903
1 0.060267857142857144 0.23225806451612904 0.022321428571428572 0.03225806451612903
4 0.08258928571428571 0.36774193548387096 0.013392857142857142 0.012903225806451613
3 0.03459821428571429 0.432258064516129 0.06473214285714286 0.36774193548387096
3 0.03459821428571429 0.11774193548387096 0.06473214285714286 0.1967741935483871