3 0.011652542372881356 0.5 0.023305084745762712 0.9938650306748467
3 0.9364406779661016 0.5 0.1271186440677966 0.9938650306748467
2 0.3495762711864407 0.09355828220858896 0.025423728813559324 0.03987730061349693
2 0.13135593220338984 0.06134969325153374 0.025423728813559324 0.04294478527607362
2 0.5084745762711864 0.44631901840490795 0.025423728813559324 0.03987730061349693
2 0.6292372881355932 0.44631901840490795 0.025423728813559324 0.03987730061349693
2 0.5646186440677966 0.8788343558282209 0.023305084745762712 0.03374233128834356
5 0.5582627118644068 0.17331288343558282 0.023305084745762712 0.03374233128834356
5 0.5190677966101694 0.22392638036809817 0.025423728813559324 0.03680981595092025
0 0.5201271186440678 0.602760736196319 0.023305084745762712 0.03374233128834356
0 0.461864406779661 0.05521472392638037 0.0211864406779661 0.03680981595092025
1 0.5858050847457628 0.3389570552147239 0.023305084745762712 0.03374233128834356
1 0.4671610169491525 0.3588957055214724 0.023305084745762712 0.03680981595092025
1 0.5805084745762712 0.44785276073619634 0.025423728813559324 0.03680981595092025
1 0.7351694915254238 0.5030674846625767 0.025423728813559324 0.03680981595092025
1 0.7680084745762712 0.5291411042944786 0.02754237288135593 0.03987730061349693
4 0.6959745762711864 0.74079754601227 0.01059322033898305 0.015337423312883436