3 0.9515765765765766 0.8839869281045751 0.09684684684684684 0.22549019607843138
2 0.8524774774774775 0.37745098039215685 0.02927927927927928 0.03594771241830065
2 0.7815315315315315 0.23529411764705882 0.02702702702702703 0.0392156862745098
2 0.7308558558558559 0.32516339869281047 0.02927927927927928 0.042483660130718956
2 0.6373873873873874 0.2957516339869281 0.02702702702702703 0.042483660130718956
2 0.740990990990991 0.22058823529411764 0.02702702702702703 0.03594771241830065
5 0.7195945945945946 0.2761437908496732 0.024774774774774775 0.03594771241830065
5 0.7567567567567568 0.2565359477124183 0.02702702702702703 0.03594771241830065
0 0.795045045045045 0.27450980392156865 0.02702702702702703 0.0392156862745098
0 0.5349099099099099 0.2565359477124183 0.024774774774774775 0.03594771241830065
1 0.588963963963964 0.22058823529411764 0.024774774774774775 0.03594771241830065
1 0.5912162162162162 0.3137254901960784 0.02927927927927928 0.0392156862745098
1 0.6587837837837838 0.24673202614379086 0.02927927927927928 0.042483660130718956
1 0.838963963963964 0.2042483660130719 0.024774774774774775 0.03594771241830065
1 0.7747747747747747 0.184640522875817 0.02702702702702703 0.03594771241830065
4 0.8885135135135135 0.35130718954248363 0.01126126126126126 0.016339869281045753
3 0.954954954954955 0.32679738562091504 0.08558558558558559 0.6470588235294118