3 0.06053811659192825 0.5 0.11659192825112108 0.9935064935064936
2 0.30493273542600896 0.17207792207792208 0.02242152466367713 0.03896103896103896
2 0.3609865470852018 0.36038961038961037 0.02242152466367713 0.03896103896103896
2 0.3195067264573991 0.375 0.02466367713004484 0.04220779220779221
2 0.5033632286995515 0.42045454545454547 0.02466367713004484 0.03571428571428571
2 0.23318385650224216 0.6542207792207793 0.026905829596412557 0.03571428571428571
5 0.4439461883408072 0.5503246753246753 0.02242152466367713 0.03571428571428571
5 0.4618834080717489 0.2922077922077922 0.02242152466367713 0.032467532467532464
0 0.5269058295964125 0.400974025974026 0.02242152466367713 0.03571428571428571
0 0.24551569506726456 0.6055194805194806 0.02466367713004484 0.04220779220779221
1 0.21300448430493274 0.6103896103896104 0.026905829596412557 0.03896103896103896
1 0.29035874439461884 0.538961038961039 0.02466367713004484 0.03896103896103896
1 0.2713004484304933 0.4512987012987013 0.02242152466367713 0.032467532467532464
1 0.42713004484304934 0.42207792207792205 0.02466367713004484 0.03896103896103896
1 0.547085201793722 0.32792207792207795 0.02242152466367713 0.03896103896103896
4 0.226457399103139 0.6785714285714286 0.008968609865470852 0.012987012987012988