3 0.06469298245614036 0.49841772151898733 0.125 0.9968354430379747
2 0.31140350877192985 0.8069620253164557 0.021929824561403508 0.0379746835443038
2 0.36622807017543857 0.6234177215189873 0.021929824561403508 0.0379746835443038
2 0.3256578947368421 0.6091772151898734 0.02412280701754386 0.04113924050632911
2 0.5054824561403509 0.564873417721519 0.02412280701754386 0.03481012658227848
2 0.2412280701754386 0.3370253164556962 0.02631578947368421 0.03481012658227848
5 0.4473684210526316 0.43829113924050633 0.021929824561403508 0.03481012658227848
5 0.4649122807017544 0.689873417721519 0.021929824561403508 0.03164556962025317
0 0.5285087719298246 0.5838607594936709 0.021929824561403508 0.03481012658227848
0 0.2532894736842105 0.38449367088607594 0.02412280701754386 0.04113924050632911
1 0.22149122807017543 0.379746835443038 0.02631578947368421 0.0379746835443038
1 0.29714912280701755 0.44936708860759494 0.02412280701754386 0.0379746835443038
1 0.27850877192982454 0.5348101265822784 0.021929824561403508 0.03164556962025317
1 0.4309210526315789 0.5632911392405063 0.02412280701754386 0.0379746835443038
1 0.5482456140350878 0.6550632911392406 0.021929824561403508 0.0379746835443038
4 0.23464912280701755 0.31329113924050633 0.008771929824561403 0.012658227848101266