3 0.02021276595744681 0.5 0.04042553191489362 0.9938271604938271
3 0.9531914893617022 0.8611111111111112 0.09361702127659574 0.2716049382716049
2 0.8553191489361702 0.4089506172839506 0.02553191489361702 0.033950617283950615
2 0.7425531914893617 0.3611111111111111 0.02553191489361702 0.037037037037037035
2 0.6531914893617021 0.3317901234567901 0.02553191489361702 0.040123456790123455
2 0.7914893617021277 0.2654320987654321 0.02553191489361702 0.037037037037037035
2 0.7510638297872341 0.26080246913580246 0.02553191489361702 0.033950617283950615
5 0.7308510638297873 0.3132716049382716 0.023404255319148935 0.033950617283950615
5 0.7648936170212766 0.29475308641975306 0.023404255319148935 0.033950617283950615
4 0.7734042553191489 0.30864197530864196 0.010638297872340425 0.012345679012345678
0 0.5563829787234043 0.2932098765432099 0.023404255319148935 0.030864197530864196
0 0.7946808510638298 0.2978395061728395 0.023404255319148935 0.027777777777777776
1 0.6063829787234043 0.26080246913580246 0.02127659574468085 0.027777777777777776
1 0.6106382978723405 0.3487654320987654 0.02127659574468085 0.030864197530864196
1 0.6723404255319149 0.2854938271604938 0.02553191489361702 0.033950617283950615
1 0.7819148936170213 0.22530864197530864 0.023404255319148935 0.037037037037037035
1 0.8414893617021276 0.24382716049382716 0.023404255319148935 0.030864197530864196
3 0.9553191489361702 0.21296296296296297 0.0851063829787234 0.41975308641975306