3 0.9303097345132744 0.4983974358974359 0.13495575221238937 0.9967948717948718
2 0.6792035398230089 0.8285256410256411 0.022123893805309734 0.035256410256410256
2 0.6227876106194691 0.6394230769230769 0.024336283185840708 0.041666666666666664
2 0.6648230088495575 0.6266025641025641 0.024336283185840708 0.041666666666666664
2 0.4834070796460177 0.5817307692307693 0.024336283185840708 0.035256410256410256
2 0.7488938053097345 0.35096153846153844 0.028761061946902654 0.035256410256410256
5 0.540929203539823 0.453525641025641 0.024336283185840708 0.035256410256410256
5 0.5243362831858407 0.7083333333333334 0.022123893805309734 0.03205128205128205
0 0.459070796460177 0.6009615384615384 0.024336283185840708 0.035256410256410256
0 0.7378318584070797 0.40064102564102566 0.024336283185840708 0.038461538461538464
1 0.7699115044247787 0.3958333333333333 0.02654867256637168 0.041666666666666664
1 0.6935840707964602 0.47115384615384615 0.024336283185840708 0.03205128205128205
1 0.713495575221239 0.5512820512820513 0.024336283185840708 0.038461538461538464
1 0.5586283185840708 0.5817307692307693 0.024336283185840708 0.035256410256410256
1 0.44026548672566373 0.6746794871794872 0.022123893805309734 0.035256410256410256
4 0.7566371681415929 0.3269230769230769 0.008849557522123894 0.01282051282051282