3 0.006756756756756757 0.49836601307189543 0.013513513513513514 0.9967320261437909
3 0.9650900900900901 0.119281045751634 0.06531531531531531 0.238562091503268
2 0.8783783783783784 0.5735294117647058 0.02702702702702703 0.03594771241830065
2 0.759009009009009 0.6241830065359477 0.02702702702702703 0.0392156862745098
2 0.6644144144144144 0.6552287581699346 0.02702702702702703 0.042483660130718956
2 0.8108108108108109 0.7254901960784313 0.02702702702702703 0.0392156862745098
2 0.7680180180180181 0.7303921568627451 0.02702702702702703 0.03594771241830065
5 0.7466216216216216 0.6748366013071896 0.024774774774774775 0.03594771241830065
5 0.7826576576576577 0.6944444444444444 0.024774774774774775 0.03594771241830065
4 0.7916666666666666 0.6797385620915033 0.01126126126126126 0.013071895424836602
0 0.5619369369369369 0.696078431372549 0.024774774774774775 0.032679738562091505
0 0.8141891891891891 0.6911764705882353 0.024774774774774775 0.029411764705882353
1 0.6148648648648649 0.7303921568627451 0.02252252252252252 0.029411764705882353
1 0.6193693693693694 0.6372549019607843 0.02252252252252252 0.032679738562091505
1 0.6846846846846847 0.704248366013072 0.02702702702702703 0.03594771241830065
1 0.8006756756756757 0.7679738562091504 0.024774774774774775 0.0392156862745098
1 0.8637387387387387 0.7483660130718954 0.024774774774774775 0.032679738562091505
3 0.9684684684684685 0.7777777777777778 0.05855855855855856 0.43790849673202614