3 0.9801762114537445 0.5 0.03524229074889868 0.9936305732484076
3 0.040748898678414094 0.5 0.07709251101321586 0.9936305732484076
2 0.2599118942731278 0.22770700636942676 0.022026431718061675 0.03503184713375796
2 0.31607929515418504 0.4156050955414013 0.024229074889867842 0.041401273885350316
2 0.27422907488986786 0.428343949044586 0.024229074889867842 0.041401273885350316
2 0.45484581497797355 0.4729299363057325 0.024229074889867842 0.03503184713375796
2 0.1905286343612335 0.7022292993630573 0.028634361233480177 0.03503184713375796
5 0.3975770925110132 0.6003184713375797 0.024229074889867842 0.03503184713375796
5 0.41409691629955947 0.3471337579617834 0.022026431718061675 0.03184713375796178
0 0.4790748898678414 0.4538216560509554 0.024229074889867842 0.03503184713375796
0 0.20154185022026433 0.6528662420382165 0.024229074889867842 0.03821656050955414
1 0.1696035242290749 0.6576433121019108 0.02643171806167401 0.041401273885350316
1 0.24559471365638766 0.5828025477707006 0.024229074889867842 0.03184713375796178
1 0.22577092511013216 0.5031847133757962 0.024229074889867842 0.03821656050955414
1 0.3799559471365639 0.4729299363057325 0.024229074889867842 0.03503184713375796
1 0.4977973568281938 0.38057324840764334 0.022026431718061675 0.03503184713375796
4 0.1828193832599119 0.7261146496815286 0.00881057268722467 0.012738853503184714