3 0.0546875 0.5 0.10491071428571429 0.9935483870967742
2 0.46986607142857145 0.4241935483870968 0.024553571428571428 0.035483870967741936
2 0.4955357142857143 0.432258064516129 0.022321428571428572 0.03870967741935484
2 0.47767857142857145 0.45806451612903226 0.022321428571428572 0.03225806451612903
2 0.33705357142857145 0.6112903225806452 0.026785714285714284 0.041935483870967745
2 0.21986607142857142 0.6661290322580645 0.029017857142857144 0.035483870967741936
5 0.48214285714285715 0.9822580645161291 0.026785714285714284 0.02903225806451613
5 0.46875 0.34516129032258064 0.022321428571428572 0.03225806451612903
0 0.37276785714285715 0.5516129032258065 0.026785714285714284 0.04516129032258064
0 0.22991071428571427 0.617741935483871 0.022321428571428572 0.035483870967741936
1 0.19754464285714285 0.6209677419354839 0.024553571428571428 0.035483870967741936
1 0.2544642857142857 0.4629032258064516 0.022321428571428572 0.02903225806451613
1 0.27566964285714285 0.5483870967741935 0.024553571428571428 0.03870967741935484
1 0.484375 0.3870967741935484 0.022321428571428572 0.03225806451612903
1 0.4877232142857143 0.9516129032258065 0.024553571428571428 0.03870967741935484
4 0.21205357142857142 0.6870967741935484 0.008928571428571428 0.012903225806451613