3 0.022435897435897436 0.5 0.04487179487179487 0.9937888198757764
3 0.9551282051282052 0.5 0.08974358974358974 0.9937888198757764
2 0.8226495726495726 0.09627329192546584 0.02564102564102564 0.037267080745341616
2 0.8012820512820513 0.11024844720496894 0.02564102564102564 0.040372670807453416
2 0.8365384615384616 0.20496894409937888 0.027777777777777776 0.037267080745341616
2 0.8151709401709402 0.38819875776397517 0.023504273504273504 0.031055900621118012
2 0.7446581196581197 0.38198757763975155 0.027777777777777776 0.037267080745341616
5 0.7532051282051282 0.31521739130434784 0.023504273504273504 0.034161490683229816
5 0.7168803418803419 0.38664596273291924 0.023504273504273504 0.034161490683229816
0 0.7222222222222222 0.2779503105590062 0.021367521367521368 0.034161490683229816
0 0.9113247863247863 0.453416149068323 0.023504273504273504 0.031055900621118012
1 0.7029914529914529 0.15372670807453417 0.021367521367521368 0.034161490683229816
1 0.7061965811965812 0.2204968944099379 0.023504273504273504 0.031055900621118012
1 0.8525641025641025 0.2375776397515528 0.021367521367521368 0.027950310559006212
1 0.813034188034188 0.32919254658385094 0.023504273504273504 0.037267080745341616
1 0.8365384615384616 0.33695652173913043 0.019230769230769232 0.027950310559006212
4 0.9177350427350427 0.4798136645962733 0.010683760683760684 0.015527950310559006