3 0.01867219917012448 0.49849397590361444 0.03734439834024896 0.9969879518072289
3 0.9387966804979253 0.49849397590361444 0.11825726141078838 0.9969879518072289
2 0.7946058091286307 0.8885542168674698 0.024896265560165973 0.03614457831325301
2 0.7738589211618258 0.875 0.024896265560165973 0.0391566265060241
2 0.808091286307054 0.7831325301204819 0.026970954356846474 0.03614457831325301
2 0.7873443983402489 0.6054216867469879 0.022821576763485476 0.030120481927710843
2 0.7188796680497925 0.6114457831325302 0.026970954356846474 0.03614457831325301
5 0.7271784232365145 0.6762048192771084 0.022821576763485476 0.03313253012048193
5 0.691908713692946 0.6069277108433735 0.022821576763485476 0.03313253012048193
0 0.6970954356846473 0.7123493975903614 0.02074688796680498 0.03313253012048193
0 0.8807053941908713 0.5421686746987951 0.022821576763485476 0.030120481927710843
1 0.6784232365145229 0.8328313253012049 0.02074688796680498 0.03313253012048193
1 0.6815352697095436 0.7680722891566265 0.022821576763485476 0.030120481927710843
1 0.8236514522821576 0.7515060240963856 0.02074688796680498 0.02710843373493976
1 0.7852697095435685 0.6626506024096386 0.022821576763485476 0.03614457831325301
1 0.808091286307054 0.6551204819277109 0.01867219917012448 0.02710843373493976
4 0.8869294605809128 0.516566265060241 0.01037344398340249 0.015060240963855422