3 0.9385964912280702 0.5 0.12280701754385964 0.9936708860759493
2 0.7872807017543859 0.0949367088607595 0.02631578947368421 0.0379746835443038
2 0.7653508771929824 0.10917721518987342 0.02631578947368421 0.04113924050632911
2 0.8015350877192983 0.20569620253164558 0.02850877192982456 0.0379746835443038
2 0.7796052631578947 0.3924050632911392 0.02412280701754386 0.03164556962025317
2 0.7072368421052632 0.3860759493670886 0.02850877192982456 0.0379746835443038
5 0.7160087719298246 0.3180379746835443 0.02412280701754386 0.03481012658227848
5 0.6787280701754386 0.39082278481012656 0.02412280701754386 0.03481012658227848
0 0.6842105263157895 0.2800632911392405 0.021929824561403508 0.03481012658227848
0 0.8782894736842105 0.4588607594936709 0.02412280701754386 0.03164556962025317
1 0.6644736842105263 0.15348101265822786 0.021929824561403508 0.03481012658227848
1 0.6677631578947368 0.22151898734177214 0.02412280701754386 0.03164556962025317
1 0.8179824561403509 0.2389240506329114 0.021929824561403508 0.028481012658227847
1 0.7774122807017544 0.3322784810126582 0.02412280701754386 0.0379746835443038
1 0.8015350877192983 0.3401898734177215 0.019736842105263157 0.028481012658227847
4 0.8848684210526315 0.48575949367088606 0.010964912280701754 0.015822784810126583