3 0.06418918918918919 0.5 0.12387387387387387 0.9934640522875817
2 0.23986486486486486 0.05392156862745098 0.024774774774774775 0.042483660130718956
2 0.14977477477477477 0.1388888888888889 0.02927927927927928 0.03594771241830065
2 0.22072072072072071 0.24836601307189543 0.02702702702702703 0.032679738562091505
2 0.22297297297297297 0.3431372549019608 0.02252252252252252 0.032679738562091505
2 0.2972972972972973 0.3333333333333333 0.02702702702702703 0.0392156862745098
5 0.2882882882882883 0.26143790849673204 0.02252252252252252 0.032679738562091505
5 0.3277027027027027 0.3366013071895425 0.024774774774774775 0.032679738562091505
0 0.32207207207207206 0.22549019607843138 0.02252252252252252 0.032679738562091505
0 0.12387387387387387 0.4084967320261438 0.02252252252252252 0.032679738562091505
1 0.15315315315315314 0.21405228758169934 0.02252252252252252 0.029411764705882353
1 0.20495495495495494 0.28594771241830064 0.02252252252252252 0.029411764705882353
1 0.23085585585585586 0.3055555555555556 0.024774774774774775 0.03594771241830065
1 0.34572072072072074 0.19934640522875818 0.02027027027027027 0.026143790849673203
1 0.3524774774774775 0.08496732026143791 0.024774774774774775 0.032679738562091505
4 0.11711711711711711 0.434640522875817 0.009009009009009009 0.013071895424836602