3 0.06526548672566372 0.4983974358974359 0.1261061946902655 0.9967948717948718
2 0.24225663716814158 0.8733974358974359 0.024336283185840708 0.041666666666666664
2 0.15376106194690264 0.7900641025641025 0.028761061946902654 0.035256410256410256
2 0.2234513274336283 0.6826923076923077 0.02654867256637168 0.03205128205128205
2 0.22566371681415928 0.5897435897435898 0.022123893805309734 0.03205128205128205
2 0.29867256637168144 0.5993589743589743 0.02654867256637168 0.038461538461538464
5 0.28982300884955753 0.6698717948717948 0.022123893805309734 0.03205128205128205
5 0.32853982300884954 0.5961538461538461 0.024336283185840708 0.03205128205128205
0 0.3230088495575221 0.7051282051282052 0.022123893805309734 0.03205128205128205
0 0.12831858407079647 0.5256410256410257 0.022123893805309734 0.03205128205128205
1 0.1570796460176991 0.7163461538461539 0.022123893805309734 0.028846153846153848
1 0.2079646017699115 0.6458333333333334 0.022123893805309734 0.028846153846153848
1 0.2334070796460177 0.6266025641025641 0.024336283185840708 0.035256410256410256
1 0.34623893805309736 0.7307692307692307 0.01991150442477876 0.02564102564102564
1 0.3528761061946903 0.842948717948718 0.024336283185840708 0.03205128205128205
4 0.12168141592920353 0.5 0.008849557522123894 0.01282051282051282