3 0.9868421052631579 0.5 0.021929824561403508 0.9936708860759493
3 0.043859649122807015 0.5 0.08333333333333333 0.9936708860759493
2 0.19736842105263158 0.0949367088607595 0.02631578947368421 0.04430379746835443
2 0.10964912280701754 0.17721518987341772 0.03070175438596491 0.04430379746835443
2 0.1787280701754386 0.28164556962025317 0.02850877192982456 0.04430379746835443
2 0.17982456140350878 0.37341772151898733 0.02631578947368421 0.0379746835443038
2 0.25219298245614036 0.3639240506329114 0.02631578947368421 0.0379746835443038
5 0.24451754385964913 0.29430379746835444 0.02412280701754386 0.0379746835443038
5 0.2817982456140351 0.3686708860759494 0.02412280701754386 0.03481012658227848
0 0.27521929824561403 0.2579113924050633 0.02412280701754386 0.03481012658227848
0 0.08223684210526316 0.435126582278481 0.02412280701754386 0.03481012658227848
1 0.2982456140350877 0.23259493670886075 0.021929824561403508 0.03481012658227848
1 0.1118421052631579 0.25158227848101267 0.02631578947368421 0.03481012658227848
1 0.18640350877192982 0.3370253164556962 0.02631578947368421 0.03481012658227848
1 0.1611842105263158 0.3180379746835443 0.02412280701754386 0.03481012658227848
1 0.30701754385964913 0.12658227848101267 0.02631578947368421 0.0379746835443038
4 0.07675438596491228 0.46360759493670883 0.013157894736842105 0.015822784810126583