3 0.9935344827586207 0.5 0.008620689655172414 0.99375
3 0.05818965517241379 0.5 0.11206896551724138 0.99375
2 0.22413793103448276 0.109375 0.02586206896551724 0.04375
2 0.13793103448275862 0.190625 0.03017241379310345 0.04375
2 0.20581896551724138 0.29375 0.028017241379310345 0.04375
2 0.20689655172413793 0.384375 0.02586206896551724 0.0375
2 0.27801724137931033 0.375 0.02586206896551724 0.0375
5 0.2704741379310345 0.30625 0.023706896551724137 0.0375
5 0.30711206896551724 0.3796875 0.023706896551724137 0.034375
0 0.30064655172413796 0.2703125 0.023706896551724137 0.034375
0 0.11099137931034483 0.4453125 0.023706896551724137 0.034375
1 0.3232758620689655 0.2453125 0.021551724137931036 0.034375
1 0.1400862068965517 0.2640625 0.02586206896551724 0.034375
1 0.21336206896551724 0.3484375 0.02586206896551724 0.034375
1 0.18857758620689655 0.3296875 0.023706896551724137 0.034375
1 0.33189655172413796 0.140625 0.02586206896551724 0.0375
4 0.10560344827586207 0.4734375 0.01293103448275862 0.015625