3 0.016666666666666666 0.5 0.03333333333333333 0.9939393939393939
3 0.9395833333333333 0.5 0.12083333333333333 0.9939393939393939
2 0.7708333333333334 0.13333333333333333 0.025 0.04242424242424243
2 0.8541666666666666 0.21212121212121213 0.029166666666666667 0.04242424242424243
2 0.7885416666666667 0.31212121212121213 0.027083333333333334 0.04242424242424243
2 0.7875 0.4 0.025 0.03636363636363636
2 0.71875 0.39090909090909093 0.025 0.03636363636363636
5 0.7260416666666667 0.3242424242424242 0.022916666666666665 0.03636363636363636
5 0.690625 0.39545454545454545 0.022916666666666665 0.03333333333333333
0 0.696875 0.28939393939393937 0.022916666666666665 0.03333333333333333
0 0.8802083333333334 0.4590909090909091 0.022916666666666665 0.03333333333333333
1 0.675 0.26515151515151514 0.020833333333333332 0.03333333333333333
1 0.8520833333333333 0.2833333333333333 0.025 0.03333333333333333
1 0.78125 0.36515151515151517 0.025 0.03333333333333333
1 0.8052083333333333 0.346969696969697 0.022916666666666665 0.03333333333333333
1 0.6666666666666666 0.16363636363636364 0.025 0.03636363636363636
4 0.8854166666666666 0.4863636363636364 0.0125 0.015151515151515152