3 0.020491803278688523 0.5 0.040983606557377046 0.9940652818991098
3 0.9375 0.5 0.125 0.9940652818991098
2 0.7418032786885246 0.24183976261127596 0.02459016393442623 0.03857566765578635
2 0.8288934426229508 0.21216617210682492 0.02663934426229508 0.03857566765578635
2 0.7858606557377049 0.31305637982195844 0.02663934426229508 0.03857566765578635
2 0.7838114754098361 0.3991097922848665 0.022540983606557378 0.032640949554896145
2 0.7172131147540983 0.39317507418397624 0.02459016393442623 0.03857566765578635
5 0.7243852459016393 0.3264094955489614 0.022540983606557378 0.02967359050445104
5 0.6895491803278688 0.39465875370919884 0.022540983606557378 0.02967359050445104
0 0.6956967213114754 0.2922848664688427 0.022540983606557378 0.032640949554896145
0 0.875 0.46142433234421365 0.020491803278688523 0.032640949554896145
1 0.6752049180327869 0.2685459940652819 0.022540983606557378 0.032640949554896145
1 0.6670081967213115 0.16765578635014836 0.02663934426229508 0.03857566765578635
1 0.8493852459016393 0.28486646884273 0.022540983606557378 0.02967359050445104
1 0.8012295081967213 0.35014836795252224 0.020491803278688523 0.02967359050445104
1 0.7776639344262295 0.3649851632047478 0.02663934426229508 0.03560830860534125
4 0.8872950819672131 0.4599406528189911 0.00819672131147541 0.011869436201780416