3 0.9826839826839827 0.5 0.030303030303030304 0.9937106918238994
3 0.048701298701298704 0.5 0.09307359307359307 0.9937106918238994
4 0.33766233766233766 0.710691823899371 0.008658008658008658 0.012578616352201259
1 0.34415584415584416 0.6933962264150944 0.021645021645021644 0.03459119496855346
1 0.5465367965367965 0.07075471698113207 0.01948051948051948 0.03459119496855346
1 0.22294372294372294 0.19339622641509435 0.021645021645021644 0.03459119496855346
1 0.18722943722943722 0.14622641509433962 0.023809523809523808 0.03459119496855346
0 0.3235930735930736 0.64937106918239 0.01948051948051948 0.03459119496855346
0 0.5584415584415584 0.7515723270440252 0.021645021645021644 0.03773584905660377
5 0.27056277056277056 0.6336477987421384 0.021645021645021644 0.03459119496855346
5 0.2846320346320346 0.0959119496855346 0.023809523809523808 0.040880503144654086
2 0.7142857142857143 0.1761006289308176 0.021645021645021644 0.03773584905660377
2 0.4015151515151515 0.47955974842767296 0.023809523809523808 0.03459119496855346
2 0.46645021645021645 0.47955974842767296 0.01948051948051948 0.02830188679245283
1 0.44047619047619047 0.5188679245283019 0.01948051948051948 0.031446540880503145
2 0.43506493506493504 0.8160377358490566 0.021645021645021644 0.040880503144654086
2 0.4837662337662338 0.8616352201257862 0.023809523809523808 0.03773584905660377