3 0.990909090909091 0.5 0.013636363636363636 0.993421052631579
3 0.035227272727272725 0.5 0.0659090909090909 0.993421052631579
4 0.32272727272727275 0.7105263157894737 0.00909090909090909 0.013157894736842105
1 0.32954545454545453 0.6924342105263158 0.022727272727272728 0.03618421052631579
1 0.5420454545454545 0.04111842105263158 0.020454545454545454 0.03618421052631579
1 0.20227272727272727 0.16940789473684212 0.022727272727272728 0.03618421052631579
1 0.16477272727272727 0.12006578947368421 0.025 0.03618421052631579
0 0.3079545454545455 0.6463815789473685 0.020454545454545454 0.03618421052631579
0 0.5545454545454546 0.7532894736842105 0.022727272727272728 0.039473684210526314
5 0.25227272727272726 0.6299342105263158 0.022727272727272728 0.03618421052631579
5 0.26704545454545453 0.06743421052631579 0.025 0.04276315789473684
2 0.7181818181818181 0.1513157894736842 0.022727272727272728 0.039473684210526314
2 0.38977272727272727 0.46875 0.025 0.03618421052631579
2 0.45795454545454545 0.46875 0.020454545454545454 0.029605263157894735
1 0.43068181818181817 0.5098684210526315 0.020454545454545454 0.03289473684210526
2 0.425 0.8207236842105263 0.022727272727272728 0.04276315789473684
2 0.47613636363636364 0.868421052631579 0.025 0.039473684210526314