3 0.9771784232365145 0.5 0.04149377593360996 1
3 0.06224066390041494 0.49849397590361444 0.12033195020746888 0.9969879518072289
2 0.7157676348547718 0.8057228915662651 0.024896265560165973 0.0391566265060241
2 0.4782157676348548 0.5135542168674698 0.022821576763485476 0.03313253012048193
2 0.4149377593360996 0.516566265060241 0.024896265560165973 0.03313253012048193
2 0.44813278008298757 0.19578313253012047 0.024896265560165973 0.03614457831325301
2 0.495850622406639 0.14909638554216867 0.024896265560165973 0.0391566265060241
5 0.40560165975103735 0.6370481927710844 0.022821576763485476 0.0391566265060241
5 0.29045643153526973 0.3689759036144578 0.024896265560165973 0.03313253012048193
0 0.3433609958506224 0.3539156626506024 0.022821576763485476 0.0391566265060241
0 0.5653526970954357 0.2575301204819277 0.022821576763485476 0.03313253012048193
1 0.3630705394190871 0.3102409638554217 0.02074688796680498 0.030120481927710843
1 0.4533195020746888 0.4759036144578313 0.022821576763485476 0.03614457831325301
1 0.553941908713693 0.9096385542168675 0.02074688796680498 0.03614457831325301
1 0.24481327800829875 0.7906626506024096 0.02074688796680498 0.03313253012048193
1 0.21058091286307054 0.8358433734939759 0.026970954356846474 0.0391566265060241
4 0.35477178423236516 0.29518072289156627 0.008298755186721992 0.012048192771084338