3 0.02092050209205021 0.4984848484848485 0.04184100418410042 0.996969696969697
3 0.9403765690376569 0.4984848484848485 0.11506276150627615 0.996969696969697
2 0.28451882845188287 0.8075757575757576 0.02510460251046025 0.03939393939393939
2 0.5240585774058577 0.5136363636363637 0.02301255230125523 0.03333333333333333
2 0.5878661087866108 0.5166666666666667 0.02510460251046025 0.03333333333333333
2 0.5543933054393305 0.19393939393939394 0.02510460251046025 0.03636363636363636
2 0.5062761506276151 0.14696969696969697 0.02510460251046025 0.03939393939393939
5 0.5972803347280334 0.6378787878787879 0.02301255230125523 0.03939393939393939
5 0.7133891213389121 0.36818181818181817 0.02510460251046025 0.03333333333333333
0 0.6600418410041841 0.353030303030303 0.02301255230125523 0.03939393939393939
0 0.4361924686192469 0.25606060606060604 0.02301255230125523 0.03333333333333333
1 0.6401673640167364 0.3090909090909091 0.02092050209205021 0.030303030303030304
1 0.549163179916318 0.47575757575757577 0.02301255230125523 0.03636363636363636
1 0.4476987447698745 0.9121212121212121 0.02092050209205021 0.03636363636363636
1 0.7594142259414226 0.7924242424242425 0.02092050209205021 0.03333333333333333
1 0.7939330543933054 0.8378787878787879 0.027196652719665274 0.03939393939393939
4 0.6485355648535565 0.29393939393939394 0.008368200836820083 0.012121212121212121