3 0.9446902654867256 0.4983974358974359 0.10619469026548672 0.9967948717948718
2 0.2588495575221239 0.8285256410256411 0.02654867256637168 0.041666666666666664
2 0.5121681415929203 0.5176282051282052 0.024336283185840708 0.035256410256410256
2 0.5796460176991151 0.5208333333333334 0.02654867256637168 0.035256410256410256
2 0.5442477876106194 0.1794871794871795 0.02654867256637168 0.038461538461538464
2 0.49336283185840707 0.12980769230769232 0.02654867256637168 0.041666666666666664
5 0.5896017699115044 0.6490384615384616 0.024336283185840708 0.041666666666666664
5 0.7123893805309734 0.36378205128205127 0.02654867256637168 0.035256410256410256
0 0.6559734513274337 0.34775641025641024 0.024336283185840708 0.041666666666666664
0 0.4192477876106195 0.24519230769230768 0.024336283185840708 0.035256410256410256
1 0.6349557522123894 0.30128205128205127 0.022123893805309734 0.03205128205128205
1 0.5387168141592921 0.4775641025641026 0.024336283185840708 0.038461538461538464
1 0.4314159292035398 0.9391025641025641 0.022123893805309734 0.038461538461538464
1 0.7610619469026548 0.8125 0.022123893805309734 0.035256410256410256
1 0.797566371681416 0.8605769230769231 0.028761061946902654 0.041666666666666664
4 0.6438053097345132 0.28525641025641024 0.008849557522123894 0.01282051282051282