3 0.02391304347826087 0.5 0.04782608695652174 0.9936708860759493
3 0.9652173913043478 0.8924050632911392 0.06956521739130435 0.2088607594936709
2 0.8793478260869565 0.18829113924050633 0.02826086956521739 0.04113924050632911
2 0.7869565217391304 0.21835443037974683 0.02608695652173913 0.0379746835443038
2 0.8347826086956521 0.2974683544303797 0.030434782608695653 0.0379746835443038
2 0.8326086956521739 0.3876582278481013 0.02608695652173913 0.03481012658227848
2 0.7608695652173914 0.3813291139240506 0.02608695652173913 0.04113924050632911
5 0.7315217391304348 0.3829113924050633 0.02391304347826087 0.03164556962025317
5 0.7695652173913043 0.310126582278481 0.021739130434782608 0.03164556962025317
0 0.7380434782608696 0.2737341772151899 0.02391304347826087 0.03481012658227848
0 0.8543478260869565 0.3670886075949367 0.021739130434782608 0.03164556962025317
1 0.7152173913043478 0.25 0.021739130434782608 0.03164556962025317
1 0.9 0.26424050632911394 0.021739130434782608 0.028481012658227847
1 0.7076086956521739 0.13924050632911392 0.02391304347826087 0.0379746835443038
1 0.8510869565217392 0.3322784810126582 0.02391304347826087 0.03164556962025317
1 0.8260869565217391 0.3512658227848101 0.02608695652173913 0.0379746835443038
4 0.8 0.23259493670886075 0.008695652173913044 0.015822784810126583
3 0.967391304347826 0.3212025316455696 0.06086956521739131 0.6360759493670886