3 0.9775641025641025 0.5 0.0405982905982906 1
3 0.04487179487179487 0.4984472049689441 0.08547008547008547 0.9968944099378882
2 0.1955128205128205 0.8416149068322981 0.023504273504273504 0.031055900621118012
2 0.25 0.7065217391304348 0.02564102564102564 0.034161490683229816
2 0.20619658119658119 0.6677018633540373 0.027777777777777776 0.031055900621118012
2 0.3418803418803419 0.639751552795031 0.02564102564102564 0.037267080745341616
2 0.24572649572649571 0.7515527950310559 0.02564102564102564 0.037267080745341616
5 0.21153846153846154 0.6335403726708074 0.02564102564102564 0.031055900621118012
5 0.28525641025641024 0.8152173913043478 0.023504273504273504 0.034161490683229816
0 0.2692307692307692 0.5403726708074534 0.02564102564102564 0.031055900621118012
0 0.37713675213675213 0.6086956521739131 0.023504273504273504 0.031055900621118012
1 0.38461538461538464 0.6630434782608695 0.02564102564102564 0.034161490683229816
1 0.31517094017094016 0.6444099378881988 0.023504273504273504 0.034161490683229816
1 0.2841880341880342 0.6444099378881988 0.021367521367521368 0.027950310559006212
1 0.27136752136752135 0.7795031055900621 0.02564102564102564 0.037267080745341616
1 0.2863247863247863 0.562111801242236 0.02564102564102564 0.031055900621118012
4 0.19764957264957264 0.6832298136645962 0.010683760683760684 0.012422360248447204