3 0.9409090909090909 0.5 0.11818181818181818 0.993421052631579
2 0.7670454545454546 0.15789473684210525 0.025 0.03289473684210526
2 0.7090909090909091 0.30098684210526316 0.02727272727272727 0.03618421052631579
2 0.7556818181818182 0.34210526315789475 0.029545454545454545 0.03289473684210526
2 0.6113636363636363 0.3717105263157895 0.02727272727272727 0.039473684210526314
2 0.7136363636363636 0.2532894736842105 0.02727272727272727 0.039473684210526314
5 0.75 0.3782894736842105 0.02727272727272727 0.03289473684210526
5 0.6715909090909091 0.18585526315789475 0.025 0.03618421052631579
0 0.6886363636363636 0.4769736842105263 0.02727272727272727 0.03289473684210526
0 0.5738636363636364 0.40460526315789475 0.025 0.03289473684210526
1 0.5659090909090909 0.3470394736842105 0.02727272727272727 0.03618421052631579
1 0.6397727272727273 0.3667763157894737 0.025 0.03618421052631579
1 0.6727272727272727 0.3667763157894737 0.022727272727272728 0.029605263157894735
1 0.6863636363636364 0.2236842105263158 0.02727272727272727 0.039473684210526314
1 0.6704545454545454 0.45394736842105265 0.02727272727272727 0.03289473684210526
4 0.7647727272727273 0.3256578947368421 0.011363636363636364 0.013157894736842105