3 0.989451476793249 0.5 0.016877637130801686 1
3 0.06223628691983123 0.49847560975609756 0.12025316455696203 0.9969512195121951
2 0.2289029535864979 0.8292682926829268 0.023206751054852322 0.03048780487804878
2 0.28270042194092826 0.6966463414634146 0.02531645569620253 0.03353658536585366
2 0.23945147679324894 0.6585365853658537 0.027426160337552744 0.03048780487804878
2 0.37341772151898733 0.6310975609756098 0.02531645569620253 0.036585365853658534
2 0.27848101265822783 0.7408536585365854 0.02531645569620253 0.036585365853658534
5 0.24472573839662448 0.625 0.02531645569620253 0.03048780487804878
5 0.31751054852320676 0.8033536585365854 0.023206751054852322 0.03353658536585366
0 0.30168776371308015 0.5335365853658537 0.02531645569620253 0.03048780487804878
0 0.40822784810126583 0.600609756097561 0.023206751054852322 0.03048780487804878
1 0.41561181434599154 0.6539634146341463 0.02531645569620253 0.03353658536585366
1 0.3470464135021097 0.635670731707317 0.023206751054852322 0.03353658536585366
1 0.31645569620253167 0.635670731707317 0.02109704641350211 0.027439024390243903
1 0.3037974683544304 0.7682926829268293 0.02531645569620253 0.036585365853658534
1 0.31856540084388185 0.5548780487804879 0.02531645569620253 0.03048780487804878
4 0.2310126582278481 0.6737804878048781 0.010548523206751054 0.012195121951219513