3 0.9793577981651376 0.5 0.03669724770642202 0.9933333333333333
2 0.07912844036697247 0.21833333333333332 0.02981651376146789 0.043333333333333335
2 0.17660550458715596 0.25 0.027522935779816515 0.04
2 0.12729357798165136 0.3333333333333333 0.02981651376146789 0.04
2 0.12844036697247707 0.43 0.027522935779816515 0.04
2 0.20412844036697247 0.42 0.027522935779816515 0.04
5 0.20642201834862386 0.345 0.022935779816513763 0.03666666666666667
5 0.23509174311926606 0.42333333333333334 0.02522935779816514 0.03333333333333333
0 0.22935779816513763 0.30833333333333335 0.022935779816513763 0.03666666666666667
0 0.10435779816513761 0.4033333333333333 0.02522935779816514 0.03333333333333333
1 0.25229357798165136 0.2833333333333333 0.022935779816513763 0.03333333333333333
1 0.05733944954128441 0.29833333333333334 0.027522935779816515 0.03666666666666667
1 0.10894495412844037 0.37 0.02981651376146789 0.03333333333333333
1 0.13646788990825687 0.39166666666666666 0.02981651376146789 0.03666666666666667
1 0.26146788990825687 0.16666666666666666 0.027522935779816515 0.04
4 0.1915137614678899 0.3466666666666667 0.006880733944954129 0.013333333333333334