3 0.9839743589743589 0.5 0.027777777777777776 0.9937888198757764
3 0.05235042735042735 0.9037267080745341 0.10042735042735043 0.18633540372670807
2 0.1485042735042735 0.19099378881987578 0.027777777777777776 0.040372670807453416
2 0.23931623931623933 0.2204968944099379 0.02564102564102564 0.037267080745341616
2 0.19337606837606838 0.2981366459627329 0.027777777777777776 0.037267080745341616
2 0.19444444444444445 0.38819875776397517 0.02564102564102564 0.037267080745341616
2 0.26495726495726496 0.37888198757763975 0.02564102564102564 0.037267080745341616
5 0.2670940170940171 0.3090062111801242 0.021367521367521368 0.034161490683229816
5 0.2938034188034188 0.38198757763975155 0.023504273504273504 0.031055900621118012
0 0.28846153846153844 0.2748447204968944 0.021367521367521368 0.034161490683229816
0 0.172008547008547 0.36335403726708076 0.023504273504273504 0.031055900621118012
1 0.30982905982905984 0.2515527950310559 0.021367521367521368 0.031055900621118012
1 0.1282051282051282 0.265527950310559 0.02564102564102564 0.034161490683229816
1 0.1762820512820513 0.33229813664596275 0.027777777777777776 0.031055900621118012
1 0.20192307692307693 0.35248447204968947 0.027777777777777776 0.034161490683229816
1 0.31837606837606836 0.14285714285714285 0.02564102564102564 0.037267080745341616
4 0.2532051282051282 0.3105590062111801 0.00641025641025641 0.012422360248447204
3 0.04700854700854701 0.2686335403726708 0.08974358974358974 0.531055900621118