3 0.049107142857142856 0.07096774193548387 0.09375 0.14193548387096774
2 0.14620535714285715 0.785483870967742 0.029017857142857144 0.041935483870967745
2 0.24107142857142858 0.7548387096774194 0.026785714285714284 0.03870967741935484
2 0.19308035714285715 0.6741935483870968 0.029017857142857144 0.03870967741935484
2 0.19419642857142858 0.5806451612903226 0.026785714285714284 0.03870967741935484
2 0.26785714285714285 0.5903225806451613 0.026785714285714284 0.03870967741935484
5 0.2700892857142857 0.6629032258064517 0.022321428571428572 0.035483870967741936
5 0.29799107142857145 0.5870967741935483 0.024553571428571428 0.03225806451612903
0 0.2924107142857143 0.6983870967741935 0.022321428571428572 0.035483870967741936
0 0.17075892857142858 0.6064516129032258 0.024553571428571428 0.03225806451612903
1 0.31473214285714285 0.7225806451612903 0.022321428571428572 0.03225806451612903
1 0.125 0.7080645161290322 0.026785714285714284 0.035483870967741936
1 0.17522321428571427 0.6387096774193548 0.029017857142857144 0.03225806451612903
1 0.20200892857142858 0.617741935483871 0.029017857142857144 0.035483870967741936
1 0.3236607142857143 0.8354838709677419 0.026785714285714284 0.03870967741935484
4 0.25558035714285715 0.6612903225806451 0.006696428571428571 0.012903225806451613
3 0.044642857142857144 0.7129032258064516 0.08482142857142858 0.567741935483871