3 0.013598326359832637 0.4984848484848485 0.027196652719665274 0.996969696969697
3 0.9382845188284519 0.08636363636363636 0.1192468619246862 0.17272727272727273
2 0.8315899581589958 0.8045454545454546 0.027196652719665274 0.03939393939393939
2 0.7573221757322176 0.7772727272727272 0.02510460251046025 0.03939393939393939
2 0.6799163179916318 0.7712121212121212 0.02510460251046025 0.03939393939393939
2 0.5062761506276151 0.7560606060606061 0.02092050209205021 0.03333333333333333
2 0.5638075313807531 0.5515151515151515 0.02301255230125523 0.03636363636363636
5 0.700836820083682 0.7878787878787878 0.02092050209205021 0.030303030303030304
5 0.6370292887029289 0.8287878787878787 0.02301255230125523 0.03333333333333333
0 0.7280334728033473 0.7878787878787878 0.02092050209205021 0.030303030303030304
0 0.5889121338912134 0.8 0.02301255230125523 0.03636363636363636
1 0.44037656903765693 0.6378787878787879 0.02301255230125523 0.03333333333333333
1 0.850418410041841 0.6636363636363637 0.027196652719665274 0.03636363636363636
1 0.852510460251046 0.7318181818181818 0.02301255230125523 0.03333333333333333
1 0.7552301255230126 0.7227272727272728 0.02510460251046025 0.03333333333333333
1 0.6725941422594143 0.8045454545454546 0.02301255230125523 0.03333333333333333
4 0.7552301255230126 0.6984848484848485 0.012552301255230125 0.015151515151515152
3 0.9424686192468619 0.706060606060606 0.1108786610878661 0.5818181818181818