3 0.018085106382978722 0.4984567901234568 0.036170212765957444 0.9969135802469136
3 0.95 0.08641975308641975 0.09574468085106383 0.1728395061728395
2 0.8542553191489362 0.816358024691358 0.027659574468085105 0.040123456790123455
2 0.7787234042553192 0.7885802469135802 0.02553191489361702 0.040123456790123455
2 0.7 0.7824074074074074 0.02553191489361702 0.040123456790123455
2 0.5234042553191489 0.7669753086419753 0.02127659574468085 0.033950617283950615
2 0.5819148936170213 0.558641975308642 0.023404255319148935 0.037037037037037035
5 0.7212765957446808 0.7993827160493827 0.02127659574468085 0.030864197530864196
5 0.6563829787234042 0.8410493827160493 0.023404255319148935 0.033950617283950615
0 0.7489361702127659 0.7993827160493827 0.02127659574468085 0.030864197530864196
0 0.6074468085106383 0.8117283950617284 0.023404255319148935 0.037037037037037035
1 0.4563829787234043 0.6466049382716049 0.023404255319148935 0.033950617283950615
1 0.8734042553191489 0.6728395061728395 0.027659574468085105 0.037037037037037035
1 0.875531914893617 0.7422839506172839 0.023404255319148935 0.033950617283950615
1 0.776595744680851 0.7330246913580247 0.02553191489361702 0.033950617283950615
1 0.6925531914893617 0.816358024691358 0.023404255319148935 0.033950617283950615
4 0.776595744680851 0.7083333333333334 0.01276595744680851 0.015432098765432098
3 0.9542553191489361 0.7083333333333334 0.08723404255319149 0.5771604938271605