3 0.974669603524229 0.5 0.046255506607929514 1
3 0.03303964757709251 0.4984076433121019 0.06167400881057269 0.9968152866242038
2 0.6949339207048458 0.8264331210191083 0.028634361233480177 0.041401273885350316
2 0.3777533039647577 0.5207006369426752 0.024229074889867842 0.041401273885350316
2 0.42951541850220265 0.5143312101910829 0.022026431718061675 0.03503184713375796
2 0.4118942731277533 0.17993630573248406 0.02643171806167401 0.041401273885350316
2 0.46255506607929514 0.1321656050955414 0.02643171806167401 0.041401273885350316
5 0.2444933920704846 0.3630573248407643 0.02643171806167401 0.03821656050955414
5 0.3964757709251101 0.5461783439490446 0.022026431718061675 0.03503184713375796
0 0.30066079295154186 0.3487261146496815 0.024229074889867842 0.03503184713375796
0 0.5363436123348018 0.2484076433121019 0.024229074889867842 0.03821656050955414
1 0.32048458149779735 0.30254777070063693 0.024229074889867842 0.03821656050955414
1 0.40308370044052866 0.4554140127388535 0.02643171806167401 0.03821656050955414
1 0.45044052863436124 0.5238853503184714 0.024229074889867842 0.03503184713375796
1 0.38876651982378857 0.5764331210191083 0.024229074889867842 0.03821656050955414
1 0.1960352422907489 0.8089171974522293 0.022026431718061675 0.03821656050955414
4 0.31277533039647576 0.28662420382165604 0.00881057268722467 0.012738853503184714