3 0.02151639344262295 0.5 0.0430327868852459 1
3 0.9334016393442623 0.5 0.1290983606557377 1
2 0.2838114754098361 0.8110119047619048 0.030737704918032786 0.044642857142857144
2 0.5317622950819673 0.5133928571428571 0.022540983606557378 0.03273809523809524
2 0.5788934426229508 0.5178571428571429 0.022540983606557378 0.03571428571428571
2 0.5471311475409836 0.20238095238095238 0.02459016393442623 0.03571428571428571
2 0.5 0.15625 0.02459016393442623 0.03869047619047619
5 0.5604508196721312 0.5416666666666666 0.022540983606557378 0.02976190476190476
5 0.7038934426229508 0.37351190476190477 0.022540983606557378 0.03273809523809524
0 0.6506147540983607 0.35714285714285715 0.022540983606557378 0.03571428571428571
0 0.43135245901639346 0.2648809523809524 0.018442622950819672 0.03571428571428571
1 0.6301229508196722 0.3169642857142857 0.022540983606557378 0.03273809523809524
1 0.5122950819672131 0.5223214285714286 0.020491803278688523 0.03273809523809524
1 0.5543032786885246 0.45982142857142855 0.022540983606557378 0.03273809523809524
1 0.5686475409836066 0.5714285714285714 0.022540983606557378 0.03571428571428571
1 0.7479508196721312 0.7916666666666666 0.020491803278688523 0.02976190476190476
4 0.639344262295082 0.3005952380952381 0.00819672131147541 0.011904761904761904