3 0.05227272727272727 0.5 0.1 0.993421052631579
2 0.7488636363636364 0.15953947368421054 0.03409090909090909 0.049342105263157895
2 0.4738636363636364 0.48848684210526316 0.025 0.03618421052631579
2 0.42159090909090907 0.48355263157894735 0.025 0.039473684210526314
2 0.45681818181818185 0.8322368421052632 0.02727272727272727 0.039473684210526314
2 0.509090909090909 0.8832236842105263 0.02727272727272727 0.04276315789473684
5 0.4420454545454545 0.45723684210526316 0.025 0.03289473684210526
5 0.28295454545454546 0.6430921052631579 0.025 0.03618421052631579
0 0.34204545454545454 0.6611842105263158 0.025 0.039473684210526314
0 0.5852272727272727 0.7631578947368421 0.020454545454545454 0.039473684210526314
1 0.36477272727272725 0.7055921052631579 0.025 0.03618421052631579
1 0.4954545454545455 0.4786184210526316 0.022727272727272728 0.03618421052631579
1 0.44886363636363635 0.5476973684210527 0.025 0.03618421052631579
1 0.4329545454545455 0.4243421052631579 0.025 0.039473684210526314
1 0.2340909090909091 0.18092105263157895 0.022727272727272728 0.03289473684210526
4 0.35454545454545455 0.7236842105263158 0.00909090909090909 0.013157894736842105