3 0.06357758620689655 0.8953125 0.12284482758620689 0.203125
2 0.5075431034482759 0.240625 0.023706896551724137 0.0375
2 0.3297413793103448 0.221875 0.02586206896551724 0.0375
2 0.25 0.215625 0.02586206896551724 0.0375
2 0.1724137931034483 0.1890625 0.02586206896551724 0.040625
2 0.44935344827586204 0.4484375 0.023706896551724137 0.034375
5 0.375 0.1640625 0.021551724137931036 0.034375
5 0.3081896551724138 0.20625 0.021551724137931036 0.03125
0 0.2790948275862069 0.20625 0.023706896551724137 0.03125
0 0.4234913793103448 0.1953125 0.023706896551724137 0.034375
1 0.33728448275862066 0.190625 0.023706896551724137 0.03125
1 0.15301724137931033 0.265625 0.02586206896551724 0.03125
1 0.15301724137931033 0.3328125 0.03017241379310345 0.034375
1 0.2510775862068966 0.271875 0.028017241379310345 0.03125
1 0.5765086206896551 0.3609375 0.023706896551724137 0.034375
4 0.2510775862068966 0.2984375 0.010775862068965518 0.015625
3 0.0603448275862069 0.2328125 0.11637931034482758 0.459375