3 0.06502242152466367 0.887987012987013 0.12556053811659193 0.21753246753246752
2 0.5257847533632287 0.20454545454545456 0.02466367713004484 0.03896103896103896
2 0.34080717488789236 0.18506493506493507 0.026905829596412557 0.03896103896103896
2 0.257847533632287 0.17857142857142858 0.026905829596412557 0.03896103896103896
2 0.17713004484304934 0.15097402597402598 0.026905829596412557 0.04220779220779221
2 0.46524663677130046 0.42045454545454547 0.02466367713004484 0.03571428571428571
5 0.38789237668161436 0.125 0.02242152466367713 0.03571428571428571
5 0.3183856502242152 0.16883116883116883 0.02242152466367713 0.032467532467532464
0 0.2881165919282511 0.16883116883116883 0.02466367713004484 0.032467532467532464
0 0.4383408071748879 0.15746753246753248 0.02466367713004484 0.03571428571428571
1 0.3486547085201794 0.1525974025974026 0.02466367713004484 0.032467532467532464
1 0.15695067264573992 0.2305194805194805 0.026905829596412557 0.032467532467532464
1 0.15695067264573992 0.3003246753246753 0.03139013452914798 0.03571428571428571
1 0.2589686098654709 0.237012987012987 0.02914798206278027 0.032467532467532464
1 0.5975336322869955 0.32954545454545453 0.02466367713004484 0.03571428571428571
4 0.2589686098654709 0.26461038961038963 0.011210762331838564 0.016233766233766232
3 0.061659192825112105 0.21915584415584416 0.11883408071748879 0.4318181818181818