3 0.022123893805309734 0.5 0.04424778761061947 0.9935897435897436
3 0.9723451327433629 0.9743589743589743 0.05530973451327434 0.04487179487179487
2 0.5486725663716814 0.22596153846153846 0.022123893805309734 0.035256410256410256
2 0.6913716814159292 0.3926282051282051 0.024336283185840708 0.041666666666666664
2 0.915929203539823 0.21955128205128205 0.02654867256637168 0.035256410256410256
2 0.9137168141592921 0.28846153846153844 0.030973451327433628 0.03205128205128205
2 0.6095132743362832 0.4407051282051282 0.024336283185840708 0.035256410256410256
5 0.7256637168141593 0.32051282051282054 0.022123893805309734 0.03205128205128205
5 0.6858407079646017 0.14903846153846154 0.022123893805309734 0.035256410256410256
0 0.6360619469026548 0.1794871794871795 0.024336283185840708 0.038461538461538464
0 0.7488938053097345 0.34134615384615385 0.024336283185840708 0.035256410256410256
1 0.6626106194690266 0.39903846153846156 0.024336283185840708 0.035256410256410256
1 0.47898230088495575 0.34935897435897434 0.024336283185840708 0.038461538461538464
1 0.672566371681416 0.2467948717948718 0.022123893805309734 0.03205128205128205
1 0.9137168141592921 0.2548076923076923 0.022123893805309734 0.028846153846153848
1 0.9148230088495575 0.32371794871794873 0.024336283185840708 0.03205128205128205
4 0.7035398230088495 0.40224358974358976 0.008849557522123894 0.016025641025641024
3 0.9745575221238938 0.2932692307692308 0.046460176991150445 0.5801282051282052