2 0.5089686098654709 0.7321428571428571 0.02242152466367713 0.03571428571428571
2 0.36434977578475336 0.5633116883116883 0.02466367713004484 0.04220779220779221
2 0.1367713004484305 0.7386363636363636 0.026905829596412557 0.03571428571428571
2 0.13901345291479822 0.6688311688311688 0.03139013452914798 0.032467532467532464
2 0.44730941704035876 0.5146103896103896 0.02466367713004484 0.03571428571428571
5 0.3295964125560538 0.6363636363636364 0.02242152466367713 0.032467532467532464
5 0.36995515695067266 0.810064935064935 0.02242152466367713 0.03571428571428571
0 0.4204035874439462 0.7792207792207793 0.02466367713004484 0.03896103896103896
0 0.3060538116591928 0.6152597402597403 0.02466367713004484 0.03571428571428571
1 0.39349775784753366 0.5568181818181818 0.02466367713004484 0.03571428571428571
1 0.5795964125560538 0.6071428571428571 0.02466367713004484 0.03896103896103896
1 0.3834080717488789 0.711038961038961 0.02242152466367713 0.032467532467532464
1 0.13901345291479822 0.702922077922078 0.02242152466367713 0.02922077922077922
1 0.13789237668161436 0.6331168831168831 0.02466367713004484 0.032467532467532464
4 0.35201793721973096 0.5535714285714286 0.008968609865470852 0.016233766233766232
3 0.0515695067264574 0.6834415584415584 0.09865470852017937 0.6266233766233766