3 0.9882478632478633 0.5 0.019230769230769232 0.9937888198757764
3 0.05555555555555555 0.9813664596273292 0.10683760683760683 0.031055900621118012
2 0.4893162393162393 0.26242236024844723 0.021367521367521368 0.034161490683229816
2 0.35149572649572647 0.42391304347826086 0.023504273504273504 0.040372670807453416
2 0.1346153846153846 0.2562111801242236 0.02564102564102564 0.034161490683229816
2 0.13675213675213677 0.32298136645962733 0.029914529914529916 0.031055900621118012
2 0.4305555555555556 0.4704968944099379 0.023504273504273504 0.034161490683229816
5 0.31837606837606836 0.35403726708074534 0.021367521367521368 0.031055900621118012
5 0.35683760683760685 0.18788819875776397 0.021367521367521368 0.034161490683229816
0 0.4049145299145299 0.21739130434782608 0.023504273504273504 0.037267080745341616
0 0.29594017094017094 0.37422360248447206 0.023504273504273504 0.034161490683229816
1 0.37927350427350426 0.4301242236024845 0.023504273504273504 0.034161490683229816
1 0.5566239316239316 0.38198757763975155 0.023504273504273504 0.037267080745341616
1 0.3696581196581197 0.2826086956521739 0.021367521367521368 0.031055900621118012
1 0.13675213675213677 0.29037267080745344 0.021367521367521368 0.027950310559006212
1 0.13568376068376067 0.35714285714285715 0.023504273504273504 0.031055900621118012
4 0.33974358974358976 0.4332298136645963 0.008547008547008548 0.015527950310559006
3 0.05128205128205128 0.3059006211180124 0.09829059829059829 0.6055900621118012