3 0.02074688796680498 0.49849397590361444 0.04149377593360996 0.9969879518072289
3 0.9367219917012448 0.49849397590361444 0.12240663900414937 0.9969879518072289
2 0.5819502074688797 0.5195783132530121 0.022821576763485476 0.0391566265060241
2 0.5342323651452282 0.5135542168674698 0.022821576763485476 0.0391566265060241
2 0.6172199170124482 0.27259036144578314 0.022821576763485476 0.0391566265060241
2 0.549792531120332 0.19879518072289157 0.024896265560165973 0.04216867469879518
2 0.5020746887966805 0.15210843373493976 0.024896265560165973 0.0391566265060241
5 0.7074688796680498 0.3704819277108434 0.024896265560165973 0.03614457831325301
5 0.5632780082987552 0.5421686746987951 0.022821576763485476 0.03614457831325301
0 0.6545643153526971 0.35542168674698793 0.022821576763485476 0.03614457831325301
0 0.43257261410788383 0.25903614457831325 0.022821576763485476 0.03614457831325301
1 0.6348547717842323 0.3132530120481928 0.02074688796680498 0.030120481927710843
1 0.558091286307054 0.4578313253012048 0.024896265560165973 0.03614457831325301
1 0.5114107883817427 0.5210843373493976 0.022821576763485476 0.03614457831325301
1 0.5705394190871369 0.572289156626506 0.024896265560165973 0.03614457831325301
1 0.7531120331950207 0.7921686746987951 0.02074688796680498 0.03614457831325301
4 0.6441908713692946 0.29819277108433734 0.01037344398340249 0.012048192771084338