3 0.9429824561403509 0.49841772151898733 0.10964912280701754 0.9968354430379747
2 0.631578947368421 0.7436708860759493 0.02631578947368421 0.0379746835443038
2 0.606359649122807 0.7278481012658228 0.02412280701754386 0.0379746835443038
2 0.868421052631579 0.7468354430379747 0.02631578947368421 0.0379746835443038
2 0.8223684210526315 0.7484177215189873 0.02631578947368421 0.04113924050632911
2 0.7752192982456141 0.7642405063291139 0.02850877192982456 0.03481012658227848
5 0.7774122807017544 0.810126582278481 0.02412280701754386 0.03164556962025317
5 0.6710526315789473 0.6455696202531646 0.021929824561403508 0.03164556962025317
0 0.6929824561403509 0.6265822784810127 0.021929824561403508 0.03164556962025317
0 0.6129385964912281 0.8591772151898734 0.02412280701754386 0.03481012658227848
1 0.8453947368421053 0.75 0.019736842105263157 0.0379746835443038
1 0.8004385964912281 0.7610759493670886 0.021929824561403508 0.04113924050632911
1 0.6425438596491229 0.7025316455696202 0.021929824561403508 0.03164556962025317
1 0.6666666666666666 0.7056962025316456 0.021929824561403508 0.0379746835443038
1 0.6973684210526315 0.6724683544303798 0.02631578947368421 0.03481012658227848
4 0.7752192982456141 0.7863924050632911 0.010964912280701754 0.00949367088607595