3 0.05701754385964912 0.49841772151898733 0.10964912280701754 0.9968354430379747
2 0.42214912280701755 0.5300632911392406 0.02412280701754386 0.04113924050632911
2 0.4725877192982456 0.5237341772151899 0.02412280701754386 0.04113924050632911
2 0.3848684210526316 0.27056962025316456 0.02412280701754386 0.04113924050632911
2 0.45614035087719296 0.1930379746835443 0.02631578947368421 0.04430379746835443
2 0.506578947368421 0.1439873417721519 0.02631578947368421 0.04113924050632911
5 0.2894736842105263 0.37341772151898733 0.02631578947368421 0.0379746835443038
5 0.4418859649122807 0.5537974683544303 0.02412280701754386 0.0379746835443038
0 0.34539473684210525 0.3575949367088608 0.02412280701754386 0.0379746835443038
0 0.5800438596491229 0.2563291139240506 0.02412280701754386 0.0379746835443038
1 0.36622807017543857 0.31329113924050633 0.021929824561403508 0.03164556962025317
1 0.4473684210526316 0.4651898734177215 0.02631578947368421 0.0379746835443038
1 0.4967105263157895 0.5316455696202531 0.02412280701754386 0.0379746835443038
1 0.4342105263157895 0.5854430379746836 0.02631578947368421 0.0379746835443038
1 0.2412280701754386 0.8164556962025317 0.021929824561403508 0.0379746835443038
4 0.35635964912280704 0.2974683544303797 0.010964912280701754 0.012658227848101266