3 0.9915254237288136 0.25 0.012711864406779662 0.5
3 0.06673728813559322 0.49846625766871167 0.1292372881355932 0.9969325153374233
2 0.777542372881356 0.4432515337423313 0.025423728813559324 0.03987730061349693
2 0.5963983050847458 0.44631901840490795 0.023305084745762712 0.03374233128834356
2 0.7690677966101694 0.1549079754601227 0.025423728813559324 0.03987730061349693
2 0.3654661016949153 0.2331288343558282 0.023305084745762712 0.03680981595092025
2 0.4989406779661017 0.3834355828220859 0.023305084745762712 0.03680981595092025
5 0.2849576271186441 0.3987730061349693 0.023305084745762712 0.03067484662576687
5 0.9915254237288136 0.5122699386503068 0.012711864406779662 0.03680981595092025
0 0.3569915254237288 0.3450920245398773 0.023305084745762712 0.03987730061349693
0 0.7192796610169492 0.013803680981595092 0.023305084745762712 0.027607361963190184
1 0.6896186440677966 0.5107361963190185 0.023305084745762712 0.03374233128834356
1 0.4555084745762712 0.4493865030674847 0.025423728813559324 0.03374233128834356
1 0.2701271186440678 0.3282208588957055 0.023305084745762712 0.03680981595092025
1 0.2563559322033898 0.7898773006134969 0.0211864406779661 0.03374233128834356
1 0.9904661016949152 0.9861963190184049 0.014830508474576272 0.027607361963190184
4 0.3686440677966102 0.2837423312883436 0.00847457627118644 0.015337423312883436