3 0.0581140350877193 0.5 0.1118421052631579 0.9936708860759493
2 0.7807017543859649 0.5490506329113924 0.02631578947368421 0.04113924050632911
2 0.5932017543859649 0.5458860759493671 0.02412280701754386 0.03481012658227848
2 0.7719298245614035 0.8465189873417721 0.02631578947368421 0.04113924050632911
2 0.3541666666666667 0.7658227848101266 0.02412280701754386 0.0379746835443038
2 0.4923245614035088 0.6107594936708861 0.02412280701754386 0.0379746835443038
5 0.2708333333333333 0.5949367088607594 0.02412280701754386 0.03164556962025317
0 0.34539473684210525 0.6503164556962026 0.02412280701754386 0.04113924050632911
0 0.7214912280701754 0.9873417721518988 0.02631578947368421 0.0189873417721519
1 0.6896929824561403 0.47943037974683544 0.02412280701754386 0.03481012658227848
1 0.4473684210526316 0.5427215189873418 0.02631578947368421 0.03481012658227848
1 0.25548245614035087 0.6677215189873418 0.02412280701754386 0.0379746835443038
1 0.2412280701754386 0.19145569620253164 0.021929824561403508 0.03481012658227848
4 0.3574561403508772 0.7136075949367089 0.008771929824561403 0.015822784810126583