3 0.9802631578947368 0.5 0.03508771929824561 0.9936708860759493
3 0.03618421052631579 0.9145569620253164 0.06798245614035088 0.16455696202531644
2 0.1787280701754386 0.20569620253164558 0.02850877192982456 0.0379746835443038
2 0.2225877192982456 0.16455696202531644 0.02412280701754386 0.0379746835443038
2 0.15460526315789475 0.25158227848101267 0.02850877192982456 0.04113924050632911
2 0.08771929824561403 0.22151898734177214 0.03070175438596491 0.04430379746835443
2 0.19407894736842105 0.34810126582278483 0.02412280701754386 0.0379746835443038
5 0.16557017543859648 0.14082278481012658 0.02412280701754386 0.03481012658227848
5 0.24451754385964913 0.40031645569620256 0.02412280701754386 0.03481012658227848
0 0.2883771929824561 0.1819620253164557 0.02412280701754386 0.03481012658227848
0 0.19956140350877194 0.1629746835443038 0.021929824561403508 0.03481012658227848
1 0.3081140350877193 0.11392405063291139 0.02412280701754386 0.0379746835443038
1 0.2225877192982456 0.1060126582278481 0.02412280701754386 0.03481012658227848
1 0.15350877192982457 0.11708860759493671 0.021929824561403508 0.03164556962025317
1 0.18201754385964913 0.3069620253164557 0.02631578947368421 0.0379746835443038
1 0.2324561403508772 0.3401898734177215 0.021929824561403508 0.03481012658227848
4 0.21162280701754385 0.13132911392405064 0.010964912280701754 0.015822784810126583
3 0.03179824561403509 0.26582278481012656 0.05921052631578947 0.5253164556962026