3 0.05326086956521739 0.07911392405063292 0.10217391304347827 0.15822784810126583
2 0.2141304347826087 0.7848101265822784 0.02826086956521739 0.0379746835443038
2 0.2576086956521739 0.8259493670886076 0.02391304347826087 0.0379746835443038
2 0.19021739130434784 0.7389240506329114 0.02826086956521739 0.04113924050632911
2 0.12391304347826088 0.7689873417721519 0.030434782608695653 0.04430379746835443
2 0.22934782608695653 0.6424050632911392 0.02391304347826087 0.0379746835443038
5 0.20108695652173914 0.8496835443037974 0.02391304347826087 0.03481012658227848
5 0.2793478260869565 0.5901898734177216 0.02391304347826087 0.03481012658227848
0 0.32282608695652176 0.8085443037974683 0.02391304347826087 0.03481012658227848
0 0.23478260869565218 0.8275316455696202 0.021739130434782608 0.03481012658227848
1 0.3423913043478261 0.8765822784810127 0.02391304347826087 0.0379746835443038
1 0.2576086956521739 0.884493670886076 0.02391304347826087 0.03481012658227848
1 0.1891304347826087 0.8734177215189873 0.021739130434782608 0.03164556962025317
1 0.21739130434782608 0.6835443037974683 0.02608695652173913 0.0379746835443038
1 0.2673913043478261 0.6503164556962026 0.021739130434782608 0.03481012658227848
4 0.2467391304347826 0.8591772151898734 0.010869565217391304 0.015822784810126583
3 0.05 0.7294303797468354 0.09565217391304348 0.5348101265822784