3 0.05630630630630631 0.49836601307189543 0.10810810810810811 0.9967320261437909
2 0.7972972972972973 0.4133986928104575 0.02702702702702703 0.042483660130718956
2 0.6047297297297297 0.4166666666666667 0.024774774774774775 0.03594771241830065
2 0.7882882882882883 0.10620915032679738 0.02702702702702703 0.042483660130718956
2 0.35923423423423423 0.1895424836601307 0.024774774774774775 0.0392156862745098
2 0.5011261261261262 0.34967320261437906 0.024774774774774775 0.0392156862745098
5 0.27364864864864863 0.3660130718954248 0.024774774774774775 0.032679738562091505
0 0.3502252252252252 0.3088235294117647 0.024774774774774775 0.042483660130718956
1 0.7038288288288288 0.4852941176470588 0.024774774774774775 0.03594771241830065
1 0.45495495495495497 0.4199346405228758 0.02702702702702703 0.03594771241830065
1 0.25788288288288286 0.2908496732026144 0.024774774774774775 0.0392156862745098
1 0.24324324324324326 0.7826797385620915 0.02252252252252252 0.03594771241830065
4 0.36261261261261263 0.2434640522875817 0.009009009009009009 0.016339869281045753