3 0.020562770562770564 0.5 0.04112554112554113 0.9937106918238994
3 0.961038961038961 0.9355345911949685 0.07792207792207792 0.12264150943396226
2 0.7694805194805194 0.20125786163522014 0.023809523809523808 0.0440251572327044
2 0.8138528138528138 0.24213836477987422 0.025974025974025976 0.03773584905660377
2 0.8376623376623377 0.2893081761006289 0.030303030303030304 0.0440251572327044
2 0.9025974025974026 0.25943396226415094 0.030303030303030304 0.040880503144654086
2 0.7987012987012987 0.38207547169811323 0.025974025974025976 0.03459119496855346
5 0.7478354978354979 0.43553459119496857 0.023809523809523808 0.03459119496855346
5 0.8257575757575758 0.17767295597484276 0.023809523809523808 0.03459119496855346
0 0.7067099567099567 0.2169811320754717 0.023809523809523808 0.031446540880503145
0 0.7922077922077922 0.19968553459119498 0.021645021645021644 0.03459119496855346
1 0.7716450216450217 0.1430817610062893 0.023809523809523808 0.03459119496855346
1 0.7608225108225108 0.3742138364779874 0.01948051948051948 0.031446540880503145
1 0.8095238095238095 0.3411949685534591 0.025974025974025976 0.03459119496855346
1 0.8387445887445888 0.1540880503144654 0.01948051948051948 0.031446540880503145
1 0.6861471861471862 0.15251572327044025 0.025974025974025976 0.03459119496855346
4 0.7803030303030303 0.16666666666666666 0.010822510822510822 0.012578616352201259
3 0.9632034632034632 0.2830188679245283 0.06926406926406926 0.559748427672956