3 0.9493392070484582 0.07802547770700637 0.09691629955947137 0.15605095541401273
2 0.7455947136563876 0.8375796178343949 0.024229074889867842 0.044585987261146494
2 0.7907488986784141 0.7961783439490446 0.02643171806167401 0.03821656050955414
2 0.8149779735682819 0.7484076433121019 0.030837004405286344 0.044585987261146494
2 0.8810572687224669 0.7786624203821656 0.030837004405286344 0.041401273885350316
2 0.775330396475771 0.6544585987261147 0.02643171806167401 0.03503184713375796
5 0.723568281938326 0.6003184713375797 0.024229074889867842 0.03503184713375796
5 0.802863436123348 0.8614649681528662 0.024229074889867842 0.03503184713375796
0 0.6817180616740088 0.821656050955414 0.024229074889867842 0.03184713375796178
0 0.7687224669603524 0.839171974522293 0.022026431718061675 0.03503184713375796
1 0.7477973568281938 0.8964968152866242 0.024229074889867842 0.03503184713375796
1 0.736784140969163 0.6624203821656051 0.019823788546255508 0.03184713375796178
1 0.7863436123348018 0.695859872611465 0.02643171806167401 0.03503184713375796
1 0.816079295154185 0.8853503184713376 0.019823788546255508 0.03184713375796178
1 0.6607929515418502 0.8869426751592356 0.02643171806167401 0.03503184713375796
4 0.7566079295154186 0.8726114649681529 0.011013215859030838 0.012738853503184714
3 0.9526431718061674 0.7340764331210191 0.09030837004405286 0.5254777070063694