3 0.06224066390041494 0.49849397590361444 0.12033195020746888 0.9969879518072289
2 0.9626556016597511 0.02108433734939759 0.024896265560165973 0.03614457831325301
2 0.35477178423236516 0.24548192771084337 0.024896265560165973 0.0391566265060241
2 0.48443983402489627 0.39156626506024095 0.022821576763485476 0.03614457831325301
2 0.5809128630705395 0.45331325301204817 0.024896265560165973 0.03313253012048193
2 0.3184647302904564 0.6295180722891566 0.022821576763485476 0.03614457831325301
5 0.27593360995850624 0.40512048192771083 0.024896265560165973 0.03313253012048193
5 0.9740663900414938 0.5150602409638554 0.026970954356846474 0.030120481927710843
0 0.34439834024896265 0.3539156626506024 0.02074688796680498 0.03313253012048193
0 0.45228215767634855 0.018072289156626505 0.02074688796680498 0.030120481927710843
1 0.2603734439834025 0.3373493975903614 0.022821576763485476 0.03614457831325301
1 0.44190871369294604 0.45481927710843373 0.024896265560165973 0.03614457831325301
1 0.671161825726141 0.5180722891566265 0.022821576763485476 0.03614457831325301
1 0.24688796680497926 0.7906626506024096 0.02074688796680498 0.03313253012048193
1 0.975103734439834 0.983433734939759 0.029045643153526972 0.02710843373493976
4 0.3558091286307054 0.29668674698795183 0.01037344398340249 0.015060240963855422
3 0.9802904564315352 0.2710843373493976 0.035269709543568464 0.463855421686747
3 0.9865145228215768 0.7560240963855421 0.022821576763485476 0.4457831325301205