3 0.9385416666666667 0.5 0.12291666666666666 0.9939393939393939
2 0.035416666666666666 0.9803030303030303 0.029166666666666667 0.03333333333333333
2 0.64375 0.759090909090909 0.025 0.03939393939393939
2 0.5135416666666667 0.6121212121212121 0.022916666666666665 0.03636363636363636
2 0.4166666666666667 0.55 0.025 0.03333333333333333
2 0.6802083333333333 0.37272727272727274 0.022916666666666665 0.03636363636363636
5 0.7229166666666667 0.5984848484848485 0.025 0.03333333333333333
5 0.021875 0.48787878787878786 0.027083333333333334 0.030303030303030304
0 0.6541666666666667 0.65 0.020833333333333332 0.03333333333333333
0 0.5479166666666667 0.9833333333333333 0.025 0.02727272727272727
1 0.7385416666666667 0.6666666666666666 0.022916666666666665 0.03636363636363636
1 0.55625 0.5484848484848485 0.025 0.03636363636363636
1 0.3260416666666667 0.48484848484848486 0.022916666666666665 0.03636363636363636
1 0.7520833333333333 0.2106060606060606 0.020833333333333332 0.03333333333333333
1 0.020833333333333332 0.016666666666666666 0.029166666666666667 0.02727272727272727
4 0.6427083333333333 0.7075757575757575 0.010416666666666666 0.015151515151515152
3 0.016666666666666666 0.7348484848484849 0.03333333333333333 0.4636363636363636
3 0.010416666666666666 0.24696969696969698 0.020833333333333332 0.44545454545454544