3 0.9864864864864865 0.5 0.02252252252252252 0.9934640522875817
3 0.0259009009009009 0.3758169934640523 0.0472972972972973 0.7450980392156863
3 0.03153153153153153 0.9689542483660131 0.05855855855855856 0.05555555555555555
4 0.20608108108108109 0.09477124183006536 0.01126126126126126 0.0196078431372549
1 0.20382882882882883 0.14052287581699346 0.02027027027027027 0.0392156862745098
1 0.1677927927927928 0.1781045751633987 0.024774774774774775 0.03594771241830065
1 0.17454954954954954 0.07516339869281045 0.02027027027027027 0.032679738562091505
1 0.30180180180180183 0.12908496732026145 0.02252252252252252 0.03594771241830065
1 0.22297297297297297 0.10457516339869281 0.02252252252252252 0.032679738562091505
0 0.28153153153153154 0.19934640522875818 0.02252252252252252 0.032679738562091505
0 0.22747747747747749 0.027777777777777776 0.02252252252252252 0.03594771241830065
5 0.25900900900900903 0.19607843137254902 0.02252252252252252 0.032679738562091505
5 0.1981981981981982 0.06535947712418301 0.02252252252252252 0.032679738562091505
2 0.07545045045045046 0.24019607843137256 0.02927927927927928 0.03594771241830065
2 0.12725225225225226 0.2549019607843137 0.024774774774774775 0.0392156862745098
2 0.2376126126126126 0.26633986928104575 0.02027027027027027 0.029411764705882353
2 0.2286036036036036 0.14215686274509803 0.024774774774774775 0.03594771241830065
2 0.14864864864864866 0.2238562091503268 0.02702702702702703 0.03594771241830065