3 0.9372197309417041 0.37662337662337664 0.1210762331838565 0.7467532467532467
3 0.9338565022421524 0.9691558441558441 0.13228699551569506 0.05519480519480519
4 0.7208520179372198 0.10064935064935066 0.011210762331838564 0.01948051948051948
1 0.7230941704035875 0.1461038961038961 0.020179372197309416 0.03896103896103896
1 0.7589686098654709 0.18344155844155843 0.02466367713004484 0.03571428571428571
1 0.7522421524663677 0.08116883116883117 0.020179372197309416 0.032467532467532464
1 0.625560538116592 0.13474025974025974 0.02242152466367713 0.03571428571428571
1 0.7040358744394619 0.11038961038961038 0.02242152466367713 0.032467532467532464
0 0.6457399103139013 0.20454545454545456 0.02242152466367713 0.032467532467532464
0 0.6995515695067265 0.03409090909090909 0.02242152466367713 0.03571428571428571
5 0.6681614349775785 0.2012987012987013 0.02242152466367713 0.032467532467532464
5 0.7286995515695067 0.07142857142857142 0.02242152466367713 0.032467532467532464
2 0.850896860986547 0.24512987012987014 0.02914798206278027 0.03571428571428571
2 0.7993273542600897 0.2597402597402597 0.02466367713004484 0.03896103896103896
2 0.6894618834080718 0.2711038961038961 0.020179372197309416 0.02922077922077922
2 0.6984304932735426 0.14772727272727273 0.02466367713004484 0.03571428571428571
2 0.7780269058295964 0.2288961038961039 0.026905829596412557 0.03571428571428571