3 0.01569506726457399 0.5 0.03139013452914798 0.9935064935064936
3 0.9708520179372198 0.5 0.05829596412556054 0.9935064935064936
2 0.8295964125560538 0.22727272727272727 0.026905829596412557 0.03896103896103896
2 0.773542600896861 0.21103896103896103 0.026905829596412557 0.03896103896103896
2 0.7544843049327354 0.23376623376623376 0.02466367713004484 0.03896103896103896
2 0.7410313901345291 0.2824675324675325 0.02466367713004484 0.032467532467532464
2 0.7612107623318386 0.1672077922077922 0.02466367713004484 0.03571428571428571
5 0.742152466367713 0.18668831168831168 0.02242152466367713 0.03571428571428571
5 0.6177130044843049 0.11525974025974026 0.02466367713004484 0.03571428571428571
0 0.718609865470852 0.18831168831168832 0.02466367713004484 0.032467532467532464
0 0.8856502242152466 0.23376623376623376 0.026905829596412557 0.03896103896103896
1 0.7623318385650224 0.1185064935064935 0.02242152466367713 0.03571428571428571
1 0.6984304932735426 0.12175324675324675 0.02466367713004484 0.03571428571428571
1 0.6860986547085202 0.09253246753246754 0.02242152466367713 0.03571428571428571
1 0.7858744394618834 0.15584415584415584 0.02466367713004484 0.03896103896103896
1 0.7903587443946188 0.18831168831168832 0.020179372197309416 0.025974025974025976
4 0.7780269058295964 0.12175324675324675 0.008968609865470852 0.016233766233766232