3 0.990506329113924 0.5 0.014767932489451477 0.9939024390243902
3 0.06434599156118144 0.5 0.12447257383966245 0.9939024390243902
2 0.229957805907173 0.24695121951219512 0.02531645569620253 0.036585365853658534
2 0.28270042194092826 0.23170731707317074 0.02531645569620253 0.036585365853658534
2 0.30063291139240506 0.2530487804878049 0.023206751054852322 0.036585365853658534
2 0.31329113924050633 0.29878048780487804 0.023206751054852322 0.03048780487804878
2 0.29430379746835444 0.19054878048780488 0.023206751054852322 0.03353658536585366
5 0.31223628691983124 0.20884146341463414 0.02109704641350211 0.03353658536585366
5 0.4293248945147679 0.14176829268292682 0.023206751054852322 0.03353658536585366
0 0.33438818565400846 0.21036585365853658 0.023206751054852322 0.03048780487804878
0 0.17721518987341772 0.2530487804878049 0.02531645569620253 0.036585365853658534
1 0.29324894514767935 0.1448170731707317 0.02109704641350211 0.03353658536585366
1 0.35337552742616035 0.14786585365853658 0.023206751054852322 0.03353658536585366
1 0.3649789029535865 0.12042682926829268 0.02109704641350211 0.03353658536585366
1 0.27109704641350213 0.1798780487804878 0.023206751054852322 0.036585365853658534
1 0.2668776371308017 0.21036585365853658 0.0189873417721519 0.024390243902439025
4 0.27848101265822783 0.14786585365853658 0.008438818565400843 0.01524390243902439