3 0.9829059829059829 0.5 0.029914529914529916 0.9937888198757764
3 0.05128205128205128 0.5 0.09829059829059829 0.9937888198757764
2 0.20619658119658119 0.16770186335403728 0.023504273504273504 0.031055900621118012
2 0.2564102564102564 0.2577639751552795 0.02564102564102564 0.037267080745341616
2 0.2606837606837607 0.30124223602484473 0.02564102564102564 0.031055900621118012
2 0.21794871794871795 0.3416149068322981 0.02564102564102564 0.031055900621118012
2 0.35149572649572647 0.37111801242236025 0.023504273504273504 0.034161490683229816
5 0.2232905982905983 0.37267080745341613 0.023504273504273504 0.031055900621118012
5 0.29594017094017094 0.19409937888198758 0.023504273504273504 0.034161490683229816
0 0.27884615384615385 0.468944099378882 0.019230769230769232 0.031055900621118012
0 0.38782051282051283 0.40062111801242234 0.023504273504273504 0.031055900621118012
1 0.29594017094017094 0.4472049689440994 0.023504273504273504 0.031055900621118012
1 0.3942307692307692 0.3447204968944099 0.023504273504273504 0.031055900621118012
1 0.3269230769230769 0.36490683229813664 0.021367521367521368 0.027950310559006212
1 0.2948717948717949 0.36490683229813664 0.021367521367521368 0.027950310559006212
1 0.280982905982906 0.23136645962732919 0.023504273504273504 0.034161490683229816
4 0.20192307692307693 0.34937888198757766 0.010683760683760684 0.015527950310559006