3 0.06053811659192825 0.5 0.11659192825112108 0.9935064935064936
2 0.1984304932735426 0.37662337662337664 0.02466367713004484 0.03896103896103896
2 0.26681614349775784 0.6396103896103896 0.02242152466367713 0.03896103896103896
2 0.218609865470852 0.7191558441558441 0.02466367713004484 0.04220779220779221
2 0.28475336322869954 0.7207792207792207 0.026905829596412557 0.045454545454545456
2 0.5964125560538116 0.6655844155844156 0.026905829596412557 0.03896103896103896
5 0.413677130044843 0.5194805194805194 0.020179372197309416 0.032467532467532464
5 0.3991031390134529 0.7873376623376623 0.02242152466367713 0.03571428571428571
0 0.226457399103139 0.6266233766233766 0.02242152466367713 0.03896103896103896
0 0.37668161434977576 0.5292207792207793 0.02242152466367713 0.03896103896103896
1 0.29035874439461884 0.5746753246753247 0.02466367713004484 0.03896103896103896
1 0.19170403587443946 0.4383116883116883 0.02466367713004484 0.03896103896103896
1 0.5426008968609866 0.7451298701298701 0.026905829596412557 0.04220779220779221
1 0.5683856502242153 0.6883116883116883 0.02466367713004484 0.03896103896103896
4 0.32062780269058294 0.5227272727272727 0.008968609865470852 0.012987012987012988
1 0.3015695067264574 0.5081168831168831 0.02466367713004484 0.03571428571428571