3 0.015086206896551725 0.4984375 0.03017241379310345 0.996875
3 0.9525862068965517 0.4984375 0.09051724137931035 0.996875
2 0.7984913793103449 0.83125 0.023706896551724137 0.03125
2 0.7478448275862069 0.740625 0.02586206896551724 0.0375
2 0.7435344827586207 0.696875 0.02586206896551724 0.03125
2 0.7866379310344828 0.65625 0.02586206896551724 0.03125
2 0.6519396551724138 0.6265625 0.023706896551724137 0.034375
5 0.78125 0.625 0.023706896551724137 0.03125
5 0.7079741379310345 0.8046875 0.023706896551724137 0.034375
0 0.7252155172413793 0.528125 0.01939655172413793 0.03125
0 0.615301724137931 0.596875 0.023706896551724137 0.03125
1 0.7079741379310345 0.55 0.023706896551724137 0.03125
1 0.6088362068965517 0.653125 0.023706896551724137 0.03125
1 0.6767241379310345 0.6328125 0.021551724137931036 0.028125
1 0.709051724137931 0.6328125 0.021551724137931036 0.028125
1 0.7230603448275862 0.7671875 0.023706896551724137 0.034375
4 0.802801724137931 0.6484375 0.010775862068965518 0.015625