3 0.9861111111111112 0.5 0.023504273504273504 0.9937888198757764
3 0.05448717948717949 0.5 0.1047008547008547 0.9937888198757764
2 0.2126068376068376 0.16770186335403728 0.023504273504273504 0.031055900621118012
2 0.26282051282051283 0.2577639751552795 0.02564102564102564 0.037267080745341616
2 0.2670940170940171 0.30124223602484473 0.02564102564102564 0.031055900621118012
2 0.22435897435897437 0.3416149068322981 0.02564102564102564 0.031055900621118012
2 0.3579059829059829 0.37111801242236025 0.023504273504273504 0.034161490683229816
5 0.2297008547008547 0.37267080745341613 0.023504273504273504 0.031055900621118012
5 0.30235042735042733 0.19409937888198758 0.023504273504273504 0.034161490683229816
0 0.28525641025641024 0.468944099378882 0.019230769230769232 0.031055900621118012
0 0.3942307692307692 0.40062111801242234 0.023504273504273504 0.031055900621118012
1 0.30235042735042733 0.4472049689440994 0.023504273504273504 0.031055900621118012
1 0.40064102564102566 0.3447204968944099 0.023504273504273504 0.031055900621118012
1 0.3333333333333333 0.36490683229813664 0.021367521367521368 0.027950310559006212
1 0.30128205128205127 0.36490683229813664 0.021367521367521368 0.027950310559006212
1 0.28739316239316237 0.23136645962732919 0.023504273504273504 0.034161490683229816
4 0.20833333333333334 0.34937888198757766 0.010683760683760684 0.015527950310559006