3 0.020562770562770564 0.49842767295597484 0.04112554112554113 0.9968553459119497
3 0.961038961038961 0.4088050314465409 0.0735930735930736 0.8176100628930818
3 0.9632034632034632 0.9166666666666666 0.06926406926406926 0.16037735849056603
4 0.7380952380952381 0.8081761006289309 0.008658008658008658 0.012578616352201259
1 0.6428571428571429 0.8474842767295597 0.021645021645021644 0.03459119496855346
1 0.6915584415584416 0.8427672955974843 0.023809523809523808 0.03773584905660377
1 0.7554112554112554 0.8349056603773585 0.025974025974025976 0.03459119496855346
1 0.7803030303030303 0.839622641509434 0.023809523809523808 0.031446540880503145
1 0.7813852813852814 0.8050314465408805 0.021645021645021644 0.031446540880503145
0 0.6461038961038961 0.6540880503144654 0.01948051948051948 0.031446540880503145
0 0.935064935064935 0.8254716981132075 0.021645021645021644 0.02830188679245283
5 0.6093073593073594 0.8915094339622641 0.023809523809523808 0.03459119496855346
5 0.6623376623376623 0.5911949685534591 0.021645021645021644 0.03773584905660377
2 0.6655844155844156 0.6713836477987422 0.01948051948051948 0.02830188679245283
2 0.7359307359307359 0.7861635220125787 0.025974025974025976 0.031446540880503145
2 0.7727272727272727 0.7405660377358491 0.021645021645021644 0.03459119496855346
2 0.8733766233766234 0.9654088050314465 0.023809523809523808 0.03773584905660377
2 0.7932900432900433 0.7185534591194969 0.023809523809523808 0.03459119496855346