3 0.9904661016949152 0.5 0.014830508474576272 0.9938650306748467
3 0.0614406779661017 0.5950920245398773 0.11864406779661017 0.803680981595092
3 0.05826271186440678 0.08895705521472393 0.11228813559322035 0.17177914110429449
4 0.3008474576271186 0.20245398773006135 0.00847457627118644 0.012269938650306749
1 0.3940677966101695 0.16411042944785276 0.0211864406779661 0.03374233128834356
1 0.3463983050847458 0.1687116564417178 0.023305084745762712 0.03680981595092025
1 0.2838983050847458 0.17638036809815952 0.025423728813559324 0.03374233128834356
1 0.2595338983050847 0.17177914110429449 0.023305084745762712 0.03067484662576687
1 0.2584745762711864 0.20552147239263804 0.0211864406779661 0.03067484662576687
0 0.3908898305084746 0.35276073619631904 0.019067796610169493 0.03067484662576687
0 0.10805084745762712 0.18558282208588958 0.0211864406779661 0.027607361963190184
5 0.4269067796610169 0.12116564417177914 0.023305084745762712 0.03374233128834356
5 0.375 0.41411042944785276 0.0211864406779661 0.03680981595092025
2 0.3718220338983051 0.33588957055214724 0.019067796610169493 0.027607361963190184
2 0.3029661016949153 0.22392638036809817 0.025423728813559324 0.03067484662576687
2 0.2669491525423729 0.2684049079754601 0.0211864406779661 0.03374233128834356
2 0.1684322033898305 0.049079754601226995 0.023305084745762712 0.03680981595092025
2 0.2468220338983051 0.2898773006134969 0.023305084745762712 0.03374233128834356