3 0.9908675799086758 0.23178807947019867 0.0136986301369863 0.46357615894039733
3 0.0319634703196347 0.19370860927152317 0.0593607305936073 0.38741721854304634
2 0.8904109589041096 0.7516556291390728 0.0273972602739726 0.039735099337748346
2 0.795662100456621 0.9354304635761589 0.02511415525114155 0.03642384105960265
2 0.4554794520547945 0.17052980132450332 0.02511415525114155 0.03642384105960265
2 0.3230593607305936 0.12086092715231789 0.02511415525114155 0.03642384105960265
5 0.05136986301369863 0.40066225165562913 0.02511415525114155 0.033112582781456956
5 0.9897260273972602 0.4817880794701987 0.01598173515981735 0.04304635761589404
0 0.3036529680365297 0.2980132450331126 0.0228310502283105 0.033112582781456956
1 0.4063926940639269 0.152317880794702 0.0228310502283105 0.033112582781456956
1 0.4121004566210046 0.41225165562913907 0.02511415525114155 0.03642384105960265
1 0.7648401826484018 0.5529801324503312 0.0228310502283105 0.033112582781456956
1 0.1963470319634703 0.7798013245033113 0.0228310502283105 0.029801324503311258
1 0.9908675799086758 0.9900662251655629 0.0136986301369863 0.019867549668874173
4 0.3401826484018265 0.2682119205298013 0.0091324200913242 0.013245033112582781
3 0.02511415525114155 0.7086092715231788 0.045662100456621 0.5761589403973509