3 0.05752212389380531 0.7724358974358975 0.11061946902654868 0.44871794871794873
2 0.9933628318584071 0.9807692307692307 0.008849557522123894 0.03205128205128205
2 0.9137168141592921 0.1955128205128205 0.02654867256637168 0.038461538461538464
2 0.8207964601769911 0.019230769230769232 0.02654867256637168 0.03205128205128205
2 0.4922566371681416 0.7580128205128205 0.024336283185840708 0.035256410256410256
2 0.3639380530973451 0.8060897435897436 0.024336283185840708 0.035256410256410256
5 0.1006637168141593 0.5352564102564102 0.024336283185840708 0.03205128205128205
0 0.34513274336283184 0.6346153846153846 0.022123893805309734 0.03205128205128205
0 0.461283185840708 0.9823717948717948 0.024336283185840708 0.028846153846153848
1 0.4446902654867257 0.7756410256410257 0.022123893805309734 0.03205128205128205
1 0.4502212389380531 0.5240384615384616 0.024336283185840708 0.035256410256410256
1 0.7920353982300885 0.38782051282051283 0.022123893805309734 0.03205128205128205
1 0.2411504424778761 0.16826923076923078 0.022123893805309734 0.028846153846153848
4 0.3805309734513274 0.6634615384615384 0.008849557522123894 0.01282051282051282
3 0.049778761061946904 0.25961538461538464 0.09513274336283185 0.5128205128205128