3 0.9317180616740088 0.2070063694267516 0.13215859030837004 0.4140127388535032
2 0.4790748898678414 0.1910828025477707 0.024229074889867842 0.03821656050955414
2 0.6101321585903083 0.160828025477707 0.02643171806167401 0.041401273885350316
2 0.06387665198237885 0.767515923566879 0.030837004405286344 0.03821656050955414
5 0.8733480176211453 0.4299363057324841 0.024229074889867842 0.03184713375796178
0 0.6288546255506607 0.3343949044585987 0.024229074889867842 0.03821656050955414
1 0.5275330396475771 0.4729299363057325 0.019823788546255508 0.03503184713375796
1 0.5220264317180616 0.42038216560509556 0.022026431718061675 0.03821656050955414
1 0.18502202643171806 0.5764331210191083 0.022026431718061675 0.03184713375796178
1 0.5341409691629956 0.18789808917197454 0.024229074889867842 0.03184713375796178
4 0.5947136563876652 0.30254777070063693 0.00881057268722467 0.012738853503184714
3 0.9372246696035242 0.6401273885350318 0.1211453744493392 0.37579617834394907
3 0.9372246696035242 0.9299363057324841 0.1211453744493392 0.1337579617834395