3 0.9810126582278481 0.7469512195121951 0.03375527426160337 0.5
3 0.0580168776371308 0.7835365853658537 0.11181434599156118 0.4268292682926829
2 0.4820675105485232 0.7835365853658537 0.023206751054852322 0.036585365853658534
2 0.35654008438818563 0.8125 0.02531645569620253 0.039634146341463415
2 0.9672995780590717 0.9801829268292683 0.03164556962025317 0.03353658536585366
2 0.879746835443038 0.23170731707317074 0.029535864978902954 0.036585365853658534
2 0.9493670886075949 0.03201219512195122 0.016877637130801686 0.021341463414634148
5 0.10443037974683544 0.5548780487804879 0.023206751054852322 0.03048780487804878
5 0.979957805907173 0.48323170731707316 0.027426160337552744 0.03353658536585366
0 0.33860759493670883 0.6463414634146342 0.023206751054852322 0.036585365853658534
0 0.44831223628691985 0.9817073170731707 0.023206751054852322 0.03048780487804878
1 0.4356540084388186 0.5137195121951219 0.0189873417721519 0.03353658536585366
1 0.4409282700421941 0.5640243902439024 0.02109704641350211 0.036585365853658534
1 0.7637130801687764 0.4146341463414634 0.02109704641350211 0.03048780487804878
1 0.9810126582278481 0.013719512195121951 0.029535864978902954 0.021341463414634148
1 0.4293248945147679 0.7865853658536586 0.023206751054852322 0.03048780487804878
4 0.37130801687763715 0.676829268292683 0.008438818565400843 0.012195121951219513
3 0.05168776371308017 0.35365853658536583 0.09915611814345991 0.3597560975609756
3 0.05168776371308017 0.07164634146341463 0.09915611814345991 0.13719512195121952
3 0.9883966244725738 0.24390243902439024 0.0189873417721519 0.4451219512195122