3 0.9363636363636364 0.5740131578947368 0.12727272727272726 0.8453947368421053
2 0.45681818181818185 0.05098684210526316 0.02727272727272727 0.04276315789473684
2 0.6852272727272727 0.19736842105263158 0.025 0.039473684210526314
2 0.7102272727272727 0.25 0.025 0.039473684210526314
2 0.6034090909090909 0.3026315789473684 0.020454545454545454 0.03289473684210526
2 0.7465909090909091 0.29276315789473684 0.029545454545454545 0.039473684210526314
5 0.6068181818181818 0.21710526315789475 0.022727272727272728 0.03289473684210526
5 0.6 0.3848684210526316 0.022727272727272728 0.03289473684210526
0 0.8863636363636364 0.14144736842105263 0.022727272727272728 0.03289473684210526
0 0.5829545454545455 0.31743421052631576 0.025 0.03618421052631579
1 0.740909090909091 0.22039473684210525 0.022727272727272728 0.03289473684210526
1 0.6636363636363637 0.18585526315789475 0.022727272727272728 0.03618421052631579
1 0.6818181818181818 0.15625 0.02727272727272727 0.03618421052631579
1 0.675 0.1118421052631579 0.02727272727272727 0.039473684210526314
1 0.7193181818181819 0.14473684210526316 0.025 0.039473684210526314
4 0.7011363636363637 0.18585526315789475 0.006818181818181818 0.01644736842105263
3 0.9397727272727273 0.0625 0.1159090909090909 0.11842105263157894