3 0.9819915254237288 0.5 0.03177966101694915 1
3 0.05296610169491525 0.3895705521472393 0.1016949152542373 0.7791411042944786
2 0.3548728813559322 0.6395705521472392 0.019067796610169493 0.03374233128834356
2 0.2552966101694915 0.6886503067484663 0.023305084745762712 0.03987730061349693
2 0.274364406779661 0.7315950920245399 0.023305084745762712 0.03987730061349693
2 0.2976694915254237 0.7622699386503068 0.023305084745762712 0.03987730061349693
2 0.22139830508474576 0.647239263803681 0.02754237288135593 0.03680981595092025
5 0.3516949152542373 0.7177914110429447 0.0211864406779661 0.03067484662576687
5 0.3580508474576271 0.5613496932515337 0.0211864406779661 0.03067484662576687
0 0.09004237288135593 0.7883435582822086 0.023305084745762712 0.03067484662576687
0 0.3739406779661017 0.6226993865030674 0.023305084745762712 0.03067484662576687
1 0.23834745762711865 0.7361963190184049 0.02754237288135593 0.03680981595092025
1 0.225635593220339 0.7101226993865031 0.023305084745762712 0.03374233128834356
1 0.274364406779661 0.7699386503067485 0.019067796610169493 0.03067484662576687
1 0.2976694915254237 0.7285276073619632 0.023305084745762712 0.027607361963190184
1 0.11758474576271187 0.9616564417177914 0.019067796610169493 0.027607361963190184
4 0.1038135593220339 0.9677914110429447 0.00847457627118644 0.009202453987730062
3 0.048728813559322036 0.901840490797546 0.09322033898305085 0.1901840490797546