3 0.9902173913043478 0.754746835443038 0.015217391304347827 0.48417721518987344
3 0.05543478260869565 0.7895569620253164 0.10652173913043478 0.41455696202531644
2 0.48586956521739133 0.805379746835443 0.02391304347826087 0.04113924050632911
2 0.3565217391304348 0.8370253164556962 0.02608695652173913 0.04113924050632911
2 0.9760869565217392 0.014240506329113924 0.02608695652173913 0.022151898734177215
2 0.9141304347826087 0.7484177215189873 0.02826086956521739 0.03481012658227848
5 0.0967391304347826 0.569620253164557 0.02391304347826087 0.03164556962025317
5 0.9902173913043478 0.49683544303797467 0.015217391304347827 0.0379746835443038
0 0.6891304347826087 0.6439873417721519 0.021739130434782608 0.03481012658227848
1 0.4315217391304348 0.810126582278481 0.02391304347826087 0.0379746835443038
1 0.43478260869565216 0.43670886075949367 0.021739130434782608 0.0379746835443038
1 0.45 0.38924050632911394 0.021739130434782608 0.0379746835443038
1 0.991304347826087 0.011075949367088608 0.013043478260869565 0.015822784810126583
1 0.991304347826087 0.4620253164556962 0.013043478260869565 0.0379746835443038
4 0.37282608695652175 0.6962025316455697 0.010869565217391304 0.012658227848101266
3 0.04782608695652174 0.27531645569620256 0.09130434782608696 0.5443037974683544