3 0.05726872246696035 0.6130573248407644 0.11013215859030837 0.767515923566879
2 0.3711453744493392 0.37420382165605093 0.019823788546255508 0.03503184713375796
2 0.26762114537444937 0.3232484076433121 0.024229074889867842 0.041401273885350316
2 0.28744493392070486 0.2786624203821656 0.024229074889867842 0.041401273885350316
2 0.31167400881057267 0.24681528662420382 0.024229074889867842 0.041401273885350316
2 0.23237885462555066 0.3662420382165605 0.028634361233480177 0.03821656050955414
5 0.36784140969163 0.2929936305732484 0.022026431718061675 0.03184713375796178
5 0.3744493392070485 0.4554140127388535 0.022026431718061675 0.03184713375796178
0 0.09581497797356828 0.2197452229299363 0.024229074889867842 0.03184713375796178
0 0.3909691629955947 0.39171974522292996 0.024229074889867842 0.03184713375796178
1 0.25 0.27388535031847133 0.028634361233480177 0.03821656050955414
1 0.236784140969163 0.30095541401273884 0.024229074889867842 0.03503184713375796
1 0.28744493392070486 0.23885350318471338 0.019823788546255508 0.03184713375796178
1 0.31167400881057267 0.2818471337579618 0.024229074889867842 0.028662420382165606
1 0.12444933920704845 0.03980891719745223 0.019823788546255508 0.028662420382165606
4 0.11013215859030837 0.03343949044585987 0.00881057268722467 0.009554140127388535
3 0.051762114537444934 0.10191082802547771 0.09911894273127753 0.19745222929936307