3 0.9353448275862069 0.7734375 0.12931034482758622 0.446875
2 0.49461206896551724 0.7703125 0.023706896551724137 0.040625
2 0.6228448275862069 0.8015625 0.02586206896551724 0.040625
2 0.007543103448275862 0.9765625 0.015086206896551725 0.040625
2 0.07004310344827586 0.7140625 0.028017241379310345 0.034375
5 0.8803879310344828 0.5375 0.023706896551724137 0.03125
0 0.29310344827586204 0.6109375 0.021551724137931036 0.034375
0 0.5290948275862069 0.978125 0.01939655172413793 0.03125
1 0.5484913793103449 0.775 0.023706896551724137 0.0375
1 0.5452586206896551 0.40625 0.021551724137931036 0.0375
1 0.5301724137931034 0.359375 0.021551724137931036 0.0375
4 0.6066810344827587 0.6625 0.010775862068965518 0.0125
3 0.9407327586206896 0.259375 0.11422413793103449 0.5125