3 0.9594594594594594 0.5 0.08108108108108109 0.9934640522875817
2 0.793918918918919 0.34967320261437906 0.02927927927927928 0.0392156862745098
2 0.6531531531531531 0.35947712418300654 0.02252252252252252 0.032679738562091505
0 0.6317567567567568 0.3758169934640523 0.024774774774774775 0.032679738562091505
0 0.9335585585585585 0.19934640522875818 0.024774774774774775 0.032679738562091505
1 0.7882882882882883 0.2826797385620915 0.02252252252252252 0.03594771241830065
1 0.7747747747747747 0.2549019607843137 0.02702702702702703 0.0392156862745098
1 0.7128378378378378 0.2630718954248366 0.02027027027027027 0.029411764705882353
1 0.7387387387387387 0.21895424836601307 0.02252252252252252 0.032679738562091505
1 0.9042792792792793 0.016339869281045753 0.02027027027027027 0.026143790849673203
4 0.9155405405405406 0.03594771241830065 0.01126126126126126 0.0196078431372549