3 0.990506329113924 0.5 0.014767932489451477 1
3 0.06329113924050633 0.49847560975609756 0.12236286919831224 0.9969512195121951
2 0.24156118143459915 0.6585365853658537 0.027426160337552744 0.036585365853658534
2 0.37341772151898733 0.649390243902439 0.02109704641350211 0.03048780487804878
0 0.39345991561181437 0.6341463414634146 0.023206751054852322 0.03048780487804878
0 0.11075949367088607 0.7987804878048781 0.023206751054852322 0.03048780487804878
1 0.2468354430379747 0.7210365853658537 0.02109704641350211 0.03353658536585366
1 0.25949367088607594 0.7469512195121951 0.02531645569620253 0.036585365853658534
1 0.31751054852320676 0.739329268292683 0.0189873417721519 0.027439024390243903
1 0.29324894514767935 0.7804878048780488 0.02109704641350211 0.03048780487804878
1 0.13924050632911392 0.9710365853658537 0.016877637130801686 0.027439024390243903
4 0.12763713080168776 0.9512195121951219 0.010548523206751054 0.018292682926829267