3 0.04932735426008968 0.49837662337662336 0.09417040358744394 0.9967532467532467
2 0.22085201793721973 0.6688311688311688 0.02914798206278027 0.03896103896103896
2 0.3609865470852018 0.6590909090909091 0.02242152466367713 0.032467532467532464
0 0.38228699551569506 0.6428571428571429 0.02466367713004484 0.032467532467532464
0 0.08183856502242152 0.8181818181818182 0.02466367713004484 0.032467532467532464
1 0.226457399103139 0.7353896103896104 0.02242152466367713 0.03571428571428571
1 0.2399103139013453 0.762987012987013 0.026905829596412557 0.03896103896103896
1 0.3015695067264574 0.7548701298701299 0.020179372197309416 0.02922077922077922
1 0.2757847533632287 0.7987012987012987 0.02242152466367713 0.032467532467532464
1 0.1109865470852018 0.9918831168831169 0.020179372197309416 0.00974025974025974
4 0.09977578475336323 0.9805194805194806 0.011210762331838564 0.01948051948051948