3 0.06277056277056277 0.49842767295597484 0.12121212121212122 0.9968553459119497
2 0.341991341991342 0.839622641509434 0.025974025974025976 0.03773584905660377
2 0.38311688311688313 0.8191823899371069 0.025974025974025976 0.03459119496855346
2 0.20346320346320346 0.7861635220125787 0.025974025974025976 0.03773584905660377
2 0.27056277056277056 0.8113207547169812 0.025974025974025976 0.03773584905660377
2 0.275974025974026 0.6745283018867925 0.023809523809523808 0.03459119496855346
5 0.3538961038961039 0.7861635220125787 0.023809523809523808 0.031446540880503145
5 0.30844155844155846 0.7877358490566038 0.023809523809523808 0.03459119496855346
0 0.24783549783549783 0.7861635220125787 0.023809523809523808 0.031446540880503145
0 0.1331168831168831 0.9827044025157232 0.023809523809523808 0.02830188679245283
1 0.2846320346320346 0.9182389937106918 0.02813852813852814 0.03773584905660377
1 0.33225108225108224 0.9433962264150944 0.023809523809523808 0.03773584905660377
1 0.28679653679653677 0.7861635220125787 0.01948051948051948 0.031446540880503145
1 0.3354978354978355 0.8081761006289309 0.021645021645021644 0.031446540880503145
1 0.3235930735930736 0.6084905660377359 0.023809523809523808 0.03459119496855346
4 0.12445887445887446 0.970125786163522 0.010822510822510822 0.015723270440251572