3 0.9823651452282157 0.5 0.03112033195020747 0.9939759036144579
3 0.06327800829875518 0.5 0.12240663900414937 0.9939759036144579
2 0.33195020746887965 0.18373493975903615 0.024896265560165973 0.03614457831325301
2 0.37136929460580914 0.2033132530120482 0.024896265560165973 0.03313253012048193
2 0.1991701244813278 0.23493975903614459 0.024896265560165973 0.03614457831325301
2 0.26348547717842324 0.21084337349397592 0.024896265560165973 0.03614457831325301
2 0.26867219917012447 0.34186746987951805 0.022821576763485476 0.03313253012048193
5 0.3433609958506224 0.23493975903614459 0.022821576763485476 0.030120481927710843
5 0.29979253112033194 0.23343373493975902 0.022821576763485476 0.03313253012048193
0 0.241701244813278 0.23493975903614459 0.022821576763485476 0.030120481927710843
0 0.13278008298755187 0.043674698795180725 0.02074688796680498 0.03313253012048193
1 0.2769709543568465 0.10843373493975904 0.026970954356846474 0.03614457831325301
1 0.32261410788381745 0.08433734939759036 0.022821576763485476 0.03614457831325301
1 0.279045643153527 0.23493975903614459 0.01867219917012448 0.030120481927710843
1 0.3257261410788382 0.21385542168674698 0.02074688796680498 0.030120481927710843
1 0.31431535269709543 0.40512048192771083 0.022821576763485476 0.03313253012048193
4 0.12344398340248963 0.058734939759036146 0.01037344398340249 0.015060240963855422