3 0.9830508474576272 0.5 0.029661016949152543 0.9938650306748467
3 0.05508474576271186 0.5 0.1059322033898305 0.9938650306748467
2 0.3601694915254237 0.2469325153374233 0.025423728813559324 0.03987730061349693
2 0.2521186440677966 0.3450920245398773 0.0211864406779661 0.03374233128834356
2 0.1832627118644068 0.2331288343558282 0.02754237288135593 0.03680981595092025
2 0.24046610169491525 0.2392638036809816 0.02754237288135593 0.03680981595092025
2 0.2722457627118644 0.12423312883435583 0.02754237288135593 0.03987730061349693
5 0.2701271186440678 0.3220858895705521 0.023305084745762712 0.03067484662576687
5 0.2870762711864407 0.23159509202453987 0.023305084745762712 0.03374233128834356
0 0.20021186440677965 0.26226993865030673 0.023305084745762712 0.03374233128834356
0 0.11016949152542373 0.06901840490797546 0.0211864406779661 0.03374233128834356
1 0.1663135593220339 0.018404907975460124 0.023305084745762712 0.03067484662576687
1 0.2552966101694915 0.08588957055214724 0.023305084745762712 0.03680981595092025
1 0.2669491525423729 0.25 0.0211864406779661 0.03374233128834356
1 0.3019067796610169 0.40644171779141103 0.023305084745762712 0.03374233128834356
1 0.2510593220338983 0.21012269938650308 0.023305084745762712 0.03374233128834356
4 0.11970338983050847 0.05521472392638037 0.01059322033898305 0.012269938650306749