3 0.01859504132231405 0.27694610778443113 0.0371900826446281 0.45808383233532934
3 0.9369834710743802 0.49850299401197606 0.12190082644628099 0.9970059880239521
2 0.5134297520661157 0.22904191616766467 0.022727272727272728 0.038922155688622756
2 0.6363636363636364 0.19910179640718562 0.024793388429752067 0.038922155688622756
2 0.05371900826446281 0.08233532934131736 0.028925619834710745 0.038922155688622756
2 0.03925619834710744 0.029940119760479042 0.024793388429752067 0.03592814371257485
2 0.047520661157024795 0.9805389221556886 0.024793388429752067 0.03293413173652695
5 0.48760330578512395 0.5419161676646707 0.02066115702479339 0.029940119760479042
5 0.025826446280991736 0.5194610778443114 0.026859504132231406 0.03293413173652695
0 0.3202479338842975 0.38173652694610777 0.024793388429752067 0.038922155688622756
0 0.5475206611570248 0.02844311377245509 0.02066115702479339 0.03293413173652695
1 0.5619834710743802 0.5763473053892215 0.024793388429752067 0.038922155688622756
1 0.5464876033057852 0.6212574850299402 0.022727272727272728 0.038922155688622756
1 0.5640495867768595 0.2245508982035928 0.02066115702479339 0.03592814371257485
1 0.025826446280991736 0.5508982035928144 0.022727272727272728 0.029940119760479042
1 0.023760330578512397 0.9850299401197605 0.030991735537190084 0.023952095808383235
4 0.621900826446281 0.3323353293413174 0.008264462809917356 0.011976047904191617
3 0.013429752066115703 0.7724550898203593 0.026859504132231406 0.41317365269461076