3 0.014380530973451327 0.4983974358974359 0.028761061946902654 0.9967948717948718
3 0.963495575221239 0.4983974358974359 0.06858407079646017 0.9967948717948718
2 0.6637168141592921 0.8092948717948718 0.02654867256637168 0.041666666666666664
2 0.7765486725663717 0.7067307692307693 0.022123893805309734 0.035256410256410256
2 0.8484513274336283 0.8237179487179487 0.028761061946902654 0.038461538461538464
2 0.7887168141592921 0.8173076923076923 0.028761061946902654 0.038461538461538464
2 0.7555309734513275 0.9375 0.028761061946902654 0.041666666666666664
5 0.7577433628318584 0.7307692307692307 0.024336283185840708 0.03205128205128205
5 0.7400442477876106 0.8253205128205128 0.024336283185840708 0.035256410256410256
0 0.8307522123893806 0.7932692307692307 0.024336283185840708 0.035256410256410256
0 0.9258849557522124 0.9871794871794872 0.024336283185840708 0.019230769230769232
1 0.7732300884955752 0.9775641025641025 0.024336283185840708 0.038461538461538464
1 0.7610619469026548 0.8060897435897436 0.022123893805309734 0.035256410256410256
1 0.7245575221238938 0.6426282051282052 0.024336283185840708 0.035256410256410256
1 0.7776548672566371 0.8477564102564102 0.024336283185840708 0.035256410256410256