3 0.019230769230769232 0.2515527950310559 0.038461538461538464 0.4720496894409938
3 0.9529914529914529 0.4984472049689441 0.08974358974358974 0.9968944099378882
2 0.5331196581196581 0.20341614906832298 0.023504273504273504 0.040372670807453416
2 0.6602564102564102 0.17236024844720496 0.02564102564102564 0.040372670807453416
2 0.057692307692307696 0.05124223602484472 0.029914529914529916 0.040372670807453416
2 0.0438034188034188 0.009316770186335404 0.027777777777777776 0.018633540372670808
2 0.05128205128205128 0.9813664596273292 0.02564102564102564 0.031055900621118012
5 0.5064102564102564 0.5279503105590062 0.021367521367521368 0.031055900621118012
5 0.028846153846153848 0.5046583850931677 0.027777777777777776 0.034161490683229816
0 0.3333333333333333 0.36180124223602483 0.02564102564102564 0.040372670807453416
0 0.5694444444444444 0.007763975155279503 0.023504273504273504 0.015527950310559006
1 0.5833333333333334 0.5636645962732919 0.02564102564102564 0.040372670807453416
1 0.5673076923076923 0.610248447204969 0.023504273504273504 0.040372670807453416
1 0.5854700854700855 0.19875776397515527 0.021367521367521368 0.037267080745341616
1 0.028846153846153848 0.5372670807453416 0.023504273504273504 0.031055900621118012
1 0.026709401709401708 0.9860248447204969 0.03205128205128205 0.021739130434782608
4 0.6452991452991453 0.3105590062111801 0.008547008547008548 0.012422360248447204
3 0.013888888888888888 0.765527950310559 0.027777777777777776 0.4254658385093168