3 0.023230088495575223 0.5 0.046460176991150445 0.9935897435897436
3 0.9723451327433629 0.5 0.05530973451327434 0.9935897435897436
2 0.6128318584070797 0.23717948717948717 0.02654867256637168 0.038461538461538464
2 0.6792035398230089 0.20833333333333334 0.02654867256637168 0.038461538461538464
2 0.7511061946902655 0.38301282051282054 0.024336283185840708 0.035256410256410256
2 0.7676991150442478 0.1794871794871795 0.02654867256637168 0.038461538461538464
2 0.8252212389380531 0.21634615384615385 0.02654867256637168 0.041666666666666664
5 0.6261061946902655 0.36217948717948717 0.022123893805309734 0.03205128205128205
5 0.7013274336283186 0.4198717948717949 0.022123893805309734 0.03205128205128205
0 0.6869469026548672 0.3814102564102564 0.024336283185840708 0.03205128205128205
0 0.8506637168141593 0.2676282051282051 0.024336283185840708 0.035256410256410256
1 0.7400442477876106 0.41185897435897434 0.024336283185840708 0.035256410256410256
1 0.6039823008849557 0.3685897435897436 0.022123893805309734 0.03205128205128205
1 0.7477876106194691 0.1987179487179487 0.022123893805309734 0.03205128205128205
1 0.793141592920354 0.20352564102564102 0.024336283185840708 0.041666666666666664
1 0.8772123893805309 0.24358974358974358 0.024336283185840708 0.038461538461538464
4 0.8650442477876106 0.2724358974358974 0.008849557522123894 0.01282051282051282