3 0.9822916666666667 0.5 0.03125 1
3 0.06041666666666667 0.4984848484848485 0.11666666666666667 0.996969696969697
2 0.43125 0.7575757575757576 0.025 0.03636363636363636
2 0.36875 0.7848484848484848 0.025 0.03636363636363636
2 0.30104166666666665 0.6196969696969697 0.022916666666666665 0.03333333333333333
2 0.28541666666666665 0.8121212121212121 0.025 0.03636363636363636
2 0.23125 0.7772727272727272 0.025 0.03939393939393939
5 0.41875 0.6393939393939394 0.020833333333333332 0.030303030303030304
5 0.34791666666666665 0.5848484848484848 0.020833333333333332 0.030303030303030304
0 0.3614583333333333 0.6212121212121212 0.022916666666666665 0.030303030303030304
0 0.20729166666666668 0.7287878787878788 0.022916666666666665 0.03333333333333333
1 0.31145833333333334 0.5924242424242424 0.022916666666666665 0.03333333333333333
1 0.4395833333333333 0.6333333333333333 0.020833333333333332 0.030303030303030304
1 0.30416666666666664 0.793939393939394 0.020833333333333332 0.030303030303030304
1 0.26145833333333335 0.7893939393939394 0.022916666666666665 0.03939393939393939
1 0.18229166666666666 0.7515151515151515 0.022916666666666665 0.03636363636363636
4 0.19375 0.7242424242424242 0.008333333333333333 0.012121212121212121