3 0.9935897435897436 0.5 0.008547008547008548 1
3 0.060897435897435896 0.040372670807453416 0.11752136752136752 0.08074534161490683
2 0.44017094017094016 0.7795031055900621 0.021367521367521368 0.037267080745341616
2 0.3472222222222222 0.9021739130434783 0.023504273504273504 0.034161490683229816
2 0.37606837606837606 0.8074534161490683 0.02564102564102564 0.037267080745341616
2 0.28952991452991456 0.8338509316770186 0.023504273504273504 0.040372670807453416
2 0.21901709401709402 0.7779503105590062 0.027777777777777776 0.034161490683229816
5 0.37072649572649574 0.6940993788819876 0.023504273504273504 0.034161490683229816
5 0.1111111111111111 0.6692546583850931 0.02564102564102564 0.034161490683229816
0 0.24893162393162394 0.7577639751552795 0.019230769230769232 0.031055900621118012
0 0.344017094017094 0.687888198757764 0.021367521367521368 0.034161490683229816
1 0.35363247863247865 0.7453416149068323 0.023504273504273504 0.031055900621118012
1 0.35149572649572647 0.7934782608695652 0.019230769230769232 0.027950310559006212
1 0.28952991452991456 0.7608695652173914 0.027777777777777776 0.037267080745341616
1 0.2670940170940171 0.7872670807453416 0.021367521367521368 0.034161490683229816
1 0.30982905982905984 0.8152173913043478 0.021367521367521368 0.034161490683229816
4 0.23824786324786323 0.7670807453416149 0.00641025641025641 0.012422360248447204
3 0.057692307692307696 0.7282608695652174 0.1111111111111111 0.5372670807453416