3 0.01406926406926407 0.49842767295597484 0.02813852813852814 0.9968553459119497
3 0.9534632034632035 0.031446540880503145 0.08874458874458875 0.06289308176100629
2 0.5844155844155844 0.7704402515723271 0.021645021645021644 0.03773584905660377
2 0.6785714285714286 0.8946540880503144 0.023809523809523808 0.03459119496855346
2 0.6493506493506493 0.7987421383647799 0.025974025974025976 0.03773584905660377
2 0.737012987012987 0.8254716981132075 0.023809523809523808 0.040880503144654086
2 0.8084415584415584 0.7688679245283019 0.02813852813852814 0.03459119496855346
5 0.6547619047619048 0.6839622641509434 0.023809523809523808 0.03459119496855346
5 0.9177489177489178 0.6588050314465409 0.025974025974025976 0.03459119496855346
0 0.7781385281385281 0.7484276729559748 0.01948051948051948 0.031446540880503145
0 0.6818181818181818 0.6776729559748428 0.021645021645021644 0.03459119496855346
1 0.672077922077922 0.7358490566037735 0.023809523809523808 0.031446540880503145
1 0.6742424242424242 0.7845911949685535 0.01948051948051948 0.02830188679245283
1 0.737012987012987 0.7515723270440252 0.02813852813852814 0.03773584905660377
1 0.7597402597402597 0.7783018867924528 0.021645021645021644 0.03459119496855346
1 0.7164502164502164 0.8066037735849056 0.021645021645021644 0.03459119496855346
4 0.788961038961039 0.7578616352201258 0.006493506493506494 0.012578616352201259
3 0.9567099567099567 0.7216981132075472 0.08225108225108226 0.550314465408805