3 0.019406392694063926 0.49834437086092714 0.03881278538812785 0.9966887417218543
2 0.7248858447488584 0.8923841059602649 0.02511415525114155 0.04304635761589404
2 0.7853881278538812 0.8195364238410596 0.0273972602739726 0.04304635761589404
2 0.83675799086758 0.7731788079470199 0.02968036529680365 0.03642384105960265
2 0.6255707762557078 0.7599337748344371 0.0273972602739726 0.04304635761589404
2 0.6929223744292238 0.7913907284768212 0.02968036529680365 0.046357615894039736
5 0.6997716894977168 0.6721854304635762 0.02511415525114155 0.039735099337748346
5 0.9771689497716894 0.6440397350993378 0.0273972602739726 0.03642384105960265
0 0.8287671232876712 0.7384105960264901 0.0228310502283105 0.033112582781456956
0 0.728310502283105 0.6655629139072847 0.0273972602739726 0.039735099337748346
1 0.7648401826484018 0.8013245033112583 0.0228310502283105 0.033112582781456956
1 0.7226027397260274 0.7764900662251656 0.02511415525114155 0.03642384105960265
1 0.7853881278538812 0.7417218543046358 0.0273972602739726 0.039735099337748346
1 0.8105022831050228 0.7698675496688742 0.0273972602739726 0.03642384105960265
1 0.7191780821917808 0.7268211920529801 0.0273972602739726 0.03642384105960265
4 0.841324200913242 0.7466887417218543 0.00684931506849315 0.016556291390728478