3 0.021645021645021644 0.5 0.04329004329004329 0.9937106918238994
3 0.961038961038961 0.5 0.07792207792207792 0.9937106918238994
2 0.8116883116883117 0.15723270440251572 0.021645021645021644 0.031446540880503145
2 0.7619047619047619 0.24842767295597484 0.025974025974025976 0.03773584905660377
2 0.7586580086580087 0.29245283018867924 0.023809523809523808 0.031446540880503145
2 0.801948051948052 0.3333333333333333 0.023809523809523808 0.031446540880503145
2 0.6655844155844156 0.3632075471698113 0.023809523809523808 0.03459119496855346
5 0.7954545454545454 0.36792452830188677 0.023809523809523808 0.031446540880503145
5 0.7218614718614719 0.18396226415094338 0.023809523809523808 0.03459119496855346
0 0.6287878787878788 0.3946540880503145 0.023809523809523808 0.02830188679245283
0 0.7380952380952381 0.46226415094339623 0.021645021645021644 0.031446540880503145
1 0.7207792207792207 0.4418238993710692 0.025974025974025976 0.03459119496855346
1 0.6212121212121212 0.3380503144654088 0.025974025974025976 0.03459119496855346
1 0.6893939393939394 0.3553459119496855 0.023809523809523808 0.031446540880503145
1 0.7229437229437229 0.3553459119496855 0.021645021645021644 0.031446540880503145
1 0.7359307359307359 0.22169811320754718 0.025974025974025976 0.03459119496855346
4 0.8170995670995671 0.3411949685534591 0.010822510822510822 0.015723270440251572