3 0.01970954356846473 0.49849397590361444 0.03941908713692946 0.9969879518072289
3 0.9346473029045643 0.49849397590361444 0.12655601659751037 0.9969879518072289
2 0.1566390041493776 0.3328313253012048 0.026970954356846474 0.0391566265060241
2 0.7157676348547718 0.28463855421686746 0.024896265560165973 0.0391566265060241
2 0.7780082987551867 0.28463855421686746 0.024896265560165973 0.0391566265060241
2 0.7634854771784232 0.24397590361445784 0.024896265560165973 0.03614457831325301
2 0.6141078838174274 0.1716867469879518 0.024896265560165973 0.03614457831325301
5 0.5923236514522822 0.48042168674698793 0.022821576763485476 0.03313253012048193
5 0.6109958506224067 0.21987951807228914 0.022821576763485476 0.030120481927710843
0 0.7697095435684648 0.3704819277108434 0.02074688796680498 0.03614457831325301
0 0.5103734439834025 0.28313253012048195 0.02074688796680498 0.03614457831325301
1 0.475103734439834 0.25903614457831325 0.024896265560165973 0.03614457831325301
1 0.6307053941908713 0.2605421686746988 0.02074688796680498 0.03313253012048193
1 0.6784232365145229 0.2575301204819277 0.02074688796680498 0.03313253012048193
1 0.2946058091286307 0.21234939759036145 0.02074688796680498 0.0391566265060241
1 0.5031120331950207 0.20783132530120482 0.022821576763485476 0.03614457831325301
4 0.520746887966805 0.25903614457831325 0.008298755186721992 0.012048192771084338