3 0.9932432432432432 0.5 0.009009009009009009 0.9934640522875817
3 0.038288288288288286 0.5 0.07207207207207207 0.9934640522875817
2 0.18693693693693694 0.14705882352941177 0.02252252252252252 0.032679738562091505
2 0.23873873873873874 0.24183006535947713 0.02702702702702703 0.0392156862745098
2 0.24211711711711711 0.2875816993464052 0.024774774774774775 0.032679738562091505
2 0.19707207207207209 0.3300653594771242 0.024774774774774775 0.032679738562091505
2 0.33896396396396394 0.3611111111111111 0.024774774774774775 0.03594771241830065
5 0.20382882882882883 0.3660130718954248 0.024774774774774775 0.032679738562091505
5 0.28040540540540543 0.17483660130718953 0.024774774774774775 0.03594771241830065
0 0.37725225225225223 0.3937908496732026 0.024774774774774775 0.029411764705882353
0 0.2635135135135135 0.46405228758169936 0.02252252252252252 0.032679738562091505
1 0.28153153153153154 0.44281045751633985 0.02702702702702703 0.03594771241830065
1 0.38513513513513514 0.3349673202614379 0.02702702702702703 0.03594771241830065
1 0.3141891891891892 0.35294117647058826 0.024774774774774775 0.032679738562091505
1 0.27927927927927926 0.35294117647058826 0.02252252252252252 0.032679738562091505
1 0.26576576576576577 0.21405228758169934 0.02702702702702703 0.03594771241830065
4 0.18130630630630631 0.3382352941176471 0.01126126126126126 0.016339869281045753