3 0.9891774891774892 0.5 0.017316017316017316 0.9937106918238994
3 0.05844155844155844 0.5 0.11255411255411256 0.9937106918238994
2 0.8582251082251082 0.6871069182389937 0.02813852813852814 0.040880503144654086
2 0.2748917748917749 0.7374213836477987 0.025974025974025976 0.040880503144654086
2 0.20995670995670995 0.7374213836477987 0.025974025974025976 0.040880503144654086
2 0.22510822510822512 0.779874213836478 0.025974025974025976 0.03773584905660377
2 0.38095238095238093 0.8553459119496856 0.025974025974025976 0.03773584905660377
5 0.4036796536796537 0.5330188679245284 0.023809523809523808 0.03459119496855346
5 0.3841991341991342 0.8050314465408805 0.023809523809523808 0.031446540880503145
0 0.21861471861471862 0.6477987421383647 0.021645021645021644 0.03773584905660377
0 0.48917748917748916 0.7389937106918238 0.021645021645021644 0.03773584905660377
1 0.525974025974026 0.7641509433962265 0.025974025974025976 0.03773584905660377
1 0.36363636363636365 0.7625786163522013 0.021645021645021644 0.03459119496855346
1 0.31385281385281383 0.7657232704402516 0.021645021645021644 0.03459119496855346
1 0.7142857142857143 0.8128930817610063 0.021645021645021644 0.040880503144654086
1 0.4967532467532468 0.8176100628930818 0.023809523809523808 0.03773584905660377
4 0.47835497835497837 0.7641509433962265 0.008658008658008658 0.012578616352201259