3 0.9787234042553191 0.5 0.03829787234042553 0.9938271604938271
3 0.04893617021276596 0.5 0.09361702127659574 0.9938271604938271
2 0.20212765957446807 0.1882716049382716 0.02127659574468085 0.030864197530864196
2 0.251063829787234 0.2777777777777778 0.02553191489361702 0.037037037037037035
2 0.2542553191489362 0.32098765432098764 0.023404255319148935 0.030864197530864196
2 0.21170212765957447 0.3611111111111111 0.023404255319148935 0.030864197530864196
2 0.34574468085106386 0.3904320987654321 0.023404255319148935 0.033950617283950615
5 0.21808510638297873 0.3950617283950617 0.023404255319148935 0.030864197530864196
5 0.2904255319148936 0.21450617283950618 0.023404255319148935 0.033950617283950615
0 0.3819148936170213 0.4212962962962963 0.023404255319148935 0.027777777777777776
0 0.274468085106383 0.4876543209876543 0.02127659574468085 0.030864197530864196
1 0.29148936170212764 0.4675925925925926 0.02553191489361702 0.033950617283950615
1 0.3893617021276596 0.36574074074074076 0.02553191489361702 0.033950617283950615
1 0.3223404255319149 0.38271604938271603 0.023404255319148935 0.030864197530864196
1 0.28936170212765955 0.38271604938271603 0.02127659574468085 0.030864197530864196
1 0.2765957446808511 0.2515432098765432 0.02553191489361702 0.033950617283950615
4 0.19680851063829788 0.36882716049382713 0.010638297872340425 0.015432098765432098